======================
   8      16 sdb 1478948 4 377555294 270934776 670594 2349836 421704816 155082766 33 5625812 426013378
======================
   8      16 sdb 1479070 4 377556270 270941835 672844 2349836 423122800 155507340 148 5630523 426466160
======================
   8      16 sdb 1479077 4 377556326 270943203 675389 2349862 424719768 156115199 134 5635526 427071970
======================
   8      16 sdb 1479083 4 377556374 270944686 677911 2349880 426305496 156669352 46 5640527 427619182
======================
   8      16 sdb 1479090 4 377556430 270946820 680433 2349897 427891216 157225225 143 5645530 428174729
======================
   8      16 sdb 1479095 4 377556470 270948223 682919 2349915 429455296 157806124 1 5650534 428749400
======================
   8      16 sdb 1479103 4 377556534 270950861 685469 2349932 431058176 158298456 134 5655539 429261330
======================
   8      16 sdb 1479109 4 377556582 270952719 688005 2349950 432652480 158852848 157 5660540 429808865
======================
   8      16 sdb 1479116 4 377556638 270954158 690542 2349965 434249552 159432381 130 5665542 430400750
======================
   8      16 sdb 1479122 4 377556686 270955868 693063 2349984 435833256 159985658 129 5670545 430956577
======================
   8      16 sdb 1479128 4 377556734 270957800 695401 2350001 437304144 160528103 1 5675548 431480700
======================
   8      16 sdb 1479135 4 377556790 270959658 698095 2350019 438997024 161077248 143 5680550 432051182
======================
   8      16 sdb 1479141 4 377556838 270961251 700627 2350037 440589024 161652093 145 5685554 432628519
======================
   8      16 sdb 1479148 4 377556894 270963063 703143 2350052 442172656 162190645 128 5690555 433168266
======================
   8      16 sdb 1479154 4 377556942 270964943 705679 2350069 443767208 162731983 120 5695556 433711410
======================
   8      16 sdb 1479161 4 377556998 270966956 708192 2350087 445347304 163253136 109 5700558 434233595
======================
   8      16 sdb 1479167 4 377557046 270968737 710718 2350104 446934824 163795997 86 5705561 434776279
======================
   8      16 sdb 1479174 4 377557102 270970598 713262 2350122 448534880 164349337 139 5710564 435328675
======================
   8      16 sdb 1479180 4 377557150 270972397 715768 2350139 450111752 164902189 37 5715567 435877910
======================
   8      16 sdb 1479186 4 377557198 270973931 718302 2350157 451705032 165480717 5 5720569 436450564
======================
   8      16 sdb 1479194 4 377557262 270976080 720813 2350175 453283592 166006129 154 5725572 436985941
======================
   8      16 sdb 1479200 4 377557310 270977819 723306 2350190 454851752 166565016 149 5730574 437538481
======================
   8      16 sdb 1479206 4 377557358 270979498 725848 2350208 456450528 167118218 143 5735578 438113293
======================
   8      16 sdb 1479212 4 377557406 270981226 728286 2350226 457983136 167677478 1 5740581 438653498
======================
   8      16 sdb 1479218 4 377557454 270982773 730788 2350244 459556192 168260077 1 5745583 439237622
======================
   8      16 sdb 1479225 4 377557510 270984884 733239 2350262 461097752 168775919 51 5750583 439767651
======================
   8      16 sdb 1479231 4 377557558 270986747 735715 2350277 462655032 169320607 76 5755586 440318545
======================
   8      16 sdb 1479237 4 377557606 270988596 738208 2350295 464222584 169892726 85 5760589 440892309
======================
   8      16 sdb 1479244 4 377557662 270990665 740652 2350313 465759032 170420754 143 5765592 441425995
======================
   8      16 sdb 1479250 4 377557710 270992240 743155 2350328 467334600 170982653 139 5770594 441989366
======================
   8      16 sdb 1479257 4 377557766 270994169 745625 2350346 468888064 171514794 148 5775597 442522588
======================
   8      16 sdb 1479263 4 377557814 270995631 748121 2350364 470456016 172099889 132 5780600 443110210
======================
   8      16 sdb 1479269 4 377557862 270997257 750605 2350382 472017808 172661428 147 5785602 443673451
======================
   8      16 sdb 1479276 4 377557918 270999200 753068 2350400 473566792 173184140 151 5790605 444199220
======================
   8      16 sdb 1479282 4 377557966 271000770 755561 2350416 475135592 173756224 129 5795606 444771128
======================
   8      16 sdb 1479289 4 377558022 271002863 758035 2350434 476691616 174281093 141 5800609 445283545
======================
   8      16 sdb 1479295 4 377558070 271004411 760522 2350451 478254432 174846551 136 5805611 445865352
======================
   8      16 sdb 1479301 4 377558118 271006082 762998 2350466 479812976 175418196 150 5810614 446439238
======================
   8      16 sdb 1479308 4 377558174 271008101 765456 2350487 481357776 175972711 151 5815615 446995130
======================
   8      16 sdb 1479313 4 377558214 271009482 767866 2350504 482873344 176559200 1 5820617 447563307
======================
   8      16 sdb 1479319 4 377558262 271011354 770356 2350523 484438224 177104313 1 5825618 448110211
======================
   8      16 sdb 1479326 4 377558318 271013596 772790 2350541 485968024 177612503 83 5830620 448637064
======================
   8      16 sdb 1479332 4 377558366 271015129 775248 2350557 487514424 178196474 125 5835623 449227551
======================
   8      16 sdb 1479339 4 377558422 271016921 777696 2350576 489053440 178765705 155 5840625 449797790
======================
   8      16 sdb 1479345 4 377558470 271018352 780146 2350594 490593728 179348774 147 5845627 450380563
======================
   8      16 sdb 1479351 4 377558518 271020306 782622 2350609 492152400 179891802 131 5850630 450919979
======================
   8      16 sdb 1479358 4 377558574 271022491 785032 2350629 493668120 180397110 154 5855633 451434787
======================
   8      16 sdb 1479364 4 377558622 271024152 787509 2350645 495224152 180994941 129 5860636 452016941
======================
   8      16 sdb 1479370 4 377558670 271026143 789939 2350664 496751272 181517047 29 5865638 452544615
======================
   8      16 sdb 1479376 4 377558718 271027722 792405 2350677 498304032 182077794 61 5870640 453114065
======================
   8      16 sdb 1479382 4 377558766 271029610 794857 2350698 499844992 182619520 112 5875642 453662828
======================
   8      16 sdb 1479389 4 377558822 271031339 797225 2350717 501335944 183202704 142 5880645 454250399
======================
   8      16 sdb 1479395 4 377558870 271033011 799650 2350735 502857488 183794267 136 5885649 454841788
======================
   8      16 sdb 1479402 4 377558926 271034827 802031 2350750 504354992 184374358 92 5890652 455411277
======================
   8      16 sdb 1479407 4 377558966 271036407 804434 2350764 505867952 184943186 84 5895655 455991196
======================
   8      16 sdb 1479413 4 377559014 271038196 806820 2350782 507368048 185517962 156 5900656 456570991
======================
   8      16 sdb 1479420 4 377559070 271040296 809198 2350801 508862776 186053701 146 5905660 457100934
======================
   8      16 sdb 1479425 4 377559110 271041842 811588 2350805 510365192 186641480 20 5910663 457683052
======================
   8      16 sdb 1479431 4 377559158 271043833 814011 2350822 511889208 187191054 111 5915665 458248469
======================
   8      16 sdb 1479438 4 377559214 271045920 816393 2350840 513387752 187731399 131 5920667 458791668
======================
   8      16 sdb 1479444 4 377559262 271047931 818790 2350859 514894008 188270691 128 5925669 459334928
======================
   8      16 sdb 1479450 4 377559310 271049804 821177 2350877 516394744 188821995 34 5930672 459874906
======================
   8      16 sdb 1479456 4 377559358 271051749 823568 2350892 517898264 189380642 131 5935673 460446786
======================
   8      16 sdb 1479462 4 377559406 271053674 825987 2350911 519419104 189941685 143 5940676 461009444
======================
   8      16 sdb 1479469 4 377559462 271055836 828312 2350929 520880672 190490536 155 5945678 461550222
======================
   8      16 sdb 1479474 4 377559502 271057413 830728 2350948 522398832 191047265 75 5950681 462114823
======================
   8      16 sdb 1479481 4 377559558 271059547 833079 2350965 523877408 191588424 138 5955683 462645363
======================
   8      16 sdb 1479487 4 377559606 271061356 835471 2350980 525381696 192114391 155 5960685 463184986
======================
   8      16 sdb 1479493 4 377559654 271063066 837862 2350999 526884368 192670870 136 5965687 463737868
======================
   8      16 sdb 1479499 4 377559702 271065159 840216 2351017 528364616 193155691 158 5970690 464236454
======================
   8      16 sdb 1479505 4 377559750 271066933 842618 2351032 529875432 193731186 128 5975692 464807877
======================
   8      16 sdb 1479511 4 377559798 271068568 844994 2351050 531369000 194314590 128 5980694 465386158
======================
   8      16 sdb 1479517 4 377559846 271070002 847371 2351068 532862072 194860056 113 5985696 465944260
======================
   8      16 sdb 1479523 4 377559894 271071755 849704 2351083 534330376 195430987 143 5990700 466520369
======================
   8      16 sdb 1479530 4 377559950 271073844 852025 2351102 535789392 195950008 54 5995702 467029316
======================
   8      16 sdb 1479535 4 377559990 271074985 854348 2351117 537249024 196542424 132 6000703 467632954
======================
   8      16 sdb 1479541 4 377560038 271076840 856703 2351136 538728784 197105403 140 6005705 468188715
======================
   8      16 sdb 1479547 4 377560086 271078660 859030 2351154 540192264 197645653 117 6010708 468738618
======================
   8      16 sdb 1479553 4 377560134 271080377 861366 2351170 541661992 198217175 148 6015712 469312647
======================
   8      16 sdb 1479558 4 377560174 271081730 863714 2351189 543137400 198827263 33 6020715 469911307
======================
   8      16 sdb 1479565 4 377560230 271083505 866030 2351204 544595688 199370259 143 6025717 470469091
======================
   8      16 sdb 1479571 4 377560278 271085299 868348 2351220 546051520 199947792 141 6030720 471027492
======================
   8      16 sdb 1479577 4 377560326 271086907 870692 2351240 547526904 200485109 143 6035723 471587295
======================
   8      16 sdb 1479583 4 377560374 271088542 873029 2351257 548993360 201059443 157 6040724 472150619
======================
   8      16 sdb 1479588 4 377560414 271090074 875291 2351274 550416000 201637884 132 6045726 472744274
======================
   8      16 sdb 1479595 4 377560470 271092005 877550 2351287 551838328 202176952 152 6050727 473273982
======================
   8      16 sdb 1479600 4 377560510 271093377 879836 2351309 553273960 202775520 150 6055730 473884354
======================
   8      16 sdb 1479605 4 377560550 271094702 882093 2351322 554693112 203357935 1 6060732 474446711
======================
   8      16 sdb 1479611 4 377560598 271096965 884078 2351341 555938520 203776283 0 6065049 474866918
started
======================
   8      16 sdb 1481002 4 377882336 271299715 884084 2351341 555938568 203776284 64 6068439 475076588
======================
   8      16 sdb 1482470 4 378257888 271621308 884087 2351345 555938624 203776284 64 6073473 475398806
======================
   8      16 sdb 1484239 4 378710752 271943112 884087 2351345 555938624 203776284 64 6078476 475718828
======================
   8      16 sdb 1486063 4 379177696 272263109 884087 2351345 555938624 203776284 64 6083479 476038863
======================
   8      16 sdb 1487974 4 379666912 272583125 884087 2351345 555938624 203776284 64 6088482 476358910
======================
   8      16 sdb 1489857 4 380148960 272903389 884087 2351345 555938624 203776284 64 6093485 476678967
======================
   8      16 sdb 1491712 4 380623840 273222657 884087 2351345 555938624 203776284 64 6098489 476999073
======================
   8      16 sdb 1493573 4 381100256 273543131 884087 2351345 555938624 203776284 64 6103492 477319077
======================
   8      16 sdb 1495453 4 381581280 273863514 884089 2351347 555938656 203776284 64 6108495 477639261
======================
   8      16 sdb 1497478 4 382099680 274183758 884089 2351347 555938656 203776284 64 6113498 477959278
======================
   8      16 sdb 1499201 4 382540000 274503698 884089 2351347 555938656 203776284 64 6118501 478279827
======================
   8      16 sdb 1500986 4 382989792 274828995 884089 2351347 555938656 203776284 64 6123505 478604577
======================
   8      16 sdb 1502875 4 383473376 275148812 884089 2351347 555938656 203776284 64 6128508 478924619
======================
   8      16 sdb 1504812 4 383969248 275469039 884089 2351347 555938656 203776284 64 6133511 479244625
======================
   8      16 sdb 1506692 4 384450272 275789202 884089 2351347 555938656 203776284 64 6138514 479564789
======================
   8      16 sdb 1508494 4 384911584 276109636 884089 2351347 555938656 203776284 64 6143517 479884828
======================
   8      16 sdb 1510295 4 385372640 276429190 884089 2351347 555938656 203776284 64 6148520 480204891
======================
   8      16 sdb 1512070 4 385827040 276749240 884089 2351347 555938656 203776284 64 6153526 480525123
======================
   8      16 sdb 1513793 4 386268128 277069606 884089 2351347 555938656 203776284 64 6158530 480845250
======================
   8      16 sdb 1515632 4 386738912 277389855 884089 2351347 555938656 203776284 64 6163533 481165291
======================
   8      16 sdb 1517548 4 387228896 277710473 884089 2351347 555938656 203776284 65 6168536 481485740
======================
   8      16 sdb 1519458 4 387713760 278032421 884089 2351347 555938656 203776284 64 6173539 481808184
======================
   8      16 sdb 1521301 4 388181984 278354908 884089 2351347 555938656 203776284 64 6178542 482130480
======================
   8      16 sdb 1523252 4 388681440 278674734 884089 2351347 555938656 203776284 64 6183545 482450356
======================
   8      16 sdb 1525185 4 389176288 278994871 884089 2351347 555938656 203776284 64 6188549 482770471
======================
   8      16 sdb 1527131 4 389673952 279315310 884089 2351347 555938656 203776284 64 6193553 483090910
======================
   8      16 sdb 1529004 4 390153440 279635345 884089 2351347 555938656 203776284 64 6198556 483410907
======================
   8      16 sdb 1530932 4 390647008 279955524 884089 2351347 555938656 203776284 64 6203559 483730907
======================
   8      16 sdb 1532871 4 391143392 280275827 884089 2351347 555938656 203776284 64 6208563 484051007
======================
   8      16 sdb 1534871 4 391655392 280595863 884089 2351347 555938656 203776284 64 6213566 484371039
======================
   8      16 sdb 1536762 4 392138976 280915494 884089 2351347 555938656 203776284 64 6218569 484691526
======================
   8      16 sdb 1538666 4 392625120 281235843 884089 2351347 555938656 203776284 67 6223572 485012412
======================
   8      16 sdb 1540605 4 393117664 281559253 884089 2351347 555938656 203776284 64 6228575 485334541
======================
   8      16 sdb 1542493 4 393598432 281880483 884089 2351347 555938656 203776284 64 6233578 485655937
======================
   8      16 sdb 1544362 4 394076640 282200955 884089 2351347 555938656 203776284 64 6238582 485976174
======================
   8      16 sdb 1546191 4 394544608 282520702 884089 2351347 555938656 203776284 64 6243585 486296383
======================
   8      16 sdb 1548075 4 395026912 282840198 884089 2351347 555938656 203776284 64 6248589 486616473
======================
   8      16 sdb 1549866 4 395485408 283161236 884089 2351347 555938656 203776284 64 6253592 486936523
======================
   8      16 sdb 1551743 4 395965920 283480729 884089 2351347 555938656 203776284 64 6258595 487256560
======================
   8      16 sdb 1553633 4 396449760 283801198 884089 2351347 555938656 203776284 64 6263598 487576601
======================
   8      16 sdb 1555520 4 396932320 284121778 884089 2351347 555938656 203776284 64 6268601 487896994
======================
   8      16 sdb 1557355 4 397399776 284442833 884089 2351347 555938656 203776284 64 6273604 488218385
======================
   8      16 sdb 1559137 4 397854432 284764273 884089 2351347 555938656 203776284 63 6278607 488539407
======================
   8      16 sdb 1560974 4 398323680 285083975 884089 2351347 555938656 203776284 64 6283610 488860116
======================
   8      16 sdb 1562832 4 398796768 285405783 884089 2351347 555938656 203776284 64 6288614 489181691
======================
   8      16 sdb 1564657 4 399263968 285726349 884089 2351347 555938656 203776284 64 6293617 489501723
======================
   8      16 sdb 1566541 4 399746272 286046591 884089 2351347 555938656 203776284 63 6298620 489821746
======================
   8      16 sdb 1568453 4 400235744 286366394 884089 2351347 555938656 203776284 63 6303623 490141817
======================
   8      16 sdb 1570318 4 400713184 286685875 884089 2351347 555938656 203776284 64 6308626 490461866
======================
   8      16 sdb 1572122 4 401175008 287005696 884089 2351347 555938656 203776284 64 6313629 490781835
======================
   8      16 sdb 1573879 4 401624800 287326766 884089 2351347 555938656 203776284 64 6318632 491101878
======================
   8      16 sdb 1575700 4 402090208 287647192 884089 2351347 555938656 203776284 64 6323636 491422594
======================
   8      16 sdb 1577577 4 402569440 287968463 884089 2351347 555938656 203776284 65 6328639 491743543
======================
   8      16 sdb 1579492 4 403057120 288288917 884089 2351347 555938656 203776284 64 6333643 492065032
======================
   8      16 sdb 1581327 4 403525472 288610363 884089 2351347 555938656 203776284 64 6338646 492385898
======================
   8      16 sdb 1583260 4 404018144 288931498 884089 2351347 555938656 203776284 64 6343649 492707099
======================
   8      16 sdb 1585179 4 404509408 289251918 884089 2351347 555938656 203776284 64 6348652 493027128
======================
   8      16 sdb 1587104 4 405002208 289571817 884089 2351347 555938656 203776284 64 6353655 493347167
======================
   8      16 sdb 1588853 4 405449952 289891363 884089 2351347 555938656 203776284 64 6358658 493667209
======================
   8      16 sdb 1590665 4 405913568 290211976 884089 2351347 555938656 203776284 64 6363662 493987504
======================
   8      16 sdb 1592572 4 406401504 290532362 884089 2351347 555938656 203776284 64 6368665 494307723
======================
   8      16 sdb 1594376 4 406862560 290853000 884089 2351347 555938656 203776284 64 6373668 494628428
======================
   8      16 sdb 1596270 4 407345760 291172935 884089 2351347 555938656 203776284 64 6378671 494949557
======================
   8      16 sdb 1598105 4 407813600 291494238 884089 2351347 555938656 203776284 64 6383674 495270598
======================
   8      16 sdb 1599825 4 408253920 291814829 884089 2351347 555938656 203776284 64 6388678 495590705
======================
   8      16 sdb 1601732 4 408739808 292136756 884089 2351347 555938656 203776284 64 6393681 495912079
======================
   8      16 sdb 1603703 4 409243104 292457218 884089 2351347 555938656 203776284 64 6398684 496232777
======================
   8      16 sdb 1605608 4 409730528 292777377 884089 2351347 555938656 203776284 64 6403687 496552912
======================
   8      16 sdb 1607502 4 410215392 293098176 884089 2351347 555938656 203776284 64 6408691 496873029
======================
   8      16 sdb 1609389 4 410698208 293417987 884089 2351347 555938656 203776284 64 6413695 497193330
======================
   8      16 sdb 1611273 4 411180512 293737904 884089 2351347 555938656 203776284 64 6418699 497513447
======================
   8      16 sdb 1613151 4 411660512 294058081 884089 2351347 555938656 203776284 64 6423702 497833850
======================
   8      16 sdb 1614998 4 412133344 294378487 884089 2351347 555938656 203776284 64 6428705 498153896
======================
   8      16 sdb 1616927 4 412625376 294699555 884089 2351347 555938656 203776284 64 6433708 498474926
======================
   8      16 sdb 1618841 4 413113568 295020732 884089 2351347 555938656 203776284 64 6438711 498795888
======================
   8      16 sdb 1620696 4 413588192 295340438 884089 2351347 555938656 203776284 64 6443715 499116175
======================
   8      16 sdb 1622548 4 414061024 295661929 884089 2351347 555938656 203776284 65 6448718 499437163
======================
   8      16 sdb 1624490 4 414557152 295982728 884089 2351347 555938656 203776284 64 6453721 499757736
======================
   8      16 sdb 1626388 4 415043040 296302364 884089 2351347 555938656 203776284 64 6458724 500077776
======================
   8      16 sdb 1628284 4 415528416 296622029 884089 2351347 555938656 203776284 64 6463727 500397792
======================
   8      16 sdb 1630086 4 415989728 296942720 884089 2351347 555938656 203776284 64 6468730 500717857
======================
   8      16 sdb 1631989 4 416476384 297262972 884089 2351347 555938656 203776284 64 6473734 501038308
======================
   8      16 sdb 1633978 4 416985568 297583590 884089 2351347 555938656 203776284 63 6478737 501358344
======================
   8      16 sdb 1635715 4 417430240 297903007 884089 2351347 555938656 203776284 64 6483740 501678429
======================
   8      16 sdb 1637433 4 417869792 298223243 884089 2351347 555938656 203776284 64 6488744 501998782
======================
   8      16 sdb 1639219 4 418327008 298542508 884089 2351347 555938656 203776284 64 6493747 502318816
======================
   8      16 sdb 1641000 4 418782944 298862631 884089 2351347 555938656 203776284 64 6498751 502638915
======================
   8      16 sdb 1642694 4 419216608 299183045 884089 2351347 555938656 203776284 64 6503754 502958928
======================
   8      16 sdb 1644468 4 419670752 299503537 884089 2351347 555938656 203776284 64 6508758 503278976
======================
   8      16 sdb 1646372 4 420158176 299823114 884089 2351347 555938656 203776284 64 6513761 503599018
======================
   8      16 sdb 1648299 4 420651488 300143710 884089 2351347 555938656 203776284 64 6518764 503919047
======================
   8      16 sdb 1650217 4 421142496 300463399 884089 2351347 555938656 203776284 64 6523767 504239095
======================
   8      16 sdb 1652108 4 421626592 300784387 884089 2351347 555938656 203776284 64 6528770 504559143
======================
   8      16 sdb 1653991 4 422108384 301104206 884089 2351347 555938656 203776284 64 6533773 504879345
======================
   8      16 sdb 1655911 4 422599648 301423991 884089 2351347 555938656 203776284 64 6538776 505199524
======================
   8      16 sdb 1657766 4 423074528 301743677 884089 2351347 555938656 203776284 64 6543779 505519562
======================
   8      16 sdb 1659535 4 423527392 302063307 884089 2351347 555938656 203776284 64 6548783 505839681
======================
   8      16 sdb 1661376 4 423998688 302384203 884089 2351347 555938656 203776284 64 6553786 506159711
======================
   8      16 sdb 1663285 4 424487392 302704781 884089 2351347 555938656 203776284 64 6558789 506479766
======================
   8      16 sdb 1665177 4 424971744 303024326 884089 2351347 555938656 203776284 64 6563792 506799813
======================
   8      16 sdb 1666985 4 425434592 303344877 884089 2351347 555938656 203776284 64 6568795 507119838
======================
   8      16 sdb 1668837 4 425908704 303664244 884089 2351347 555938656 203776284 64 6573798 507439886
======================
   8      16 sdb 1670752 4 426398944 303984783 884089 2351347 555938656 203776284 64 6578802 507759970
======================
   8      16 sdb 1672628 4 426879200 304304921 884089 2351347 555938656 203776284 64 6583805 508080041
======================
   8      16 sdb 1674441 4 427343072 304625071 884089 2351347 555938656 203776284 64 6588809 508400269
======================
   8      16 sdb 1676297 4 427818208 304945484 884089 2351347 555938656 203776284 64 6593812 508720231
======================
   8      16 sdb 1678190 4 428302816 305263034 884089 2351347 555938656 203776284 64 6598816 509040318
======================
   8      16 sdb 1680043 4 428777184 305584833 884089 2351347 555938656 203776284 64 6603819 509360359
======================
   8      16 sdb 1681962 4 429268448 305905548 884089 2351347 555938656 203776284 64 6608823 509680434
======================
   8      16 sdb 1683786 4 429735392 306225522 884089 2351347 555938656 203776284 64 6613826 510000474
======================
   8      16 sdb 1685632 4 430207968 306545616 884089 2351347 555938656 203776284 64 6618829 510320517
======================
   8      16 sdb 1687521 4 430691296 306865585 884089 2351347 555938656 203776284 64 6623832 510640699
======================
   8      16 sdb 1689344 4 431157728 307185273 884089 2351347 555938656 203776284 64 6628835 510960867
======================
   8      16 sdb 1691200 4 431632864 307506232 884089 2351347 555938656 203776284 64 6633838 511280897
======================
   8      16 sdb 1693053 4 432107232 307825456 884089 2351347 555938656 203776284 64 6638842 511600999
======================
   8      16 sdb 1694892 4 432578016 308145149 884089 2351347 555938656 203776284 64 6643845 511921049
======================
   8      16 sdb 1696750 4 433053664 308465759 884089 2351347 555938656 203776284 64 6648848 512241087
======================
   8      16 sdb 1698589 4 433524448 308784729 884089 2351347 555938656 203776284 64 6653851 512561138
======================
   8      16 sdb 1700474 4 434007008 309106267 884089 2351347 555938656 203776284 64 6658854 512881194
======================
   8      16 sdb 1702406 4 434501344 309426628 884089 2351347 555938656 203776284 64 6663857 513201373
======================
   8      16 sdb 1704234 4 434969312 309746166 884089 2351347 555938656 203776284 64 6668863 513521624
======================
   8      16 sdb 1706106 4 435448544 310066541 884089 2351347 555938656 203776284 64 6673866 513841675
======================
   8      16 sdb 1708036 4 435942624 310386851 884089 2351347 555938656 203776284 64 6678876 514162149
======================
   8      16 sdb 1709923 4 436425696 310707152 884089 2351347 555938656 203776284 64 6683879 514482179
======================
   8      16 sdb 1711769 4 436898272 311027177 884089 2351347 555938656 203776284 64 6688882 514802223
======================
   8      16 sdb 1713649 4 437379552 311347005 884089 2351347 555938656 203776284 63 6693886 515122335
======================
   8      16 sdb 1715532 4 437861600 311666626 884089 2351347 555938656 203776284 64 6698889 515442362
======================
   8      16 sdb 1717378 4 438333920 311987616 884089 2351347 555938656 203776284 64 6703893 515762570
======================
   8      16 sdb 1719161 4 438790112 312306889 884089 2351347 555938656 203776284 64 6708897 516082905
======================
   8      16 sdb 1720999 4 439260640 312627860 884089 2351347 555938656 203776284 64 6713900 516402966
======================
   8      16 sdb 1722906 4 439748832 312947862 884089 2351347 555938656 203776284 64 6718903 516722980
======================
   8      16 sdb 1724723 4 440213984 313267171 884089 2351347 555938656 203776284 64 6723906 517042990
======================
   8      16 sdb 1726446 4 440655072 313587254 884089 2351347 555938656 203776284 64 6728910 517363068
======================
   8      16 sdb 1728238 4 441113824 313907468 884089 2351347 555938656 203776284 64 6733913 517683127
======================
   8      16 sdb 1730030 4 441572576 314227447 884089 2351347 555938656 203776284 64 6738916 518003163
======================
   8      16 sdb 1731873 4 442044384 314548196 884089 2351347 555938656 203776284 64 6743920 518323239
======================
   8      16 sdb 1733785 4 442533856 314867956 884089 2351347 555938656 203776284 64 6748923 518643280
======================
   8      16 sdb 1735729 4 443031520 315187968 884089 2351347 555938656 203776284 64 6753926 518963319
======================
   8      16 sdb 1737649 4 443523040 315508109 884089 2351347 555938656 203776284 65 6758930 519283561
======================
   8      16 sdb 1739463 4 443987168 315827958 884089 2351347 555938656 203776284 64 6763933 519603650
======================
   8      16 sdb 1741235 4 444440800 316147939 884089 2351347 555938656 203776284 64 6768936 519923720
======================
   8      16 sdb 1743023 4 444898528 316468398 884089 2351347 555938656 203776284 64 6773939 520243764
======================
   8      16 sdb 1744940 4 445389280 316788988 884089 2351347 555938656 203776284 64 6778943 520563700
======================
   8      16 sdb 1746815 4 445869280 317107935 884089 2351347 555938656 203776284 64 6783946 520883744
======================
   8      16 sdb 1748683 4 446347488 317427355 884089 2351347 555938656 203776284 64 6788949 521203777
======================
   8      16 sdb 1750543 4 446823392 317748363 884089 2351347 555938656 203776284 64 6793952 521523924
======================
   8      16 sdb 1752198 4 447247072 318068583 884089 2351347 555938656 203776284 64 6798955 521844006
======================
   8      16 sdb 1754002 4 447708640 318389218 884089 2351347 555938656 203776284 64 6803958 522164114
======================
   8      16 sdb 1755903 4 448195296 318709424 884089 2351347 555938656 203776284 64 6808961 522484120
======================
   8      16 sdb 1757781 4 448676064 319029079 884089 2351347 555938656 203776284 64 6813964 522804159
======================
   8      16 sdb 1759585 4 449137888 319348926 884089 2351347 555938656 203776284 64 6818967 523124228
======================
   8      16 sdb 1761416 4 449606624 319668792 884089 2351347 555938656 203776284 64 6823970 523444283
======================
   8      16 sdb 1763324 4 450095072 319989309 884089 2351347 555938656 203776284 64 6828974 523764395
======================
   8      16 sdb 1765189 4 450572256 320309129 884089 2351347 555938656 203776284 64 6833977 524084588
======================
   8      16 sdb 1767086 4 451057888 320628540 884089 2351347 555938656 203776284 64 6838981 524404681
======================
   8      16 sdb 1768888 4 451519200 320949121 884089 2351347 555938656 203776284 64 6843984 524724725
======================
   8      16 sdb 1770734 4 451991776 321268860 884089 2351347 555938656 203776284 64 6848988 525044822
======================
   8      16 sdb 1772609 4 452471776 321590674 884089 2351347 555938656 203776284 64 6853991 525364902
======================
   8      16 sdb 1774509 4 452958176 321909859 884089 2351347 555938656 203776284 64 6858994 525684905
======================
   8      16 sdb 1776350 4 453429472 322229937 884089 2351347 555938656 203776284 64 6863998 526005032
======================
   8      16 sdb 1778158 4 453892320 322549524 884089 2351347 555938656 203776284 64 6869001 526325041
======================
   8      16 sdb 1779978 4 454358240 322869383 884089 2351347 555938656 203776284 64 6874004 526645053
======================
   8      16 sdb 1781842 4 454835424 323189558 884089 2351347 555938656 203776284 64 6879007 526965107
======================
   8      16 sdb 1783692 4 455308768 323509450 884089 2351347 555938656 203776284 64 6884010 527285275
======================
   8      16 sdb 1785551 4 455784672 323830662 884089 2351347 555938656 203776284 64 6889014 527605355
======================
   8      16 sdb 1787320 4 456237280 324149946 884089 2351347 555938656 203776284 64 6894018 527925650
======================
   8      16 sdb 1789016 4 456671456 324469941 884089 2351347 555938656 203776284 64 6899021 528245704
======================
   8      16 sdb 1790788 4 457125088 324790258 884089 2351347 555938656 203776284 63 6904024 528565767
======================
   8      16 sdb 1792690 4 457612000 325110158 884089 2351347 555938656 203776284 64 6909027 528885767
======================
   8      16 sdb 1794563 4 458091488 325431188 884089 2351347 555938656 203776284 64 6914030 529205788
======================
   8      16 sdb 1796345 4 458547680 325751016 884089 2351347 555938656 203776284 64 6919033 529525831
======================
   8      16 sdb 1798242 4 459033312 326070809 884089 2351347 555938656 203776284 63 6924036 529845863
======================
   8      16 sdb 1800082 4 459504352 326391126 884089 2351347 555938656 203776284 64 6929040 530165997
======================
   8      16 sdb 1801901 4 459970016 326710620 884089 2351347 555938656 203776284 64 6934045 530486164
======================
   8      16 sdb 1803748 4 460442848 327031145 884089 2351347 555938656 203776284 64 6939049 530806254
======================
   8      16 sdb 1805620 4 460922080 327350857 884089 2351347 555938656 203776284 64 6944052 531126276
======================
   8      16 sdb 1807429 4 461385184 327670791 884089 2351347 555938656 203776284 64 6949056 531446383
======================
   8      16 sdb 1809277 4 461858272 327991572 884089 2351347 555938656 203776284 64 6954059 531766407
======================
   8      16 sdb 1811156 4 462339296 328310784 884089 2351347 555938656 203776284 64 6959062 532086406
======================
   8      16 sdb 1813068 4 462828768 328631243 884089 2351347 555938656 203776284 64 6964065 532406449
======================
   8      16 sdb 1814930 4 463305440 328951639 884089 2351347 555938656 203776284 64 6969068 532726426
======================
   8      16 sdb 1816752 4 463771616 329271036 884089 2351347 555938656 203776284 64 6974071 533046644
======================
   8      16 sdb 1818642 4 464255456 329592328 884089 2351347 555938656 203776284 64 6979074 533366690
======================
   8      16 sdb 1820456 4 464719840 329911728 884089 2351347 555938656 203776284 64 6984078 533686778
======================
   8      16 sdb 1822278 4 465186016 330231968 884089 2351347 555938656 203776284 64 6989081 534006985
======================
   8      16 sdb 1824137 4 465661920 330551352 884089 2351347 555938656 203776284 64 6994084 534327032
======================
   8      16 sdb 1825966 4 466130144 330871303 884089 2351347 555938656 203776284 64 6999088 534647137
======================
   8      16 sdb 1827872 4 466618080 331192552 884089 2351347 555938656 203776284 64 7004091 534967212
======================
   8      16 sdb 1829870 4 467129568 331510470 884089 2351347 555938656 203776284 64 7009094 535287238
======================
   8      16 sdb 1831741 4 467608544 331830870 884089 2351347 555938656 203776284 64 7014097 535607273
======================
   8      16 sdb 1833576 4 468078304 332152152 884089 2351347 555938656 203776284 64 7019101 535927366
======================
   8      16 sdb 1835412 4 468548320 332472307 884089 2351347 555938656 203776284 64 7024104 536247398
======================
   8      16 sdb 1837327 4 469038560 332790846 884089 2351347 555938656 203776284 64 7029108 536567496
======================
   8      16 sdb 1839152 4 469505760 333112478 884089 2351347 555938656 203776284 64 7034112 536887598
======================
   8      16 sdb 1841001 4 469979104 333433212 884089 2351347 555938656 203776284 64 7039115 537207642
======================
   8      16 sdb 1842825 4 470446048 333752455 884089 2351347 555938656 203776284 64 7044119 537527748
======================
   8      16 sdb 1844595 4 470899168 334072564 884089 2351347 555938656 203776284 64 7049122 537847765
======================
   8      16 sdb 1846561 4 471402464 334392567 884089 2351347 555938656 203776284 64 7054126 538167861
======================
   8      16 sdb 1848461 4 471888608 334713063 884089 2351347 555938656 203776284 64 7059129 538488138
======================
   8      16 sdb 1850269 4 472351456 335031858 884089 2351347 555938656 203776284 64 7064132 538808189
======================
   8      16 sdb 1852110 4 472822752 335352979 884089 2351347 555938656 203776284 64 7069136 539128303
======================
   8      16 sdb 1853949 4 473293536 335672807 884089 2351347 555938656 203776284 64 7074139 539448336
======================
   8      16 sdb 1855765 4 473758432 335993300 884089 2351347 555938656 203776284 64 7079142 539768401
======================
   8      16 sdb 1857517 4 474206688 336313068 884089 2351347 555938656 203776284 63 7084146 540088691
======================
   8      16 sdb 1859234 4 474646240 336633251 884089 2351347 555938656 203776284 64 7089149 540408736
======================
   8      16 sdb 1860932 4 475080928 336954032 884089 2351347 555938656 203776284 64 7094152 540728796
======================
   8      16 sdb 1862806 4 475560672 337273418 884089 2351347 555938656 203776284 64 7099155 541048824
======================
   8      16 sdb 1864665 4 476035552 337594494 884089 2351347 555938656 203776284 64 7104159 541369530
======================
   8      16 sdb 1866520 4 476508896 337915020 884089 2351347 555938656 203776284 64 7109162 541690447
======================
   8      16 sdb 1868314 4 476967136 338235854 884089 2351347 555938656 203776284 64 7114166 542011190
======================
   8      16 sdb 1870154 4 477437664 338556336 884089 2351347 555938656 203776284 64 7119169 542331379
======================
   8      16 sdb 1872048 4 477921760 338876539 884089 2351347 555938656 203776284 64 7124172 542651892
======================
   8      16 sdb 1873908 4 478397664 339197269 884089 2351347 555938656 203776284 64 7129176 542972123
======================
   8      16 sdb 1875756 4 478870752 339516707 884089 2351347 555938656 203776284 64 7134179 543292182
======================
   8      16 sdb 1877607 4 479344096 339837616 884089 2351347 555938656 203776284 64 7139182 543612556
======================
   8      16 sdb 1879543 4 479839712 340157074 884089 2351347 555938656 203776284 64 7144185 543932600
======================
   8      16 sdb 1881398 4 480313824 340477927 884089 2351347 555938656 203776284 64 7149188 544253123
======================
   8      16 sdb 1883139 4 480759520 340798338 884089 2351347 555938656 203776284 64 7154192 544573249
======================
   8      16 sdb 1884961 4 481224672 341119663 884089 2351347 555938656 203776284 64 7159195 544893990
======================
   8      16 sdb 1886827 4 481700320 341439511 884089 2351347 555938656 203776284 64 7164199 545215262
======================
   8      16 sdb 1888679 4 482172896 341760844 884089 2351347 555938656 203776284 64 7169202 545536161
======================
   8      16 sdb 1890525 4 482644704 342082164 884089 2351347 555938656 203776284 64 7174205 545856669
======================
   8      16 sdb 1892412 4 483127008 342401626 884089 2351347 555938656 203776284 64 7179209 546177302
======================
   8      16 sdb 1894351 4 483623136 342722489 884089 2351347 555938656 203776284 64 7184212 546497318
======================
   8      16 sdb 1896172 4 484088800 343042667 884089 2351347 555938656 203776284 64 7189216 546817772
======================
   8      16 sdb 1897952 4 484544480 343362494 884089 2351347 555938656 203776284 64 7194219 547137817
======================
   8      16 sdb 1899650 4 484978656 343682374 884089 2351347 555938656 203776284 64 7199222 547458298
======================
   8      16 sdb 1901413 4 485429728 344003433 884089 2351347 555938656 203776284 64 7204226 547778562
======================
   8      16 sdb 1903188 4 485883616 344323738 884089 2351347 555938656 203776284 64 7209229 548098890
======================
   8      16 sdb 1904991 4 486344160 344644102 884089 2351347 555938656 203776284 64 7214233 548419583
======================
   8      16 sdb 1906852 4 486818272 344965076 884089 2351347 555938656 203776284 64 7219236 548741028
======================
   8      16 sdb 1908697 4 487289312 345286498 884089 2351347 555938656 203776284 64 7224239 549061825
======================
   8      16 sdb 1910542 4 487760352 345607420 884089 2351347 555938656 203776284 64 7229242 549382690
======================
   8      16 sdb 1912387 4 488232160 345927851 884089 2351347 555938656 203776284 64 7234245 549702974
======================
   8      16 sdb 1914309 4 488723936 346248517 884089 2351347 555938656 203776284 65 7239249 550023276
======================
   8      16 sdb 1916229 4 489215200 346568375 884089 2351347 555938656 203776284 64 7244252 550343420
======================
   8      16 sdb 1918030 4 489676000 346888927 884089 2351347 555938656 203776284 64 7249256 550663648
======================
   8      16 sdb 1919862 4 490144480 347208799 884089 2351347 555938656 203776284 65 7254259 550984006
======================
   8      16 sdb 1921780 4 490635232 347528923 884089 2351347 555938656 203776284 64 7259262 551304145
======================
   8      16 sdb 1923532 4 491083232 347849532 884089 2351347 555938656 203776284 64 7264266 551624528
======================
   8      16 sdb 1925386 4 491556320 348170887 884089 2351347 555938656 203776284 64 7269270 551945537
======================
   8      16 sdb 1927173 4 492012512 348491312 884089 2351347 555938656 203776284 65 7274274 552266625
======================
   8      16 sdb 1929109 4 492506848 348812750 884089 2351347 555938656 203776284 65 7279278 552587524
======================
   8      16 sdb 1931043 4 493000160 349133377 884089 2351347 555938656 203776284 64 7284281 552908554
======================
   8      16 sdb 1932891 4 493472480 349454717 884089 2351347 555938656 203776284 64 7289285 553229099
======================
   8      16 sdb 1934865 4 493977568 349774797 884089 2351347 555938656 203776284 64 7294288 553549253
======================
   8      16 sdb 1936738 4 494456800 350094082 884089 2351347 555938656 203776284 64 7299292 553869475
======================
   8      16 sdb 1938623 4 494939104 350415033 884089 2351347 555938656 203776284 64 7304295 554189712
======================
   8      16 sdb 1940614 4 495448544 350735658 884089 2351347 555938656 203776284 64 7309298 554509884
======================
   8      16 sdb 1942429 4 495912160 351055733 884089 2351347 555938656 203776284 64 7314302 554830610
======================
   8      16 sdb 1944277 4 496384736 351376290 884089 2351347 555938656 203776284 64 7319305 555150950
======================
   8      16 sdb 1946069 4 496841952 351697024 884089 2351347 555938656 203776284 64 7324309 555471933
======================
   8      16 sdb 1947860 4 497298784 352017936 884089 2351347 555938656 203776284 64 7329312 555792996
======================
   8      16 sdb 1949655 4 497757408 352337825 884089 2351347 555938656 203776284 64 7334316 556113546
======================
   8      16 sdb 1951550 4 498240992 352659331 884089 2351347 555938656 203776284 64 7339319 556434492
======================
   8      16 sdb 1953398 4 498713568 352979030 884089 2351347 555938656 203776284 64 7344322 556754800
======================
   8      16 sdb 1955143 4 499160032 353300121 884089 2351347 555938656 203776284 64 7349326 557075061
======================
   8      16 sdb 1956931 4 499617760 353619887 884089 2351347 555938656 203776284 64 7354329 557395113
======================
   8      16 sdb 1958665 4 500061408 353940290 884089 2351347 555938656 203776284 64 7359333 557715356
======================
   8      16 sdb 1960454 4 500519136 354259734 884089 2351347 555938656 203776284 64 7364336 558035607
======================
   8      16 sdb 1962308 4 500992992 354580699 884089 2351347 555938656 203776284 64 7369340 558356361
======================
   8      16 sdb 1964153 4 501464800 354901399 884089 2351347 555938656 203776284 64 7374343 558676684
======================
   8      16 sdb 1965957 4 501924704 355193058 884089 2351347 555938656 203776284 52 7379347 558966352
======================
   8      16 sdb 1967958 4 502434528 355410211 884089 2351347 555938656 203776284 32 7384350 559180799
======================
   8      16 sdb 1971749 4 503402976 355486377 884089 2351347 555938656 203776284 0 7388458 559255649
