39.8
46.8
47.1
46.8
48.3
44.0
47.5
46.0
44.1
45.2
47.7
47.5
48.1
47.4
49.6
46.9
47.3
46.2
45.8
47.4
46.0
45.2
46.2
47.5
45.0
45.4
46.9
47.5
47.5
44.6
46.6
45.5
46.1
48.0
47.2
46.4
47.9
46.6
47.6
47.0
46.9
45.6
44.4
43.3
46.2
48.1
47.4
46.6
45.1
47.8
45.5
47.3
46.2
46.6
46.8
46.4
46.0
46.5
45.8
47.8
46.2
47.5
46.7
46.4
45.4
46.1
43.9
45.9
48.3
45.9
44.9
47.1
46.2
43.8
46.9
46.2
46.9
45.7
47.0
46.9
44.9
46.2
45.1
43.8
46.9
46.1
46.1
46.2
45.8
47.2
46.1
46.2
45.8
47.6
47.5
46.2
46.3
46.1
46.9
46.0
45.9
44.2
43.2
46.5
45.5
46.4
46.1
47.9
44.6
45.8
46.3
47.7
44.5
43.7
44.7
46.0
46.3
47.6
45.5
45.9
45.6
47.9
47.7
47.3
46.6
45.6
44.5
46.9
43.9
44.7
45.3
50.7
95.9
