======================
   8      48 sdd 34336 0 274262 5526732 116873411 37965777 9086361432 635318271 0 37615317 640713178
======================
   8      48 sdd 34429 0 275006 5527804 116875482 37965777 9087666648 635879213 138 37619874 641300891
======================
   8      48 sdd 34434 0 275046 5528896 116877579 37965802 9088981496 636530406 151 37624877 641951997
======================
   8      48 sdd 34440 0 275094 5530346 116879670 37965815 9090297208 637137711 132 37629880 642559483
======================
   8      48 sdd 34445 0 275134 5531524 116881764 37965827 9091614456 637752416 152 37634883 643176741
======================
   8      48 sdd 34450 0 275174 5532544 116883852 37965840 9092928504 638393414 135 37639886 643818645
======================
   8      48 sdd 34456 0 275222 5533808 116885939 37965853 9094241912 639005061 132 37644889 644431162
======================
   8      48 sdd 34461 0 275262 5534700 116888031 37965865 9095557624 639647967 158 37649891 645075066
======================
   8      48 sdd 34466 0 275302 5535823 116890118 37965878 9096871032 640262488 149 37654895 645691149
======================
   8      48 sdd 34472 0 275350 5537216 116892205 37965891 9098184440 640855398 142 37659898 646285509
======================
   8      48 sdd 34477 0 275390 5538160 116894297 37965903 9099500408 641488386 141 37664900 646919314
======================
   8      48 sdd 34482 0 275430 5539271 116896385 37965916 9100814200 642105595 145 37669902 647537507
======================
   8      48 sdd 34488 0 275478 5540457 116898471 37965929 9102126968 642710031 133 37674905 648143051
======================
   8      48 sdd 34493 0 275518 5541699 116900564 37965943 9103442960 643350463 143 37679908 648784833
======================
   8      48 sdd 34498 0 275558 5542872 116902651 37965956 9104756368 643984600 135 37684910 649420124
======================
   8      48 sdd 34504 0 275606 5544105 116904739 37965969 9106070416 644593207 110 37689912 650028433
======================
   8      48 sdd 34509 0 275646 5545262 116906829 37965981 9107384848 645218068 104 37694914 650653962
======================
   8      48 sdd 34514 0 275686 5546657 116908916 37965994 9108698256 645817196 100 37699918 651254118
======================
   8      48 sdd 34520 0 275734 5548105 116911002 37966007 9110011024 646412745 97 37704921 651850616
======================
   8      48 sdd 34526 0 275782 5549447 116913086 37966019 9111321872 647026487 137 37709924 652467788
======================
   8      48 sdd 34530 0 275814 5550325 116915172 37966032 9112634640 647662735 94 37714927 653102364
======================
   8      48 sdd 34537 0 275870 5551825 116917255 37966045 9113945488 648250688 146 37719930 653693537
======================
   8      48 sdd 34541 0 275902 5552727 116919345 37966057 9115260176 648877082 88 37724933 654318385
======================
   8      48 sdd 34546 0 275942 5553841 116921430 37966070 9116572304 649493778 86 37729937 654935986
======================
   8      48 sdd 34553 0 275998 5555305 116923514 37966083 9117883792 650077274 143 37734941 655523623
======================
   8      48 sdd 34557 0 276030 5556139 116925604 37966097 9119197864 650713259 54 37739943 656152155
======================
   8      48 sdd 34562 0 276070 5557304 116927690 37966109 9120510368 651334412 51 37744946 656773772
======================
   8      48 sdd 34569 0 276126 5558666 116929777 37966122 9121823776 651954477 134 37749949 657403497
======================
   8      48 sdd 34573 0 276158 5559591 116931868 37966134 9123139104 652588704 40 37754952 658027895
======================
   8      48 sdd 34578 0 276198 5560832 116933953 37966147 9124451232 653204263 38 37759955 658644492
======================
   8      48 sdd 34585 0 276254 5562301 116936042 37966160 9125765920 653801917 149 37764957 659255152
======================
   8      48 sdd 34589 0 276286 5563033 116938133 37966172 9127080992 654447765 25 37769960 659886285
======================
   8      48 sdd 34595 0 276334 5564322 116940218 37966185 9128393120 655064219 128 37774963 660520968
======================
   8      48 sdd 34601 0 276382 5565467 116942308 37966198 9129708448 655677878 135 37779966 661133545
======================
   8      48 sdd 34605 0 276414 5566277 116944397 37966210 9131022496 656314248 11 37784969 661751866
======================
   8      48 sdd 34611 0 276462 5567558 116946477 37966223 9132331424 656919632 157 37789972 662379128
======================
   8      48 sdd 34617 0 276510 5568777 116948562 37966236 9133643552 657523247 130 37794975 662983224
======================
   8      48 sdd 34622 0 276550 5569827 116950656 37966249 9134960176 658164338 149 37799979 663606793
======================
   8      48 sdd 34627 0 276590 5570792 116952740 37966262 9136271664 658770987 145 37804982 664233939
======================
   8      48 sdd 34633 0 276638 5572222 116954828 37966276 9137585464 659377386 157 37809983 664827827
======================
   8      48 sdd 34638 0 276678 5573626 116956917 37966287 9138899504 660007135 144 37814986 665454784
======================
   8      48 sdd 34643 0 276718 5574804 116959003 37966300 9140212272 660637360 131 37819988 666088991
======================
   8      48 sdd 34649 0 276766 5576012 116961090 37966313 9141525680 661229363 136 37824991 666697707
======================
   8      48 sdd 34654 0 276806 5577192 116963180 37966325 9142840368 661862136 154 37829995 667319368
======================
   8      48 sdd 34659 0 276846 5578384 116965268 37966338 9144154160 662474696 143 37834997 667934609
======================
   8      48 sdd 34663 0 276878 5579393 116967354 37966351 9145466928 663098900 158 37840001 668567942
======================
   8      48 sdd 34668 0 276918 5580512 116969446 37966363 9146782896 663719415 158 37845003 669189510
======================
   8      48 sdd 34673 0 276958 5581622 116971533 37966376 9148096304 664339310 151 37850006 669811967
======================
   8      48 sdd 34679 0 277006 5582777 116973617 37966389 9149407792 664950418 150 37855008 670425468
======================
   8      48 sdd 34684 0 277046 5583946 116975708 37966402 9150722496 665563671 150 37860011 671038310
======================
   8      48 sdd 34689 0 277086 5584994 116977795 37966415 9152035648 666181143 128 37865013 671658316
======================
   8      48 sdd 34695 0 277134 5586095 116979882 37966428 9153349056 666799713 138 37870017 672278270
======================
   8      48 sdd 34700 0 277174 5587196 116981959 37966440 9154655680 667418373 150 37875019 672896731
======================
   8      48 sdd 34705 0 277214 5588320 116984039 37966453 9155964608 668030195 158 37880022 673508229
======================
   8      48 sdd 34711 0 277262 5589593 116986125 37966468 9157277264 668660858 148 37885023 674143076
======================
   8      48 sdd 34716 0 277302 5590848 116988208 37966481 9158588880 669272296 154 37890025 674756041
======================
   8      48 sdd 34721 0 277342 5592249 116990298 37966494 9159903312 669883651 142 37895028 675368117
======================
   8      48 sdd 34727 0 277390 5593416 116992398 37966507 9161225640 670492740 129 37900031 675977991
======================
   8      48 sdd 34732 0 277430 5594476 116994494 37966520 9162543952 671117766 139 37905034 676604512
======================
   8      48 sdd 34737 0 277470 5595654 116996579 37966533 9163856680 671731655 144 37910037 677219698
======================
   8      48 sdd 34743 0 277518 5596964 116998666 37966547 9165168864 672329247 150 37915039 677817769
======================
   8      48 sdd 34748 0 277558 5598102 117000755 37966556 9166484152 672943966 149 37920042 678434134
======================
   8      48 sdd 34753 0 277598 5599243 117002842 37966573 9167796960 673561648 138 37925045 679053089
======================
   8      48 sdd 34759 0 277646 5600685 117004930 37966582 9169111352 674148627 151 37930048 679641257
======================
   8      48 sdd 34764 0 277686 5601825 117007020 37966599 9170426080 674760097 155 37935051 680253956
======================
   8      48 sdd 34769 0 277726 5603017 117009106 37966609 9171739328 675379114 152 37940054 680874165
======================
   8      48 sdd 34775 0 277774 5604318 117011194 37966626 9173053512 675989801 147 37945056 681486133
======================
   8      48 sdd 34780 0 277814 5605499 117013284 37966635 9174368200 676609687 155 37950059 682104965
======================
   8      48 sdd 34785 0 277854 5606745 117015371 37966649 9175681360 677230685 151 37955062 682727692
======================
   8      48 sdd 34791 0 277902 5608028 117017459 37966662 9176994776 677843212 141 37960066 683339220
======================
   8      48 sdd 34796 0 277942 5609223 117019549 37966674 9178309464 678463036 129 37965069 683956486
======================
   8      48 sdd 34801 0 277982 5610487 117021637 37966687 9179623512 679086308 150 37970072 684576611
======================
   8      48 sdd 34807 0 278030 5611737 117023725 37966701 9180937440 679702930 139 37975073 685189006
======================
   8      48 sdd 34812 0 278070 5613232 117025816 37966713 9182252008 680300922 136 37980076 685782187
======================
   8      48 sdd 34817 0 278110 5614535 117027901 37966726 9183565328 680911979 20 37985079 686399985
======================
   8      48 sdd 34823 0 278158 5615979 117029988 37966739 9184878736 681502970 16 37990083 686991585
======================
   8      48 sdd 34828 0 278198 5617116 117032078 37966751 9186193424 682122782 49 37995086 687621297
======================
   8      48 sdd 34833 0 278238 5618339 117034164 37966764 9187506192 682732050 59 38000090 688234149
======================
   8      48 sdd 34839 0 278286 5619583 117036253 37966777 9188820624 683340159 79 38005093 688846629
======================
   8      48 sdd 34844 0 278326 5620721 117038342 37966789 9190134672 683953515 100 38010095 689463739
======================
   8      48 sdd 34849 0 278366 5621994 117040426 37966802 9191446160 684555867 99 38015098 690067868
======================
   8      48 sdd 34855 0 278414 5623140 117042511 37966815 9192758288 685172681 124 38020101 690687010
======================
   8      48 sdd 34860 0 278454 5624398 117044597 37966819 9194070424 685813089 121 38025104 691329082
======================
   8      48 sdd 34865 0 278494 5625803 117046683 37966832 9195383192 686431292 118 38030107 691948688
======================
   8      48 sdd 34871 0 278542 5626905 117048770 37966845 9196696600 687057406 114 38035111 692575414
======================
   8      48 sdd 34877 0 278590 5628481 117050859 37966858 9198010024 687650552 151 38040114 693171587
======================
   8      48 sdd 34881 0 278622 5629484 117052945 37966871 9199322664 688282760 107 38045116 693802815
======================
   8      48 sdd 34887 0 278670 5630892 117055031 37966884 9200635304 688879171 104 38050116 694400245
======================
   8      48 sdd 34892 0 278710 5632380 117057120 37966896 9201949352 689471904 99 38055119 694994012
======================
   8      48 sdd 34897 0 278750 5633704 117059206 37966909 9203262120 690079070 96 38060122 695602562
======================
   8      48 sdd 34903 0 278798 5634827 117061294 37966922 9204576168 690695779 91 38065125 696219317
======================
   8      48 sdd 34909 0 278846 5636260 117063385 37966934 9205891496 691292132 129 38070128 696819848
======================
   8      48 sdd 34914 0 278886 5637378 117065472 37966947 9207204904 691913710 157 38075130 697442427
======================
   8      48 sdd 34919 0 278926 5638319 117067560 37966960 9208518696 692539065 75 38080133 698063484
======================
   8      48 sdd 34924 0 278966 5639580 117069650 37966972 9209833384 693141607 69 38085136 698666186
======================
   8      48 sdd 34929 0 279006 5640835 117071737 37966985 9211146792 693742459 65 38090139 699268057
======================
   8      48 sdd 34934 0 279046 5641837 117073422 37967009 9212203056 694238905 0 38094163 699747953
started
======================
   8      48 sdd 35032 0 279824 5641887 117075410 37967009 9213220272 694707918 134 38097592 700237716
======================
   8      48 sdd 35032 0 279824 5641887 117077990 37967011 9214545456 695430988 149 38102629 700960118
======================
   8      48 sdd 35032 0 279824 5641887 117080550 37967012 9215860936 696148773 151 38107632 701678006
======================
   8      48 sdd 35032 0 279824 5641887 117083110 37967013 9217177024 696865570 153 38112635 702394857
======================
   8      48 sdd 35032 0 279824 5641887 117085674 37967014 9218493256 697582532 151 38117639 703111748
======================
   8      48 sdd 35032 0 279824 5641887 117088234 37967015 9219808736 698300006 153 38122642 703828948
======================
   8      48 sdd 35032 0 279824 5641887 117090787 37967016 9221123240 699018664 130 38127651 704547455
======================
   8      48 sdd 35032 0 279824 5641887 117093334 37967017 9222428904 699737467 145 38132667 705266755
======================
   8      48 sdd 35032 0 279824 5641887 117095903 37967018 9223748192 700453285 138 38137670 705982473
======================
   8      48 sdd 35032 0 279824 5641887 117098470 37967019 9225067472 701170540 133 38142674 706699379
======================
   8      48 sdd 35032 0 279824 5641887 117101028 37967020 9226383712 701886333 137 38147677 707416215
======================
   8      48 sdd 35032 0 279824 5641887 117103585 37967021 9227699520 702603419 142 38152681 708133073
======================
   8      48 sdd 35032 0 279824 5641887 117106147 37967022 9229017800 703321884 141 38157691 708851427
======================
   8      48 sdd 35032 0 279824 5641887 117108706 37967022 9230334360 704038581 143 38162694 709567961
======================
   8      48 sdd 35032 0 279824 5641887 117111267 37967023 9231651248 704756281 144 38167697 710285477
======================
   8      48 sdd 35032 0 279824 5641887 117113829 37967024 9232966728 705473297 144 38172700 711002355
======================
   8      48 sdd 35032 0 279824 5641887 117116386 37967025 9234282976 706189875 149 38177704 711719204
======================
   8      48 sdd 35032 0 279824 5641887 117118955 37967026 9235599864 706906569 142 38182707 712435379
======================
   8      48 sdd 35032 0 279824 5641887 117121515 37967027 9236915344 707624158 144 38187710 713153021
======================
   8      48 sdd 35032 0 279824 5641887 117124078 37967028 9238231592 708340689 143 38192713 713869704
======================
   8      48 sdd 35032 0 279824 5641887 117126634 37967029 9239547400 709057529 149 38197716 714586463
======================
   8      48 sdd 35032 0 279824 5641887 117129199 37967030 9240863648 709774907 146 38202720 715304356
======================
   8      48 sdd 35032 0 279824 5641887 117131758 37967031 9242179352 710493449 149 38207723 716022100
======================
   8      48 sdd 35032 0 279824 5641887 117134325 37967032 9243495048 711210303 144 38212726 716739219
======================
   8      48 sdd 35032 0 279824 5641887 117136886 37967033 9244811936 711927008 145 38217729 717456267
======================
   8      48 sdd 35032 0 279824 5641887 117139446 37967034 9246126776 712644955 147 38222733 718174300
======================
   8      48 sdd 35032 0 279824 5641887 117142007 37967035 9247443176 713361953 148 38227737 718891106
======================
   8      48 sdd 35032 0 279824 5641887 117144574 37967036 9248760064 714077833 143 38232740 719607098
======================
   8      48 sdd 35032 0 279824 5641887 117147138 37967037 9250075384 714795777 141 38237744 720324985
======================
   8      48 sdd 35032 0 279824 5641887 117149699 37967038 9251392272 715513448 142 38242748 721042143
======================
   8      48 sdd 35032 0 279824 5641887 117152262 37967039 9252708376 716230395 140 38247751 721759374
======================
   8      48 sdd 35032 0 279824 5641887 117154823 37967039 9254023216 716946508 140 38252754 722475727
======================
   8      48 sdd 35032 0 279824 5641887 117157387 37967040 9255340104 717663674 138 38257759 723193054
======================
   8      48 sdd 35032 0 279824 5641887 117159945 37967041 9256656352 718381286 142 38262762 723910408
======================
   8      48 sdd 35032 0 279824 5641887 117162504 37967042 9257971832 719098564 145 38267765 724627684
======================
   8      48 sdd 35032 0 279824 5641887 117165070 37967043 9259288080 719815886 141 38272769 725345016
======================
   8      48 sdd 35032 0 279824 5641887 117167633 37967044 9260604328 720532625 140 38277773 726061941
======================
   8      48 sdd 35032 0 279824 5641887 117170190 37967045 9261918400 721250363 145 38282776 726779549
======================
   8      48 sdd 35032 0 279824 5641887 117172751 37967046 9263231752 721967180 146 38287779 727496409
======================
   8      48 sdd 35032 0 279824 5641887 117175310 37967047 9264546168 722683709 149 38292783 728213341
======================
   8      48 sdd 35032 0 279824 5641887 117177877 37967048 9265863920 723401297 144 38297786 728930172
======================
   8      48 sdd 35032 0 279824 5641887 117180432 37967049 9267178672 724117664 151 38302789 729647181
======================
   8      48 sdd 35032 0 279824 5641887 117182987 37967050 9268494648 724834963 158 38307792 730364155
======================
   8      48 sdd 35032 0 279824 5641887 117185540 37967051 9269809488 725552321 135 38312796 731081456
======================
   8      48 sdd 35032 0 279824 5641887 117188107 37967052 9271125680 726269470 130 38317799 731798637
======================
   8      48 sdd 35032 0 279824 5641887 117190681 37967053 9272441288 726987648 150 38322803 732516529
======================
   8      48 sdd 35032 0 279824 5641887 117193243 37967054 9273757456 727704312 150 38327806 733233560
======================
   8      48 sdd 35032 0 279824 5641887 117195794 37967055 9275069480 728421201 129 38332809 733950240
======================
   8      48 sdd 35032 0 279824 5641887 117198355 37967056 9276384864 729138431 129 38337814 734667402
======================
   8      48 sdd 35032 0 279824 5641887 117200917 37967056 9277698424 729856710 128 38342817 735384898
======================
   8      48 sdd 35032 0 279824 5641887 117203472 37967057 9279010656 730573369 135 38347820 736102283
======================
   8      48 sdd 35032 0 279824 5641887 117206031 37967058 9280326584 731290409 138 38352825 736819029
======================
   8      48 sdd 35032 0 279824 5641887 117208585 37967059 9281640984 732007416 146 38357828 737536326
======================
   8      48 sdd 35032 0 279824 5641887 117211153 37967060 9282955336 732724436 140 38362831 738253959
======================
   8      48 sdd 35032 0 279824 5641887 117213721 37967061 9284270656 733441709 134 38367834 738970717
======================
   8      48 sdd 35032 0 279824 5641887 117216284 37967062 9285586264 734158707 133 38372837 739687086
======================
   8      48 sdd 35032 0 279824 5641887 117218849 37967063 9286903128 734875680 130 38377842 740403688
======================
   8      48 sdd 35032 0 279824 5641887 117221409 37967064 9288216560 735592564 132 38382845 741120877
======================
   8      48 sdd 35032 0 279824 5641887 117223947 37967065 9289518496 736309561 156 38387848 741838681
======================
   8      48 sdd 35032 0 279824 5641887 117226537 37967066 9290847544 737031365 128 38392873 742559697
======================
   8      48 sdd 35032 0 279824 5641887 117229114 37967067 9292169936 737747418 145 38397876 743276471
======================
   8      48 sdd 35032 0 279824 5641887 117231675 37967068 9293486184 738464705 146 38402879 743993506
======================
   8      48 sdd 35032 0 279824 5641887 117234237 37967069 9294802432 739181047 146 38407882 744709453
======================
   8      48 sdd 35032 0 279824 5641887 117236799 37967070 9296119088 739898732 146 38412887 745427168
======================
   8      48 sdd 35032 0 279824 5641887 117239365 37967071 9297434624 740614608 142 38417890 746143877
======================
   8      48 sdd 35032 0 279824 5641887 117241921 37967072 9298749616 741331749 147 38422894 746861226
======================
   8      48 sdd 35032 0 279824 5641887 117244482 37967073 9300065736 742046889 148 38427898 747578014
======================
   8      48 sdd 35032 0 279824 5641887 117247049 37967073 9301383640 742767442 142 38432903 748296170
======================
   8      48 sdd 35032 0 279824 5641887 117249609 37967074 9302697728 743484286 144 38437906 749013401
======================
   8      48 sdd 35032 0 279824 5641887 117252174 37967075 9304014456 744201412 141 38442910 749730330
======================
   8      48 sdd 35032 0 279824 5641887 117254748 37967076 9305332232 744919706 129 38447913 750447709
======================
   8      48 sdd 35032 0 279824 5641887 117257304 37967077 9306646328 745636175 135 38452917 751164984
======================
   8      48 sdd 35032 0 279824 5641887 117259871 37967078 9307962328 746353599 130 38457921 751882028
======================
   8      48 sdd 35032 0 279824 5641887 117262428 37967079 9309277808 747065727 135 38462924 752599234
======================
   8      48 sdd 35032 0 279824 5641887 117264990 37967080 9310594824 747788195 135 38467929 753316861
======================
   8      48 sdd 35032 0 279824 5641887 117267559 37967081 9311910392 748506168 128 38472932 754034293
======================
   8      48 sdd 35032 0 279824 5641887 117270132 37967082 9313225872 749222788 149 38477935 754752033
======================
   8      48 sdd 35032 0 279824 5641887 117272677 37967083 9314533840 749940907 134 38482938 755469549
======================
   8      48 sdd 35032 0 279824 5641887 117275218 37967084 9315841896 750656831 155 38487941 756185797
======================
   8      48 sdd 35032 0 279824 5641887 117277780 37967085 9317158016 751375616 155 38492945 756904295
======================
   8      48 sdd 35032 0 279824 5641887 117280361 37967086 9318481792 752092354 136 38497948 757620905
======================
   8      48 sdd 35032 0 279824 5641887 117282932 37967087 9319800728 752810016 159 38502952 758338102
======================
   8      48 sdd 35032 0 279824 5641887 117285491 37967088 9321116864 753526871 130 38507955 759055503
======================
   8      48 sdd 35032 0 279824 5641887 117288055 37967089 9322433112 754243599 152 38512959 759771774
======================
   8      48 sdd 35032 0 279824 5641887 117290613 37967090 9323749432 754960694 131 38517962 760489256
======================
   8      48 sdd 35032 0 279824 5641887 117293183 37967090 9325065696 755677888 154 38522966 761206188
======================
   8      48 sdd 35032 0 279824 5641887 117295742 37967091 9326382000 756396297 157 38527969 761924393
======================
   8      48 sdd 35032 0 279824 5641887 117298307 37967092 9327698392 757114426 154 38532973 762642270
======================
   8      48 sdd 35032 0 279824 5641887 117300870 37967093 9329014296 757830537 153 38537976 763358451
======================
   8      48 sdd 35032 0 279824 5641887 117303431 37967094 9330329960 758547066 154 38542979 764074856
======================
   8      48 sdd 35032 0 279824 5641887 117305996 37967095 9331646448 759264281 151 38547983 764792330
======================
   8      48 sdd 35032 0 279824 5641887 117308562 37967096 9332962056 759981537 147 38552987 765509996
======================
   8      48 sdd 35032 0 279824 5641887 117311120 37967097 9334277824 760699355 151 38557990 766227872
======================
   8      48 sdd 35032 0 279824 5641887 117313680 37967098 9335593944 761415968 153 38562993 766944583
