6.91244	3.0978	0	3.78904
7.77637	4.75222	0	2.97332
10.3624	7.04441	0	3.31802
9.26866	6.98324	0	2.28542
10.9586	8.56852	0	2.39003
7.99899	6.15695	0	1.74111
10.5969	8.49772	0	2.07385
9.87374	8.18182	0	1.66667
11.6026	9.83316	0	1.76946
10.6828	9.0451	0	1.6125
10.8558	9.34108	0	1.48952
10.6566	9.36869	0	1.28788
11.0551	9.72047	0	1.30949
11.7528	10.4414	0	1.31148
10.3804	9.44822	0	0.932225
11.8627	10.6007	0	1.21151
10.1686	9.23735	0	0.931286
11.7469	10.6126	0	1.10915
10.3804	9.5742	0	0.806248
12.1189	10.9851	0	1.13379
10.6452	9.66608	0	0.979161
12.1822	11.1251	0	1.05714
10.5714	9.81626	0	0.755097
12.1006	11.1447	0	0.930818
10.6811	9.85172	0	0.829354
12.2295	11.2733	0	0.931052
10.435	9.78124	0	0.653759
12.3208	11.4911	0	0.829771
10.8712	10.0427	0	0.803415
11.9658	11.1614	0	0.804424
10.7313	10.1282	0	0.603167
12.2644	11.435	0	0.829354
12.7012	11.8964	0	0.779678
12.3177	11.4882	0	0.829563
12.836	12.0573	0	0.75358
12.0885	11.3596	0	0.728826
12.8076	12.0291	0	0.778503
12.1319	11.5026	0	0.629247
12.6633	11.9095	0	0.728643
12.4185	11.6157	0	0.80281
12.8579	12.0542	0	0.803616
12.2239	11.5462	0	0.677711
12.8141	12.1106	0	0.703518
12.2644	11.5607	0	0.678562
12.7697	12.0672	0	0.702459
12.3367	11.6583	0	0.678392
12.8457	12.0664	0	0.779286
12.1798	11.5269	0	0.652938
12.7825	12.0542	0	0.728277
12.2864	11.6583	0	0.628141
12.6194	11.9407	0	0.678733
12.3177	11.6893	0	0.628457
12.8894	12.1106	0	0.753769
12.1387	11.4602	0	0.678562
12.7857	12.0573	0	0.703341
12.3587	11.5298	0	0.828937
10.5924	9.93976	0	0.65261
12.3367	11.7085	0	0.628141
10.8128	10.1355	0	0.652283
12.3054	11.5771	0	0.728277
12.8327	12.0291	0	0.803616
12.2264	11.4214	0	0.779874
12.6038	11.8491	0	0.754717
12.2485	11.494	0	0.754527
11.5578	10.7538	0	0.80402
11.2871	10.734	0	0.553042
11.7425	10.963	0	0.754337
11.0999	10.4721	0	0.602712
12.0603	11.2312	0	0.829146
10.8128	10.1606	0	0.652283
12.5566	11.7514	0	0.78007
10.098	9.54534	0	0.552625
12.346	11.3654	0	0.980639
10.3743	9.79653	0	0.577744
12.0724	11.167	0	0.880282
10.6677	9.98996	0	0.677711
12.1822	11.3516	0	0.805437
10.6506	9.99749	0	0.653102
12.1982	11.3179	0	0.855131
10.6533	9.87437	0	0.778894
12.3994	11.3179	0	1.08149
10.7708	10.0427	0	0.728094
12.1319	11.2006	0	0.906116
10.3518	9.69849	0	0.653266
12.0403	11.1587	0	0.856423
10.5726	9.89453	0	0.678051
12.1669	11.1614	0	1.00553
10.5501	9.92213	0	0.627983
12.2393	11.2842	0	0.955014
12.1601	11.3545	0	0.805639
12.17	11.0888	0	1.05607
10.6533	9.97487	0	0.678392
11.864	11.0579	0	0.806045
10.76	10.0326	0	0.727364
12.0976	11.2425	0	0.855131
10.665	9.93726	0	0.727729
12.1571	11.3013	0	0.855776
10.6255	9.87189	0	0.72846
12.2111	11.3065	0	0.879397
10.8013	10.1482	0	0.653102
12.1571	11.3013	0	0.855776
10.5224	9.89453	0	0.627825
12.2074	11.402	0	0.805437
10.7286	9.92462	0	0.80402
12.2582	11.4293	0	0.828937
10.7313	10.0779	0	0.653431
12.3116	11.4573	0	0.829146
10.4707	9.94211	0	0.528568
12.3398	11.5356	0	0.804222
10.6228	9.96986	0	0.627825
12.3147	11.6361	0	0.678562
10.821	10.1431	0	0.677881
12.1197	11.5162	0	0.60347
10.5726	9.89453	0	0.678051
12.3838	11.6302	0	0.72846
12.6477	11.8934	0	0.754337
12.2736	11.5443	0	0.729376
10.7708	10.0929	0	0.677881
12.2019	11.6495	0	0.552347
12.5503	11.7203	0	0.82998
12.2135	11.4833	0	0.705112
11.6033	10.8734	0	0.729927
11.3345	10.7062	0	0.628299
12.8334	12.003	0	0.830398
12.2197	11.4386	0	0.755858
12.6888	11.858	0	0.830816
10.492	9.86446	0	0.62751
12.2166	11.3854	0	0.831234
12.6636	11.8328	0	0.830816
12.2387	11.3573	0	0.88139
10.7735	10.1205	0	0.652938
12.3112	11.4552	0	0.805639
10.8908	10.2886	0	0.602258
12.2326	11.402	0	0.830607
10.6308	10.1282	0	0.502639
12.2228	11.3911	0	0.831653
10.4298	9.87685	0	0.552903
12.2957	11.4156	0	0.88006
10.6506	10.0477	0	0.602864
12.305	11.4746	0	0.830398
10.7708	10.1431	0	0.602561
12.2197	11.4638	0	0.755858
10.8821	10.3041	0	0.578035
12.327	11.4465	0	0.880503
10.5924	9.96486	0	0.62751
12.2454	11.4659	0	0.779482
12.7644	11.9084	0	0.855992
12.3429	11.4379	0	0.904977
10.5369	9.93477	0	0.602107
12.2736	11.4437	0	0.82998
10.3994	9.79653	0	0.602864
12.3336	11.4795	0	0.803818
12.8018	11.8964	0	0.905433
12.3208	11.4156	0	0.905205
10.743	10.0904	0	0.65261
12.3208	11.3905	0	0.93035
10.5699	9.89204	0	0.677881
12.2895	11.4853	0	0.804222
10.5726	9.94475	0	0.627825
12.2864	11.5075	0	0.778894
10.5897	9.98745	0	0.577164
12.1387	11.3345	0	0.804222
10.8264	10.1231	0	0.703341
12.1227	11.4437	0	0.679074
10.595	10.0176	0	0.552347
12.3807	11.552	0	0.828729
12.736	11.8802	0	0.830607
12.2516	11.4465	0	0.805031
10.525	9.89701	0	0.627983
12.1387	11.435	0	0.703694
10.3994	9.69606	0	0.703341
12.2582	11.6554	0	0.602864
10.8543	10.1005	0	0.753769
12.0945	11.3905	0	0.704048
11.4128	10.6838	0	0.72901
11.4515	10.7735	0	0.678051
11.6139	10.8849	0	0.703871
11.2227	10.5699	0	0.627668
12.4027	11.524	0	0.878735
10.8156	10.138	0	0.677541
12.7515	11.9215	0	0.82998
12.2485	11.4185	0	0.82998
11.9688	11.2145	0	0.729193
12.7264	11.9467	0	0.779678
12.1792	11.4243	0	0.729743
10.7932	10.1908	0	0.60241
12.0533	11.2733	0	0.78007
10.8908	10.2886	0	0.602258
12.2516	11.3711	0	0.880503
12.883	11.9036	0	0.979407
11.9809	11.2258	0	0.755097
10.7708	10.1933	0	0.552347
12.1006	11.3459	0	0.754717
10.6506	9.89701	0	0.75358
12.2264	11.3208	0	0.90566
10.7457	9.89204	0	0.828521
12.2074	11.3265	0	0.880946
10.4072	9.70337	0	0.703871
11.8209	10.9406	0	0.855131
10.6004	9.87189	0	0.72846
12.3774	11.4214	0	0.955975
10.6057	9.92712	0	0.678562
12.1571	11.2258	0	0.931286
10.4072	9.67823	0	0.72901
11.818	10.9379	0	0.88006
10.5224	9.76896	0	0.703164
12.0816	11.3013	0	0.780267
10.5025	9.79899	0	0.703518
12.1037	11.2229	0	0.880725
10.6083	9.87934	0	0.72901
11.9024	11.0216	0	0.855561
10.357	9.70337	0	0.653595
12.1006	11.1195	0	0.981132
10.8291	10.0251	0	0.80402
12.1859	11.2563	0	0.929648
10.5501	9.79653	0	0.75358
12.2957	11.3402	0	0.905205
10.3474	9.66767	0	0.679758
12.1571	11.2509	0	0.906116
10.5581	9.80392	0	0.754148
12.173	11.2676	0	0.905433
10.4324	9.70337	0	0.72901
12.2485	11.3179	0	0.905433
10.5832	9.82906	0	0.754148
12.2516	11.3711	0	0.855346
10.6838	9.92961	0	0.754148
11.2704	10.3145	0	0.930818
10.6694	9.91444	0	0.754907
11.9395	11.1839	0	0.755668
11.044	10.239	0	0.805031
11.781	10.8264	0	0.954534
11.3962	10.4654	0	0.90566
10.9713	10.1661	0	0.805234
11.9305	10.9992	0	0.931286
10.6362	9.85668	0	0.779482
12.6226	11.5665	0	1.05607
10.447	9.66851	0	0.75339
12.2922	11.335	0	0.93199
10.3994	9.6207	0	0.778699
12.122	11.2399	0	0.882056
10.787	10.083	0	0.704048
12.2074	11.1754	0	1.03197
10.5912	9.91195	0	0.654088
12.2228	11.2147	0	1.00806
10.9182	10.0629	0	0.855346
12.1159	11.0831	0	1.03275
10.5237	9.89426	0	0.629406
12.002	11.0439	0	0.958144
10.5832	9.77878	0	0.804424
12.1754	11.1671	0	1.00832
10.8319	9.95225	0	0.879618
12.1189	11.1867	0	0.932225
10.5912	9.81132	0	0.754717
12.1029	11.1699	0	0.907716
10.6945	9.88928	0	0.805234
12.1029	11.0943	0	1.00857
10.5435	9.71314	0	0.830398
11.9384	11.055	0	0.883392
10.5714	9.8666	0	0.704757
11.9365	10.9292	0	0.98212
10.402	9.64824	0	0.753769
12.1662	11.1839	0	0.982368
10.6388	9.85915	0	0.779678
12.154	11.072	0	1.08203
10.5462	9.74075	0	0.805437
12.0564	11.0748	0	0.956456
10.5726	9.76896	0	0.778503
12.2105	11.1279	0	1.08258
10.4271	9.59799	0	0.829146
12.1571	11.2006	0	0.956456
10.5329	9.72851	0	0.804424
12.2135	11.1307	0	1.08285
10.5885	9.7837	0	0.779678
12.2736	11.2928	0	0.980885
10.2113	9.35614	0	0.855131
12.2203	11.1893	0	1.03093
10.3067	9.5274	0	0.779286
12.1853	11.2538	0	0.881168
10.7673	9.91195	0	0.855346
12.2798	11.3236	0	0.956215
10.6057	9.70093	0	0.90475
11.9839	11.0272	0	0.956697
11.6625	10.8312	0	0.831234
11.4911	10.5859	0	0.88006
11.9245	10.9434	0	0.981132
10.9045	10.1005	0	0.80402
12.3929	11.4106	0	0.982368
10.3214	9.56806	0	0.728277
11.9798	11.0719	0	0.907945
10.7116	10.0075	0	0.704048
12.1792	11.1475	0	1.03171
10.5752	9.82165	0	0.72846
12.0303	11.0467	0	0.983607
10.611	9.95725	0	0.653759
11.996	11.0131	0	0.982863
10.6004	9.92213	0	0.678222
12.1441	11.1867	0	0.932225
10.6479	9.86941	0	0.778503
12.0151	10.9068	0	1.10831
10.4099	9.78124	0	0.60347
12.0212	11.0887	0	0.93246
10.5276	9.74874	0	0.778894
12.154	11.1726	0	0.981379
10.8849	9.97989	0	0.879839
12.2141	11.1083	0	1.08067
10.4496	9.67094	0	0.778699
12.0816	11.0496	0	1.03197
10.3847	9.68066	0	0.704048
12.0121	10.9796	0	1.03249
10.5554	9.77633	0	0.753958
12.2577	11.1754	0	1.08231
10.5052	9.72606	0	0.77909
12.0464	11.1391	0	0.907258
10.435	9.65552	0	0.779482
12.138	11.1811	0	0.956938
10.4628	9.75855	0	0.704225
12.1571	11.0748	0	1.05714
10.5104	9.73095	0	0.779482
12.0494	11.1167	0	0.932695
10.6083	9.67823	0	0.904977
12.0373	11.03	0	1.0073
10.5382	9.58249	0	0.930584
11.6877	10.5542	0	1.1335
10.3223	9.41591	0	0.906344
12.1128	11.03	0	1.08285
10.5687	9.58732	0	0.956215
12.1128	11.03	0	1.08285
10.5184	9.53699	0	0.981379
12.0433	10.9851	0	1.03301
10.1008	9.24433	0	0.856423
12.1853	10.9768	0	1.20846
10.9041	9.84639	0	1.05767
11.6877	10.5793	0	1.08312
11.3962	10.2893	0	1.08176
11.3041	10.2971	0	1.00705
11.7692	10.6603	0	1.10887
10.8707	9.83895	0	1.03171
12.4496	11.1643	0	1.26008
10.4575	9.47712	0	0.955254
12.3267	11.0915	0	1.23519
9.8542	9.02464	0	0.829563
12.2037	10.943	0	1.26072
10.6362	9.65552	0	0.980639
12.0838	10.7467	0	1.33703
10.5581	9.57768	0	0.955254
11.9444	10.8081	0	1.13636
10.611	9.65552	0	0.93035
11.873	10.5873	0	1.28561
10.3726	9.51662	0	0.855992
12.0333	10.7719	0	1.26135
10.851	9.94461	0	0.906344
11.9505	10.8135	0	1.13694
10.5714	9.66524	0	0.855776
11.6385	10.6034	0	1.03509
10.4125	9.45674	0	0.955734
11.8554	10.6168	0	1.21335
10.5369	9.57903	0	0.932695
11.7306	10.3935	0	1.33703
10.574	9.54179	0	1.00705
12.004	10.6646	0	1.3394
10.1768	9.19192	0	0.959596
11.997	10.6808	0	1.29081
10.4639	9.5058	0	0.958144
12.1779	10.7883	0	1.38959
10.2648	9.20555	0	1.05927
11.921	10.6049	0	1.31612
10.404	9.31818	0	1.08586
12.0637	10.7992	0	1.23925
10.4519	9.24009	0	1.21182
12.2191	10.8054	0	1.38854
10.4692	9.28355	0	1.18567
11.8049	10.541	0	1.2639
10.3962	9.28589	0	1.11027
11.8108	10.521	0	1.28983
10.2823	9.09778	0	1.18448
11.9757	10.5104	0	1.44012
10.3179	9.18264	0	1.13522
12.0616	10.4466	0	1.61494
10.3605	9.07487	0	1.28561
11.4704	10.0303	0	1.41486
11.142	9.70187	0	1.44012
11.0971	9.65622	0	1.44085
11.5259	9.93695	0	1.56368
10.598	9.23543	0	1.3626
12.1182	10.5024	0	1.61575
10.0781	8.79315	0	1.25976
11.9565	10.2882	0	1.64307
10.4361	9.07487	0	1.36123
11.998	10.3814	0	1.61657
10.3405	8.95334	0	1.38714
11.9312	10.2376	0	1.66835
9.83359	8.69894	0	1.10943
11.909	10.2402	0	1.66877
10.237	8.87544	0	1.36157
11.9252	10.1566	0	1.7433
10.1263	8.73737	0	1.36364
11.8228	10.2532	0	1.56962
10.1515	8.76263	0	1.38889
11.1449	9.54914	0	1.54509
10.0126	8.79899	0	1.21365
10.6118	9.13938	0	1.47245
9.93177	8.69345	0	1.23831
11.5199	9.71835	0	1.75082
9.27705	8.11426	0	1.16279
11.6544	9.90626	0	1.74816
10.0126	8.74842	0	1.26422
11.8391	9.96711	0	1.8214
9.76662	8.49822	0	1.26839
11.6067	9.85808	0	1.74861
10.0681	8.60459	0	1.46354
11.8391	9.94182	0	1.8467
10.053	8.61329	0	1.43976
11.9535	9.93177	0	2.02173
10.1994	8.55844	0	1.641
11.8198	9.94685	0	1.87294
9.21484	7.82631	0	1.36329
11.8138	9.86592	0	1.94789
9.77026	8.33123	0	1.43903
11.7662	9.86842	0	1.87247
10.1716	8.58152	0	1.56487
11.3866	9.53947	0	1.82186
10.0908	8.55197	0	1.53885
11.8391	9.84063	0	1.99848
10.1691	8.55413	0	1.61494
11.4257	9.58038	0	1.79474
10.384	8.79232	0	1.59171
11.6085	9.71168	0	1.89681
10.384	8.76705	0	1.61698
11.0521	9.28174	0	1.74507
11.2601	9.38765	0	1.84717
10.5662	8.89788	0	1.66835
11.4033	9.48167	0	1.92162
10.35	8.51171	0	1.81315
11.7409	9.84312	0	1.89777
10.0454	8.45533	0	1.53963
11.7662	9.79251	0	1.97368
10.2221	8.632	0	1.56487
11.4401	9.5672	0	1.87294
10.2648	8.60025	0	1.63934
11.7156	9.7419	0	1.94838
10.0227	8.48271	0	1.54002
11.7915	9.56478	0	2.20142
9.909	8.31648	0	1.59252
11.2124	9.13693	0	2.05011
10.0934	8.42796	0	1.64017
11.2772	9.35124	0	1.926
10.1362	8.4468	0	1.68936
11.4546	9.47795	0	1.95134
9.96971	8.40485	0	1.53963
11.1786	9.20587	0	1.97269
9.87124	8.38172	0	1.48952
11.6473	9.37342	0	2.22335
9.89899	8.30808	0	1.59091
11.5726	9.42011	0	2.15244
9.83316	8.34176	0	1.49141
11.1617	9.08631	0	2.05011
9.79798	8.15657	0	1.61616
11.4148	9.3141	0	2.10073
10.0025	8.38596	0	1.59131
11.635	9.5564	0	2.07858
9.92154	8.40294	0	1.5186
11.4401	9.3141	0	2.12604
9.98483	8.2912	0	1.64307
11.5979	9.47075	0	2.1018
9.19889	7.70786	0	1.49103
11.3222	9.32118	0	2.00101
9.90149	8.2344	0	1.64183
11.7662	9.51417	0	2.22672
10.053	8.33544	0	1.69235
11.5228	9.46701	0	2.05584
9.74437	8.25108	0	1.49329
11.1899	9.18987	0	1.97468
10.1061	8.33754	0	1.76857
11.7468	9.62025	0	2.10127
9.36235	7.89474	0	1.46761
11.2209	9.19453	0	2.00101
10.549	8.85403	0	1.66962
10.7766	8.82874	0	1.94789
11.2235	9.22649	0	1.99697
9.89372	8.14777	0	1.72065
11.5824	9.62662	0	1.9304
9.85309	8.1307	0	1.69706
11.6332	9.52502	0	2.1082
9.48887	7.84413	0	1.61943
11.6824	9.62077	0	2.03614
9.8481	8.32911	0	1.51899
11.5913	9.48144	0	2.08439
9.40193	7.80537	0	1.59655
11.635	9.48035	0	2.12928
9.96207	8.24273	0	1.69406
11.6261	9.47315	0	2.15299
9.1368	7.52145	0	1.56487
11.632	9.45261	0	2.17942
9.34108	7.77581	0	1.54002
11.6008	9.44782	0	2.15299
9.39631	7.77974	0	1.56605
11.5141	9.40908	0	2.105
9.47688	7.85949	0	1.61739
11.556	9.42727	0	2.1034
9.95452	8.23648	0	1.69277
11.6827	9.52864	0	2.15408
9.91652	8.2722	0	1.59373
11.5707	9.4646	0	2.10606
9.78014	8.11221	0	1.66793
11.7781	9.49848	0	2.27964
9.98736	8.36915	0	1.59292
11.635	9.6071	0	2.00253
9.8282	8.26175	0	1.54118
11.4546	9.42727	0	2.02737
10.0404	8.42583	0	1.5893
11.5813	9.50329	0	2.07805
9.60081	7.98383	0	1.56645
11.5307	9.45261	0	2.07805
9.93177	8.31438	0	1.61739
11.6485	9.49607	0	2.1018
9.99241	8.39868	0	1.59373
11.4604	9.43205	0	2.0284
9.95452	8.21122	0	1.71804
11.6726	9.52501	0	2.14755
9.97979	8.18595	0	1.76857
11.556	9.45261	0	2.07805
10.3614	8.51655	0	1.84483
10.9284	9.03112	0	1.89729
10.8668	8.99671	0	1.81956
11.0268	9.07941	0	1.9474
11.3642	9.36472	0	1.99949
9.88372	8.16481	0	1.69363
11.7439	9.69375	0	2.0248
9.81285	8.04249	0	1.74507
11.5843	9.5057	0	2.07858
10.0278	8.28492	0	1.74286
11.6067	9.57932	0	2.00203
9.95715	8.2178	0	1.73935
11.2294	9.20152	0	2.00253
9.85631	8.06655	0	1.73935
11.4634	9.38372	0	2.07963
10.0808	8.46387	0	1.61698
11.5872	9.4574	0	2.12982
9.69942	8.13337	0	1.56605
11.6037	9.45022	0	2.1282
10.0454	8.35437	0	1.66583
11.6738	9.57204	0	2.1018
9.96964	8.40081	0	1.56883
11.0041	9.07708	0	1.90162
10.0253	8.38384	0	1.64141
11.4937	9.31646	0	2.1519
9.97979	8.36281	0	1.59171
11.5277	9.50089	0	2.02686
10.0126	8.39444	0	1.6182
11.632	9.42727	0	2.17942
10.0834	8.46601	0	1.59212
11.6126	9.58418	0	2.0284
10.0076	8.44074	0	1.54157
10.6157	8.84216	0	1.7735
9.84561	8.20046	0	1.64515
11.5394	9.51052	0	2.02891
10.0556	8.28701	0	1.7433
11.5931	9.56367	0	2.00406
9.90649	8.36492	0	1.54157
11.8541	9.67579	0	2.15299
9.97979	8.41334	0	1.56645
10.2253	8.50418	0	1.72108
9.6815	8.08898	0	1.56724
11.4488	9.32118	0	2.10233
9.53823	7.84759	0	1.69064
11.3815	9.35361	0	2.00253
9.78756	8.16894	0	1.61861
11.5132	9.31174	0	2.17611
9.98231	8.26384	0	1.71847
11.0548	9.15314	0	1.90162
10.1343	8.46212	0	1.67216
10.7766	8.72755	0	2.02378
10.8525	8.92993	0	1.92259
10.4851	8.66599	0	1.8191
11.0858	9.08631	0	1.97418
9.65622	7.86148	0	1.76946
11.5443	9.39241	0	2.1519
9.45878	7.81487	0	1.6439
11.4634	9.28227	0	2.15572
10.1387	8.32282	0	1.81589
11.128	8.92269	0	2.17997
9.57312	7.83026	0	1.71761
11.3728	9.19453	0	2.17832
9.83814	8.14365	0	1.69449
11.5141	9.4598	0	2.05427
9.94937	8.22785	0	1.67089
11.0886	8.96203	0	2.10127
9.78014	8.21329	0	1.56684
11.5589	9.37896	0	2.17997
9.85595	8.16275	0	1.6932
11.6173	9.46596	0	2.12604
10.0025	8.31018	0	1.66709
11.2434	9.09091	0	2.15244
9.87873	8.21122	0	1.66751
11.6844	9.15529	0	2.4785
9.55511	7.98787	0	1.56724
11.5053	9.22453	0	2.25545
9.69375	7.94736	0	1.74639
11.173	8.96884	0	2.17887
9.60081	7.95856	0	1.64224
11.6332	9.37262	0	2.2352
10.0987	8.25108	0	1.82232
11.5209	9.4354	0	2.08545
9.7771	8.02938	0	1.72239
10.9276	8.86912	0	2.05845
9.77958	8.00608	0	1.7735
11.5316	9.32182	0	2.1844
9.94685	8.25108	0	1.67046
11.7126	9.46117	0	2.25145
9.32289	7.52906	0	1.76857
11.6214	9.43923	0	2.18219
9.41681	7.72532	0	1.66625
11.5861	9.38528	0	2.17556
9.94196	8.09992	0	1.79157
11.6173	9.44065	0	2.17666
9.92424	8.05556	0	1.86869
11.5667	9.54189	0	2.0248
9.83565	8.04046	0	1.74463
11.378	9.20354	0	2.14918
9.67416	7.85552	0	1.81864
10.7197	8.76837	0	1.95134
11.1224	9.07018	0	2.05219
10.296	8.34809	0	1.89729
11.021	9.07018	0	1.95085
9.85844	7.96259	0	1.8453
11.5843	9.32826	0	2.25602
9.92675	8.18388	0	1.71761
11.7826	9.4311	0	2.35145
9.96207	8.24273	0	1.71934
11.7632	9.33468	0	2.37794
10.0278	8.28492	0	1.74286
11.5843	9.30292	0	2.28137
9.90649	8.06166	0	1.81956
11.6679	9.39003	0	2.25259
9.85595	8.13748	0	1.71847
11.5502	9.27052	0	2.25431
9.31583	7.57384	0	1.71674
11.1844	9.10474	0	2.07963
10.0202	8.22817	0	1.76678
11.6844	9.40819	0	2.25089
10.1917	8.47629	0	1.71544
11.6232	9.36946	0	2.22841
10.0758	8.28283	0	1.79293
11.6232	9.39478	0	2.17777
9.3892	7.77385	0	1.61535
11.5891	9.31174	0	2.27733
10.1259	8.1864	0	1.88917
11.1984	9.12085	0	2.05219
9.83316	8.11426	0	1.71891
11.4271	9.39563	0	2.03149
9.96711	8.19631	0	1.74551
11.1196	9.06788	0	2.02634
9.87623	8.10811	0	1.76812
11.4742	9.37183	0	2.077
10.0076	8.21329	0	1.76902
11.1477	9.17152	0	1.97618
9.95956	8.31648	0	1.6178
11.7379	9.48647	0	2.25145
10.0303	8.28701	0	1.71804
11.0661	9.11623	0	1.94986
9.94698	8.28074	0	1.641
11.4742	9.32118	0	2.15299
9.96459	8.16894	0	1.79565
11.7602	9.3829	0	2.32676
9.99747	8.3017	0	1.69577
11.1336	9.0334	0	2.0496
9.47209	7.805	0	1.66709
10.7992	8.87709	0	1.9221
11.083	9.15992	0	1.89777
10.3291	8.53165	0	1.79747
11.6144	9.59008	0	1.99899
9.4516	7.80895	0	1.61739
11.7781	9.47315	0	2.27964
9.79798	8.13131	0	1.64141
11.6485	9.47075	0	2.17777
10.0354	8.39232	0	1.64307
11.5394	9.43444	0	2.05427
9.97223	8.205	0	1.76723
11.4829	9.40431	0	2.07858
10.1288	8.31018	0	1.79338
11.3026	9.19919	0	2.07805
10.0051	8.36281	0	1.64224
11.336	9.21053	0	2.12551
9.52742	7.9353	0	1.59212
11.1872	9.23389	0	1.92796
9.6815	8.19009	0	1.46613
11.2772	9.17385	0	2.1034
9.85346	8.28701	0	1.54118
11.5161	9.36472	0	2.12604
9.6766	8.08489	0	1.59171
11.3561	9.20152	0	2.15463
9.85346	8.18595	0	1.66751
11.4119	9.18522	0	2.22672
9.87374	8.18182	0	1.66667
10.5716	8.5736	0	1.97269
9.7524	8.21122	0	1.54118
11.3982	9.32118	0	2.05167
9.66928	8.15451	0	1.48952
11.4684	9.31646	0	2.1519
9.83316	8.26593	0	1.56724
11.6261	9.49848	0	2.077
9.95956	8.21537	0	1.74419
11.6067	9.57932	0	2.02737
10.0379	8.31858	0	1.69406
11.6544	9.52622	0	2.1282
9.98483	8.2912	0	1.69363
11.5443	9.44304	0	2.07595
9.50215	7.98585	0	1.5163
11.4995	9.5998	0	1.87437
9.87374	8.20707	0	1.66667
11.6679	9.64313	0	1.97418
10.1618	8.41759	0	1.74419
11.0043	9.05641	0	1.94789
10.67	8.84956	0	1.82048
11.0268	9.00354	0	2.02327
11.0746	9.15297	0	1.89633
10.3291	8.53165	0	1.77215
11.6067	9.57932	0	2.02737
9.57554	7.83224	0	1.7433
11.6291	9.47555	0	2.1282
9.87092	8.14984	0	1.72108
11.1957	9.24092	0	1.92942
9.90877	8.41358	0	1.49518
11.5463	9.56256	0	1.98372
9.93159	8.31011	0	1.59615
11.0604	9.10705	0	1.92796
10.1948	8.47458	0	1.69492
11.47	9.63886	0	1.83113
9.94698	8.35648	0	1.59051
11.3136	9.21286	0	2.05011
10	8.35859	0	1.64141
11.6203	9.49367	0	2.12658
9.95201	8.3607	0	1.59131
11.2911	9.26582	0	2
9.83068	8.23856	0	1.59212
11.5336	9.5564	0	1.97719
9.82323	8.33333	0	1.46465
11.592	9.49127	0	2.10073
9.93177	8.28911	0	1.64266
11.2152	9.26582	0	1.92405
10.0051	8.43861	0	1.56645
11.3988	9.57096	0	1.80249
9.80045	8.18388	0	1.61657
11.6291	9.57689	0	2.05219
9.8915	8.22609	0	1.61494
10.8971	8.81906	0	2.05271
9.08631	7.41584	0	1.64515
11.249	9.12085	0	2.10286
9.32996	7.56005	0	1.74463
11.2462	8.94124	0	2.27964
9.96459	8.19423	0	1.77036
11.5784	9.37421	0	2.20421
10.0303	8.26175	0	1.7433
11.5053	9.42727	0	2.05271
9.71731	7.82433	0	1.86774
11.1392	9.01266	0	2.12658
9.99495	8.02625	0	1.94346
11.3619	9.30763	0	2.02891
10.1061	8.18595	0	1.92016
11.5979	9.47075	0	2.1018
10.3719	8.62636	0	1.74551
10.8129	8.83768	0	1.94986
10.9762	9.00354	0	1.97269
10.5063	8.55696	0	1.94937
11.5326	9.3829	0	2.09914
10.0859	8.24065	0	1.8453
11.6662	9.63733	0	2.02891
9.82323	7.92929	0	1.89394
11.5336	9.37896	0	2.15463
10.101	8.28283	0	1.79293
11.5531	9.39954	0	2.15353
9.97979	8.38807	0	1.56645
11.7602	9.58523	0	2.17501
10.048	8.35648	0	1.69149
11.5813	9.57932	0	1.97669
9.6611	8.19423	0	1.46687
11.6709	9.59494	0	2.05063
9.92675	8.43647	0	1.49028
11.5307	9.52864	0	1.97669
10.0278	8.38596	0	1.61657
11.5161	9.44065	0	2.07542
9.92926	8.38807	0	1.54118
11.5336	9.48035	0	2.02788
9.88622	8.41972	0	1.4665
11.7081	9.68069	0	2.02737
10.0908	8.37538	0	1.69021
11.7156	9.64069	0	2.0496
9.909	8.41759	0	1.49141
11.4713	9.59737	0	1.87389
10.0329	8.49128	0	1.5163
11.6709	9.62025	0	2.05063
10.1036	8.48699	0	1.61657
11.665	9.59008	0	2.0496
9.85097	8.3607	0	1.49028
11.632	9.78206	0	1.82463
9.95452	8.41334	0	1.51592
11.5336	9.65779	0	1.87579
9.9393	8.34598	0	1.59332
11.6544	9.72891	0	1.90018
9.95956	8.41759	0	1.51668
11.7379	9.76474	0	1.97318
10.0051	8.56493	0	1.44012
11.5638	9.66599	0	1.89777
9.94196	8.27656	0	1.6654
11.2911	9.49367	0	1.79747
9.94698	8.28074	0	1.641
11.4488	9.65046	0	1.77305
10.0379	8.44501	0	1.59292
11.0633	9.26582	0	1.79747
10.6195	8.9507	0	1.64349
10.7062	8.98507	0	1.72108
11.2402	9.34579	0	1.89442
10.2707	8.62636	0	1.59373
11.7513	9.75486	0	1.99646
9.77823	8.11492	0	1.66331
11.4322	9.6071	0	1.8251
9.93946	8.45106	0	1.46317
11.2069	9.48276	0	1.72414
9.85097	8.43647	0	1.4145
11.5277	9.6529	0	1.84951
9.97475	8.35859	0	1.59091
11.635	9.65779	0	1.97719
9.90399	8.48914	0	1.41486
11.6291	9.6529	0	1.97618
10.1186	8.52889	0	1.53924
11.6096	9.73384	0	1.87579
10.1212	8.40485	0	1.7163
11.7602	9.73698	0	2.02327
9.97727	8.3607	0	1.61657
11.4401	9.59251	0	1.84763
10.048	8.43221	0	1.56526
11.2601	9.18522	0	2.0496
10.0707	8.40485	0	1.66583
11.3642	9.23817	0	2.12604
9.90649	8.26384	0	1.61739
11.5813	9.55398	0	2.00203
10.0505	8.53535	0	1.51515
11.6067	9.68069	0	1.90066
9.9115	8.47029	0	1.44121
11.5872	9.60953	0	1.95233
9.91401	8.37127	0	1.54274
11.7766	9.59391	0	2.18274
9.97721	8.45784	0	1.51937
11.6586	9.70282	0	1.9304
10.0658	8.44714	0	1.59332
11.6078	9.70282	0	1.8796
9.99747	8.47887	0	1.5186
11.796	9.69051	0	2.10553
10.0808	8.48914	0	1.59171
11.6232	9.64801	0	1.94986
9.83855	8.17356	0	1.63976
11.4858	9.63489	0	1.85091
10.0126	8.44501	0	1.56764
11.6738	9.67334	0	1.97518
10.0202	8.42611	0	1.56883
11.592	9.69375	0	1.89825
10.699	8.90739	0	1.76634
11.1055	9.23349	0	1.872
10.9818	9.31174	0	1.64474
10.529	8.93445	0	1.59453
11.4655	9.66844	0	1.7717
10.0202	8.42611	0	1.59413
12.0162	9.91652	0	2.07437
9.92174	8.28074	0	1.641
11.6932	9.66844	0	2.0248
10.1186	8.57936	0	1.48877
11.8361	9.68639	0	2.14972
10.1263	8.48485	0	1.64141
10.9759	9.20152	0	1.7744
10.1084	8.49508	0	1.5881
11.5024	9.52622	0	1.95085
9.6644	8.12516	0	1.53924
11.6261	9.57447	0	2.05167
10.1742	8.58369	0	1.56526
11.5979	9.62269	0	1.94986
9.85097	8.33544	0	1.51553
11.6008	9.62513	0	1.95035
10.0934	8.40273	0	1.69064
11.5589	9.65779	0	1.90114
9.95452	8.53967	0	1.38959
11.5648	9.66269	0	1.9021
10.0985	8.60894	0	1.48952
11.5667	9.54189	0	1.99949
10.1639	8.44893	0	1.71501
11.6338	9.55994	0	2.07385
9.97727	8.53751	0	1.43976
11.6232	9.59737	0	2.00051
9.97475	8.40909	0	1.5404
11.7156	9.66599	0	2.02429
10.3127	8.59808	0	1.71457
11.5132	9.43826	0	2.0749
10.1413	8.52674	0	1.61453
11.7156	9.7419	0	1.92308
10.0076	8.49128	0	1.5163
11.632	9.73137	0	1.87532
10.101	8.53535	0	1.56566
11.7439	9.74437	0	1.97418
10.053	8.48699	0	1.54079
11.4684	9.62025	0	1.8481
10.0227	8.48271	0	1.54002
11.6873	9.79003	0	1.872
9.97223	8.40697	0	1.56526
11.6426	9.69375	0	1.92356
10.634	8.99217	0	1.64183
11.3217	9.42633	0	1.89538
11.0971	9.27705	0	1.79474
10.7549	9.03812	0	1.69149
11.7588	9.7401	0	2.01867
10.2324	8.53967	0	1.69277
11.9686	9.91903	0	2.02429
9.74501	8.205	0	1.54002
11.7126	9.61295	0	2.07437
9.92675	8.58803	0	1.33872
11.4488	9.65046	0	1.79838
10.2067	8.61895	0	1.5877
11.7855	9.73698	0	2.02327
9.95452	8.46387	0	1.49065
11.7602	9.76227	0	1.97269
10.0656	8.52674	0	1.51362
11.7811	9.72891	0	2.05219
10.0227	8.55844	0	1.46428
11.4235	9.49848	0	1.92503
9.93177	8.44074	0	1.49103
11.8168	9.7419	0	2.02429
10.048	8.45746	0	1.59051
11.5073	9.61052	0	1.89681
9.76779	8.35437	0	1.41343
11.5803	9.50695	0	2.04804
9.7401	8.27656	0	1.46354
11.4235	9.52381	0	1.8997
9.94698	8.45746	0	1.46428
11.3337	9.53347	0	1.8002
9.97223	8.38172	0	1.56526
11.5949	9.64557	0	1.89873
9.87374	8.33333	0	1.5404
11.8554	9.75733	0	2.0728
10.0051	8.5902	0	1.41486
11.7885	9.73944	0	2.04908
10.1438	8.50366	0	1.61494
11.6873	9.76474	0	1.92259
9.8915	8.37749	0	1.514
11.6932	9.79499	0	1.87294
10.1212	8.50581	0	1.61535
11.6873	9.71414	0	1.97318
10.0025	8.51225	0	1.43976
11.5784	9.75424	0	1.82417
10.2344	8.5455	0	1.68893
11.6709	9.74684	0	1.92405
10.2874	8.64851	0	1.5885
11.6679	9.84561	0	1.82232
10.5356	8.84285	0	1.69277
11.4986	9.65378	0	1.84483
11.1392	9.24476	0	1.8439
11.0298	9.16204	0	1.86774
11.5938	9.69942	0	1.89442
10.3962	8.85693	0	1.53924
11.9879	9.91401	0	2.04856
9.99243	8.37749	0	1.5897
11.625	9.67905	0	1.94592
10.0908	8.55197	0	1.53885
11.8764	9.72398	0	2.12712
10.0962	8.55263	0	1.54352
11.8631	9.83523	0	2.02788
10.1519	8.73418	0	1.41772
11.6857	9.65779	0	1.97719
10.0759	8.63291	0	1.44304
11.8274	9.89848	0	1.92893
10.0936	8.49987	0	1.56843
11.6214	9.71835	0	1.8777
10.0959	8.632	0	1.46391
11.6726	9.70187	0	1.97069
10.1084	8.59592	0	1.51248
11.6932	9.76968	0	1.92356
9.98231	8.51655	0	1.46576
11.7855	9.78756	0	1.9474
10.1212	8.60676	0	1.51439
11.6008	9.70111	0	1.8997
10.1515	8.4596	0	1.66667
11.8019	9.80541	0	1.97119
10.149	8.60894	0	1.54002
11.7021	9.75177	0	1.95035
10.0051	8.48914	0	1.51592
11.7796	9.73205	0	1.99697
10.0278	8.48699	0	1.54079
11.735	9.73698	0	1.99798
9.92926	8.41334	0	1.51592
11.6962	9.74684	0	1.94937
10.0959	8.632	0	1.46391
11.6709	9.6962	0	1.94937
10.1665	8.60242	0	1.53885
11.2487	9.45399	0	1.79474
10.1237	8.48271	0	1.61575
11.6456	9.82278	0	1.82278
10.1464	8.58152	0	1.56487
11.519	9.59494	0	1.92405
10.2926	8.55197	0	1.71544
11.7439	9.74437	0	1.97418
10.5954	8.82947	0	1.76589
11.347	9.60323	0	1.74375
11.0662	9.24709	0	1.79384
10.7242	9.00833	0	1.71587
11.6949	9.85097	0	1.79338
10.1819	8.38807	0	1.79384
11.9271	9.95189	0	1.94986
9.87374	8.25758	0	1.61616
11.6096	9.65779	0	1.95184
10.0126	8.39849	0	1.61412
11.8049	9.83316	0	1.97169
9.98231	8.49128	0	1.49103
11.8999	9.85346	0	1.99596
10.0985	8.5332	0	1.56526
11.6679	9.69375	0	1.97418
9.90649	8.39019	0	1.5163
11.6008	9.80243	0	1.79838
10.1917	8.57719	0	1.5893
11.4879	9.56478	0	1.92308
10.1588	8.59592	0	1.53769
11.7602	9.76227	0	1.97269
10.0202	8.58152	0	1.43867
11.7126	9.76474	0	1.94789
10.1336	8.59592	0	1.51248
11.5813	9.73137	0	1.84997
9.87124	8.43221	0	1.43903
11.9282	9.88122	0	2.04701
10.237	8.64851	0	1.56329
11.6873	9.76474	0	1.92259
10.1135	8.67591	0	1.41236
11.732	9.81037	0	1.92162
10.1135	8.52459	0	1.56368
11.5589	9.75919	0	1.79975
9.98487	8.49723	0	1.48764
11.7855	9.83814	0	1.89681
10.0834	8.51655	0	1.56684
11.7126	9.73944	0	1.97318
9.98231	8.46601	0	1.5163
11.6485	9.72398	0	1.89921
9.77767	8.26175	0	1.51592
11.7468	9.89873	0	1.8481
10.2144	8.52459	0	1.66456
11.8674	9.84312	0	2.02429
10.0707	8.55628	0	1.48915
11.662	9.79003	0	1.8467
9.82323	8.30808	0	1.51515
11.6232	9.79995	0	1.82325
10.3309	8.6638	0	1.64183
11.5492	9.65378	0	1.89538
10.763	9.07024	0	1.66751
10.8388	9.1713	0	1.66751
11.184	9.31583	0	1.84297
10.3161	8.72314	0	1.59292
11.665	9.76721	0	1.87247
9.90649	8.33965	0	1.56684
11.7901	9.93915	0	1.85091
10.0151	8.40061	0	1.61453
11.555	9.60809	0	1.92162
10.0883	8.54981	0	1.51324
11.7573	9.73451	0	2.02276
9.93177	8.59237	0	1.3394
11.6679	9.79499	0	1.84763
10.1387	8.52459	0	1.5889
11.6962	9.79747	0	1.89873
10.0985	8.55844	0	1.54002
11.7215	9.77215	0	1.94937
10.1892	8.57503	0	1.5889
11.7156	9.7166	0	1.97368
10.0454	8.58152	0	1.46391
11.6768	9.80243	0	1.87437
9.8915	8.40273	0	1.48877
11.6992	9.72398	0	1.97518
10.1537	8.59158	0	1.53691
11.7632	9.84063	0	1.92259
10.1866	8.49723	0	1.66415
11.6056	9.70923	0	1.89633
10.1464	8.53104	0	1.56487
11.7573	9.83565	0	1.92162
10.1464	8.53104	0	1.61535
11.632	9.73137	0	1.90066
10.0934	8.52889	0	1.53924
11.5648	9.7895	0	1.7753
9.99495	8.53104	0	1.46391
11.6886	9.76166	0	1.90162
9.91903	8.3249	0	1.56883
11.7289	9.82483	0	1.90404
10.0859	8.49343	0	1.56724
11.6137	9.8094	0	1.80432
10.1391	8.622	0	1.49178
11.6692	9.89346	0	1.77575
10.1013	8.63291	0	1.44304
11.8318	9.98227	0	1.84951
10.0707	8.53104	0	1.53963
11.6085	9.81285	0	1.79565
9.99748	8.48271	0	1.51477
11.8969	10.0025	0	1.8439
10.5701	8.80424	0	1.76589
11.274	9.45399	0	1.82002
11.1673	9.39869	0	1.76857
10.8558	9.13911	0	1.71674
11.3751	9.63094	0	1.71891
10.2752	8.65943	0	1.59051
11.9535	10.0834	0	1.84483
10.0076	8.46988	0	1.51248
11.555	9.58281	0	1.97219
9.86875	8.45533	0	1.41343
11.5082	9.58175	0	1.92649
10	8.48485	0	1.51515
11.8301	9.70677	0	2.0728
10.1892	8.57503	0	1.61412
11.8078	9.7598	0	2.04804
10.1438	8.57936	0	1.514
11.7021	9.7771	0	1.92503
10.0859	8.59454	0	1.49141
11.7632	9.81533	0	1.94789
10.0454	8.58152	0	1.43867
11.8747	9.87873	0	1.99596
10.2118	8.67373	0	1.53807
11.3303	9.53465	0	1.74507
10.0908	8.62765	0	1.46317
11.7126	9.76474	0	1.94789
10.2674	8.60242	0	1.66498
11.6232	9.69866	0	1.89921
10.1438	8.65506	0	1.46354
11.7855	9.73698	0	2.04856
10.1793	8.58803	0	1.54079
11.6992	9.79995	0	1.89921
10.1186	8.47843	0	1.64017
11.6992	9.8506	0	1.84857
10.0076	8.5671	0	1.41521
11.7766	9.72959	0	2.04701
10.0253	8.43434	0	1.59091
11.5385	9.7166	0	1.79656
10.1036	8.58803	0	1.51553
11.6008	9.82776	0	1.77305
10.048	8.58369	0	1.43903
11.5579	9.76227	0	1.77036
10.2195	8.65506	0	1.56447
11.7826	9.9115	0	1.87105
10.1716	8.65724	0	1.48915
11.8078	9.88622	0	1.92162
10.048	8.50795	0	1.51477
11.8049	10.0354	0	1.74419
10.5636	8.97144	0	1.59212
11.316	9.57312	0	1.74286
11.0971	9.42872	0	1.64307
10.7323	8.88889	0	1.84343
11.4675	9.6489	0	1.79338
10.3883	8.74937	0	1.63893
11.8258	9.97721	0	1.84857
9.96217	8.42371	0	1.51324
11.7855	9.78756	0	1.99798
10.1135	8.65069	0	1.4628
11.7156	9.81781	0	1.89777
10.048	8.55844	0	1.46428
11.9403	9.96711	0	1.97318
10.0025	8.58803	0	1.38924
11.9282	9.90649	0	2.02173
10.2092	8.59592	0	1.61331
11.4995	9.70111	0	1.79838
10.2092	8.64633	0	1.53769
11.7796	9.83316	0	1.92113
10.2221	8.70772	0	1.51439
11.8301	9.85844	0	1.97169
10.0908	8.6781	0	1.41271
11.7186	9.8203	0	1.87294
9.96217	8.60025	0	1.36192
11.7439	9.87092	0	1.84763
10.1994	8.76041	0	1.43903
11.7156	9.89372	0	1.79656
10.1186	8.73076	0	1.3626
11.6844	9.83814	0	1.84623
10.0429	8.52889	0	1.514
11.3642	9.64313	0	1.72108
10.0832	8.52029	0	1.53769
11.5521	9.6815	0	1.8453
9.92675	8.56277	0	1.36398
11.6397	9.76721	0	1.87247
10.116	8.65288	0	1.43794
11.8242	9.92926	0	1.8949
10.2919	8.73176	0	1.53498
11.8049	9.909	0	1.87058
10.1464	8.65724	0	1.48915
11.8301	9.909	0	1.89585
10	8.56061	0	1.43939
11.7409	9.84312	0	1.87247
10.1237	8.60894	0	1.51477
11.8078	9.93679	0	1.87105
9.98988	8.49772	0	1.49216
11.7439	10.0481	0	1.69577
10.4719	8.88216	0	1.5897
11.5851	9.81827	0	1.7163
10.7377	9.14603	0	1.59171
10.9343	9.14141	0	1.76768
11.4704	9.77767	0	1.69277
10.3361	8.79454	0	1.54157
11.8734	10.0759	0	1.77215
9.94949	8.35859	0	1.56566
11.732	9.83565	0	1.89633
10.3275	8.6398	0	1.63728
11.4459	9.72398	0	1.72195
10.0076	8.46601	0	1.54157
11.7409	9.81781	0	1.89777
10.2473	8.60676	0	1.61535
11.7035	9.82483	0	1.87865
10.3161	8.69785	0	1.6182
11.7005	9.79695	0	1.90355
9.97979	8.56493	0	1.41486
11.796	9.89346	0	1.87722
10.235	8.69345	0	1.5163
11.9331	9.98227	0	1.95085
10.1365	8.77149	0	1.33974
11.7722	9.92405	0	1.8481
10.0857	8.69894	0	1.38679
11.6768	9.85309	0	1.82371
9.91423	8.50151	0	1.38749
11.7632	9.86592	0	1.872
10.0934	8.57936	0	1.514
11.6798	9.77958	0	1.90018
9.97979	8.5902	0	1.38959
11.6932	9.92154	0	1.72108
10.0681	8.60459	0	1.46354
11.5579	9.73698	0	1.82094
10.0202	8.68248	0	1.33771
11.8049	10.0101	0	1.79474
10.237	8.74937	0	1.46243
11.7067	9.86094	0	1.84576
10.2319	8.74496	0	1.4869
11.5579	9.71168	0	1.82094
10.1387	8.75158	0	1.38714
11.7379	9.91652	0	1.7961
10.1438	8.68029	0	1.46354
11.8584	10.0379	0	1.7952
10.3231	8.70772	0	1.61535
11.7081	9.90877	0	1.77395
10.2344	8.72196	0	1.51248
11.7826	10.0379	0	1.74463
10.444	8.87992	0	1.53885
11.3723	9.67905	0	1.66793
10.8586	9.19192	0	1.66667
10.6754	9.08171	0	1.59373
11.622	9.80293	0	1.8191
10.303	8.86364	0	1.41414
11.9686	10.1468	0	1.79656
9.85346	8.43861	0	1.41486
11.6992	10.0532	0	1.64599
10.1815	8.82056	0	1.33569
11.6992	9.92656	0	1.74728
10.0783	8.76484	0	1.31346
11.5696	9.79747	0	1.77215
10.2144	8.87768	0	1.3367
11.8271	9.98231	0	1.84483
10.2319	8.77016	0	1.43649
11.8524	9.95704	0	1.89538
10.1413	8.70333	0	1.41271
11.6738	9.90124	0	1.7726
9.93695	8.57503	0	1.36192
11.7573	9.96207	0	1.76991
10.2344	8.79758	0	1.43685
11.6515	9.85309	0	1.79838
10.0959	8.73296	0	1.36295
11.8464	9.95201	0	1.86916
10.149	8.78566	0	1.36329
11.5161	9.87092	0	1.64515
10.217	8.77901	0	1.41271
11.7186	9.94685	0	1.74639
10.2144	8.72636	0	1.48802
11.7617	9.89399	0	1.86774
10.3075	8.87097	0	1.43649
11.8019	9.93177	0	1.84483
10.3127	8.77458	0	1.53807
11.8717	10.0025	0	1.8439
10.2221	8.73296	0	1.46391
11.5297	9.78508	0	1.74463
10.053	8.6638	0	1.38924
11.8747	10.1061	0	1.76857
10.0985	8.76041	0	1.33805
11.7379	9.91652	0	1.7961
10.0278	8.63855	0	1.36398
11.7186	9.97216	0	1.74639
10.0303	8.5902	0	1.44012
11.8524	10.0329	0	1.79429
10.2952	8.65506	0	1.64017
11.8122	10.0707	0	1.7163
10.6168	9.1001	0	1.51668
11.2121	9.5202	0	1.69192
11.1448	9.52742	0	1.61739
10.5808	8.9899	0	1.59091
