3010.049
2399.356
1730.527
1550.024
1341.626
1057.920
957.449
801.369
730.565
699.575
665.693
616.514
563.719
525.924
509.024
485.626
523.139
485.918
478.025
462.926
420.735
438.831
429.145
445.828
448.627
470.123
453.733
481.221
419.033
397.046
531.941
544.841
463.843
462.630
472.027
498.820
504.320
531.136
519.023
536.939
572.215
539.210
554.808
517.619
652.874
566.398
508.618
492.341
533.303
496.428
520.024
508.323
483.620
467.418
457.617
431.626
428.537
539.327
424.726
557.521
456.919
559.913
450.345
544.228
460.544
421.423
460.837
450.230
452.423
468.139
450.552
479.250
613.203
474.515
515.430
595.140
479.346
489.544
476.827
461.224
472.325
483.346
572.352
466.453
464.856
470.951
459.250
440.023
451.232
561.933
579.040
479.249
484.952
590.845
469.244
533.509
589.699
556.123
565.015
560.508
530.312
533.810
571.811
570.924
594.103
578.021
559.407
577.413
597.999
575.697
561.904
537.809
613.307
587.904
551.303
557.923
587.132
569.439
566.635
583.536
571.108
606.810
623.205
611.512
608.131
666.523
614.727
637.726
623.528
667.927
626.624
616.298
645.398
634.310
598.108
680.093
633.005
616.716
642.828
635.629
616.023
653.721
623.231
620.527
608.724
613.913
672.423
623.333
656.424
671.089
666.091
623.602
629.002
664.531
590.521
646.292
674.006
675.494
659.287
708.805
695.092
689.894
728.593
727.087
754.069
763.982
744.978
754.921
757.614
777.378
750.994
798.813
815.913
730.815
824.116
821.104
859.202
860.519
840.615
894.117
904.104
910.593
906.989
932.287
1016.650
1047.535
1099.273
1127.576
1120.335
1087.785
1104.068
1111.960
1130.061
1173.642
1242.912
1255.482
1211.367
1221.484
1264.665
1267.363
1303.241
1354.427
1346.629
1323.727
1344.294
1342.799
1316.851
1370.170
1368.415
1373.608
1406.311
1376.548
1389.952
1425.424
1397.836
1417.592
1452.972
1432.316
1435.958
1445.856
1396.181
1444.628
1490.931
1466.414
1469.804
1510.037
1503.727
1467.698
1509.123
1556.491
1552.033
1472.663
1448.611
1500.576
1500.584
1487.897
1518.117
1469.646
1523.612
1557.816
1523.231
1485.029
1571.436
1488.008
1586.164
1569.912
1542.803
1560.659
1542.246
1507.606
1503.339
1495.087
1516.459
1514.754
1546.385
1548.089
1498.174
1569.021
1523.462
1547.228
1573.484
1463.085
1518.907
1566.985
1510.781
1538.902
1511.677
1511.651
1563.963
1567.235
1561.594
1492.152
1593.196
1562.842
1531.756
1423.534
1513.818
1575.308
1560.616
1514.931
1503.629
1516.396
1573.190
1577.574
1551.854
1557.612
1627.038
1563.390
1592.010
1597.800
1600.137
1572.937
1611.272
1595.535
1621.079
1596.166
1570.696
1633.670
1574.296
1560.783
1547.600
1558.622
1533.339
1537.214
1645.553
1550.105
1644.199
1630.329
1632.883
1619.756
1645.764
1543.396
1611.212
1598.640
1591.025
1578.137
1587.234
1579.646
1613.799
1564.572
1602.819
1554.941
1570.560
1550.113
1578.534
1613.987
1465.316
1565.557
1597.340
1549.547
1623.021
1598.516
1567.936
1572.133
1551.223
1543.428
1516.712
1550.615
1554.437
1561.142
1478.128
1527.752
1545.449
1561.964
1589.926
1577.538
1519.713
1543.474
1529.368
1530.524
1546.516
1591.803
1544.847
1506.938
1545.719
1507.457
1537.085
1539.539
1543.227
1495.476
1550.385
1517.100
1523.571
1523.584
1550.434
1414.757
1584.105
1622.317
1675.301
1626.128
1680.330
1686.079
1667.316
1652.637
1665.022
1617.546
1636.586
1624.535
1608.838
1585.101
1587.403
1558.477
1571.063
1566.888
1549.923
1564.230
1542.305
1548.333
1515.639
1530.674
1539.525
1500.030
1527.993
1501.298
1488.032
1489.657
1487.721
1512.932
1508.338
1480.835
1477.441
1495.395
1551.687
1538.748
1542.945
1527.285
1520.968
1509.504
1536.529
1565.931
1550.413
1524.478
1533.724
1519.219
1534.434
1545.907
1534.121
1557.722
1543.131
1515.328
1523.031
1511.423
1503.406
1503.026
1502.553
1464.034
1498.721
1501.869
1492.100
1543.820
1544.738
1499.854
1477.762
1510.145
1498.021
1554.733
1516.919
1549.352
1519.229
1496.742
1484.930
1489.444
1527.756
1512.846
1479.923
1483.356
1485.444
1461.317
1495.848
1491.535
1473.406
1478.128
1525.144
1460.548
1455.447
1469.121
1455.980
1482.456
1481.232
1481.346
1453.742
1493.736
1471.975
1467.021
1473.620
1483.858
1495.138
1472.250
1450.634
1483.856
1485.106
1452.206
1467.652
1495.041
1470.471
1454.894
1465.079
1499.185
1494.364
1494.990
1487.304
1484.139
1505.082
1494.094
1477.332
1442.952
1472.045
1443.941
1493.327
1451.548
1426.451
1520.726
1515.108
1494.842
1499.779
1506.899
1495.599
1475.141
1479.153
1444.255
1444.896
1475.069
1444.703
1404.785
1476.955
1464.811
1493.137
1475.452
1490.297
1479.803
1433.331
1462.317
1457.593
1436.027
1465.397
1451.014
1459.073
1452.405
1434.116
1461.027
1438.654
1440.609
1449.476
1442.972
1437.120
1461.252
1469.444
1460.938
1432.341
1436.238
1452.932
1435.914
1416.020
1430.862
1400.038
1402.036
1470.737
1436.588
1430.590
1388.496
1400.902
1452.259
1454.811
1444.741
1419.634
1423.666
1398.227
1405.730
1457.834
1468.648
1442.724
1475.096
1428.904
1434.221
1441.053
1401.446
1430.029
1395.062
1391.242
1428.143
1431.716
1398.318
1400.808
1422.818
1435.445
1418.933
1400.331
1424.949
1416.942
1395.776
1384.730
1423.752
1386.423
1390.408
1384.104
1391.919
1425.424
1406.907
1413.848
1419.640
1405.033
1380.255
1364.742
1411.942
1428.159
1415.332
1415.737
1436.139
1413.051
1410.750
1414.057
1389.859
1387.813
1376.023
1413.090
1405.966
1384.332
1371.680
1386.950
1387.139
1377.672
1375.949
1384.257
1379.251
1361.746
1368.640
1369.955
1345.946
1390.184
1342.426
1346.739
1349.755
1363.158
1365.462
1367.682
1385.833
1392.850
1355.856
1382.258
1345.251
1336.461
1384.452
1337.047
1363.554
1343.081
1361.963
1364.441
1338.153
1376.044
928.108
