======================
   8      48 sdd 32870 0 262558 5291668 115967643 36387357 8572536096 374945958 0 35663201 380109673
======================
   8      48 sdd 32881 0 262646 5292907 115969798 36387357 8573894304 375526937 150 35667934 380718222
======================
   8      48 sdd 32886 0 262686 5294087 115971901 36387383 8575212744 376163694 141 35672937 381354636
======================
   8      48 sdd 32892 0 262734 5295240 115973986 36387396 8576524872 376781079 145 35677940 381973558
======================
   8      48 sdd 32897 0 262774 5296405 115976075 36387408 8577838920 377403084 149 35682943 382596821
======================
   8      48 sdd 32902 0 262814 5297795 115978162 36387421 8579152328 378002331 137 35687945 383196851
======================
   8      48 sdd 32908 0 262862 5299007 115980250 36387434 8580466376 378608576 132 35692946 383804438
======================
   8      48 sdd 32913 0 262902 5300137 115982341 36387446 8581781448 379229191 125 35697949 384425872
======================
   8      48 sdd 32918 0 262942 5301029 115984429 36387459 8583095496 379867849 120 35702953 385064454
======================
   8      48 sdd 32924 0 262990 5302189 115986516 36387472 8584408904 380476197 90 35707955 385671605
======================
   8      48 sdd 32930 0 263038 5303533 115988607 36387485 8585724240 381116599 156 35712959 386316341
======================
   8      48 sdd 32934 0 263070 5304375 115990694 36387498 8587037392 381776266 79 35717962 386972294
======================
   8      48 sdd 32941 0 263126 5305928 115992780 36387511 8588350160 382384291 128 35722964 387584842
======================
   8      48 sdd 32945 0 263158 5307077 115994873 36387524 8589666144 382997450 68 35727967 388194452
======================
   8      48 sdd 32950 0 263198 5308539 115996960 36387537 8590979552 383599190 64 35732970 388796569
======================
   8      48 sdd 32957 0 263254 5310100 115999047 36387550 8592292960 384207597 147 35737973 389403076
======================
   8      48 sdd 32961 0 263286 5311400 116001138 36387562 8593608032 384800832 27 35742976 389992577
======================
   8      48 sdd 32966 0 263326 5312667 116003226 36387575 8594922080 385409158 22 35747980 390600547
======================
   8      48 sdd 32973 0 263382 5314140 116005312 36387588 8596234848 386009279 136 35752982 391213931
======================
   8      48 sdd 32978 0 263422 5315264 116007403 36387600 8597550176 386618223 153 35757985 391828851
======================
   8      48 sdd 32982 0 263454 5316216 116009491 36387613 8598864096 387246382 7 35762988 392436697
======================
   8      48 sdd 32989 0 263510 5317636 116011577 36387626 8600176992 387840266 153 35767989 393052712
======================
   8      48 sdd 32994 0 263550 5318903 116013666 36387638 8601490784 388461457 122 35772992 393652715
======================
   8      48 sdd 32999 0 263590 5319765 116015753 36387651 8602804192 389075686 138 35777995 394290958
======================
   8      48 sdd 33005 0 263638 5320784 116017840 36387665 8604117608 389709257 147 35782998 394926438
======================
   8      48 sdd 33010 0 263678 5321952 116019931 36387678 8605432312 390341638 144 35788001 395549251
======================
   8      48 sdd 33015 0 263718 5323132 116022017 36387691 8606745080 390959479 135 35793004 396170217
======================
   8      48 sdd 33021 0 263766 5324258 116024105 36387704 8608059000 391568231 133 35798007 396788624
======================
   8      48 sdd 33026 0 263806 5325428 116026195 36387716 8609373560 392197113 137 35803010 397409832
======================
   8      48 sdd 33031 0 263846 5326587 116028282 36387729 8610686968 392834680 158 35808012 398050307
======================
   8      48 sdd 33037 0 263894 5327611 116030370 36387742 8612001016 393455347 150 35813014 398679096
======================
   8      48 sdd 33042 0 263934 5328780 116032461 36387754 8613316344 394079531 141 35818018 399300488
======================
   8      48 sdd 33047 0 263974 5329784 116034547 36387767 8614629112 394707890 130 35823021 399933775
======================
   8      48 sdd 33053 0 264022 5331226 116036633 36387780 8615941624 395296806 137 35828023 400524349
======================
   8      48 sdd 33058 0 264062 5332432 116038717 36387792 8617252472 395917892 134 35833026 401143536
======================
   8      48 sdd 33063 0 264102 5333688 116040777 36387805 8618548856 396529959 147 35838029 401760697
======================
   8      48 sdd 33069 0 264150 5335125 116042878 36387818 8619871224 397122492 141 35843030 402354033
======================
   8      48 sdd 33074 0 264190 5336091 116044977 36387831 8621190792 397754405 145 35848032 402986813
======================
   8      48 sdd 33079 0 264230 5337440 116047058 36387844 8622500360 398354716 146 35853035 403584157
======================
   8      48 sdd 33085 0 264278 5338410 116049145 36387857 8623813768 398980263 158 35858038 404214868
======================
   8      48 sdd 33090 0 264318 5339413 116051234 36387869 8625127816 399607875 144 35863041 404844012
======================
   8      48 sdd 33095 0 264358 5340767 116053319 36387882 8626439944 400205403 156 35868043 405440475
======================
   8      48 sdd 33101 0 264406 5341779 116055404 36387895 8627752072 400824705 149 35873044 406063076
======================
   8      48 sdd 33106 0 264446 5342939 116057493 36387908 8629066128 401471067 137 35878046 406709460
======================
   8      48 sdd 33111 0 264486 5344103 116059577 36387921 8630377360 402088822 136 35883049 407329186
======================
   8      48 sdd 33117 0 264534 5345329 116061664 36387934 8631690768 402695109 139 35888050 407936868
======================
   8      48 sdd 33122 0 264574 5346497 116063755 36387946 8633006096 403329301 129 35893053 408571661
======================
   8      48 sdd 33127 0 264614 5347661 116065842 36387959 8634319504 403948609 129 35898055 409192319
======================
   8      48 sdd 33133 0 264662 5348872 116067929 36387972 8635632912 404555492 128 35903058 409800394
======================
   8      48 sdd 33138 0 264702 5350264 116070020 36387985 8636947616 405157899 136 35908060 410404435
======================
   8      48 sdd 33143 0 264742 5351579 116072105 36387998 8638259488 405761962 138 35913063 411010525
======================
   8      48 sdd 33149 0 264790 5352825 116074193 36388011 8639573536 406369707 147 35918065 411618722
======================
   8      48 sdd 33154 0 264830 5354104 116076284 36388023 8640888864 406979831 128 35923068 412229694
======================
   8      48 sdd 33159 0 264870 5355353 116078369 36388036 8642200992 407594283 134 35928072 412846001
======================
   8      48 sdd 33165 0 264918 5356625 116080458 36388049 8643515680 408196914 133 35933074 413449502
======================
   8      48 sdd 33170 0 264958 5357746 116082549 36388061 8644830752 408818100 127 35938076 414071373
======================
   8      48 sdd 33175 0 264998 5358876 116084634 36388074 8646142880 409436032 151 35943079 414691253
======================
   8      48 sdd 33181 0 265046 5359828 116086722 36388087 8647456928 410059321 152 35948081 415315248
======================
   8      48 sdd 33186 0 265086 5360926 116088812 36388099 8648771616 410675882 150 35953083 415932833
======================
   8      48 sdd 33191 0 265126 5361864 116090898 36388112 8650084384 411305968 149 35958086 416563573
======================
   8      48 sdd 33197 0 265174 5363358 116092986 36388126 8651397808 411922474 141 35963089 417182194
======================
   8      48 sdd 33202 0 265214 5364539 116095076 36388138 8652712872 412560443 154 35968093 417821073
======================
   8      48 sdd 33207 0 265254 5365709 116097163 36388151 8654026280 413193093 142 35973097 418454899
======================
   8      48 sdd 33213 0 265302 5367204 116099250 36388164 8655339688 413802227 139 35978100 419065555
======================
   8      48 sdd 33218 0 265342 5368447 116101340 36388177 8656654888 414417069 128 35983102 419681041
======================
   8      48 sdd 33223 0 265382 5369845 116103426 36388190 8657967784 415009097 151 35988104 420275157
======================
   8      48 sdd 33229 0 265430 5371027 116105515 36388203 8659282216 415621391 154 35993108 420887998
======================
   8      48 sdd 33234 0 265470 5372075 116107604 36388216 8660596904 416245519 139 35998110 421513696
======================
   8      48 sdd 33239 0 265510 5373206 116109691 36388230 8661910320 416862821 121 36003113 422131314
======================
   8      48 sdd 33245 0 265558 5374508 116111780 36388243 8663224376 417458654 115 36008116 422727923
======================
   8      48 sdd 33251 0 265606 5375882 116113869 36388256 8664539064 418062024 150 36013119 423333465
======================
   8      48 sdd 33256 0 265646 5377040 116115957 36388270 8665852864 418705626 146 36018121 423977614
======================
   8      48 sdd 33261 0 265686 5378068 116118044 36388279 8667166872 419315111 99 36023124 424586599
======================
   8      48 sdd 33266 0 265726 5379238 116120136 36388297 8668482256 419932338 92 36028126 425203971
======================
   8      48 sdd 33271 0 265766 5380408 116122221 36388306 8669794984 420549599 89 36033130 425822384
======================
   8      48 sdd 33277 0 265814 5381634 116124309 36388322 8671109032 421164897 86 36038133 426438213
======================
   8      48 sdd 33283 0 265862 5383125 116126401 36388335 8672424144 421775883 144 36043136 427051963
======================
   8      48 sdd 33288 0 265902 5384294 116128488 36388348 8673737552 422394858 148 36048139 427674396
======================
   8      48 sdd 33294 0 265950 5385706 116130575 36388357 8675051560 422994511 144 36053142 428275458
======================
   8      48 sdd 33299 0 265990 5386952 116132666 36388373 8676366888 423614528 131 36058145 428893748
======================
   8      48 sdd 33304 0 266030 5388208 116134750 36388382 8677678376 424232067 157 36063148 429508435
======================
   8      48 sdd 33309 0 266070 5389333 116136841 36388395 8678994088 424842653 52 36068151 430117511
======================
   8      48 sdd 33314 0 266110 5390660 116138931 36388407 8680308776 425443547 46 36073153 430718323
======================
   8      48 sdd 33319 0 266150 5391976 116141016 36388420 8681620904 426046083 44 36078156 431322177
======================
   8      48 sdd 33326 0 266206 5393275 116143106 36388434 8682936240 426656166 132 36083160 431944175
======================
   8      48 sdd 33331 0 266246 5394413 116145196 36388446 8684250296 427278263 150 36088163 432564768
======================
   8      48 sdd 33336 0 266286 5395540 116147252 36388459 8685544120 427896877 154 36093165 433186006
======================
   8      48 sdd 33342 0 266334 5396645 116149343 36388472 8686859832 428519355 138 36098168 433805089
======================
   8      48 sdd 33347 0 266374 5397780 116151418 36388484 8688165176 429144180 141 36103172 434423188
======================
   8      48 sdd 33352 0 266414 5398904 116153511 36388497 8689482168 429763728 157 36108175 435037556
======================
   8      48 sdd 33357 0 266454 5400063 116155612 36388510 8690804536 430374312 32 36113178 435647075
======================
   8      48 sdd 33362 0 266494 5401185 116157702 36388522 8692118968 430996906 26 36118183 436269257
======================
   8      48 sdd 33367 0 266534 5402101 116159786 36388535 8693431648 431625348 24 36123185 436905927
======================
   8      48 sdd 33373 0 266582 5403388 116161874 36388540 8694745704 432258049 18 36128188 437538215
======================
   8      48 sdd 33379 0 266630 5404878 116163964 36388552 8696060392 432871928 152 36133191 438171567
======================
   8      48 sdd 33384 0 266670 5406196 116166050 36388565 8697373160 433498376 155 36138192 438780286
======================
started
   8      48 sdd 33448 0 267176 5407038 116167659 36388590 8698377768 433945232 0 36142023 439223347
======================
   8      48 sdd 33486 0 267480 5407069 116169761 36388590 8699461160 434446947 145 36145673 439745258
======================
   8      48 sdd 33486 0 267480 5407069 116172321 36388592 8700777016 435165162 148 36150676 440463100
======================
   8      48 sdd 33486 0 267480 5407069 116174876 36388593 8702089808 435881784 155 36155680 441179795
======================
   8      48 sdd 33486 0 267480 5407069 116177433 36388594 8703404296 436599795 128 36160683 441897417
======================
   8      48 sdd 33486 0 267480 5407069 116179993 36388595 8704719136 437316678 130 36165686 442614709
======================
   8      48 sdd 33486 0 267480 5407069 116182553 36388596 8706033984 438033554 132 36170690 443331606
======================
   8      48 sdd 33486 0 267480 5407069 116185114 36388597 8707352280 438753151 133 36175708 444051277
======================
   8      48 sdd 33486 0 267480 5407069 116187673 36388598 8708667168 439470359 136 36180711 444768403
======================
   8      48 sdd 33486 0 267480 5407069 116190233 36388599 8709982744 440187620 138 36185714 445485563
======================
   8      48 sdd 33486 0 267480 5407069 116192799 36388600 8711298168 440905209 134 36190717 446203174
======================
   8      48 sdd 33486 0 267480 5407069 116195356 36388601 8712611744 441621969 139 36195721 446920880
======================
   8      48 sdd 33486 0 267480 5407069 116197917 36388602 8713929264 442339321 140 36200724 447637802
======================
   8      48 sdd 33486 0 267480 5407069 116200476 36388603 8715245152 443055991 143 36205728 448354071
======================
   8      48 sdd 33486 0 267480 5407069 116203029 36388604 8716560200 443770987 151 36210731 449070640
======================
   8      48 sdd 33486 0 267480 5407069 116205594 36388604 8717877856 444488703 147 36215735 449787069
======================
   8      48 sdd 33486 0 267480 5407069 116208158 36388605 8719193600 445206339 145 36220738 450504210
======================
   8      48 sdd 33486 0 267480 5407069 116210714 36388606 8720507712 445922945 151 36225741 451221577
======================
   8      48 sdd 33486 0 267480 5407069 116213280 36388607 8721824024 446640153 147 36230744 451938565
======================
   8      48 sdd 33486 0 267480 5407069 116215840 36388608 8723139304 447356755 149 36235748 452656125
======================
   8      48 sdd 33486 0 267480 5407069 116218402 36388609 8724456000 448075220 149 36240751 453373460
======================
   8      48 sdd 33486 0 267480 5407069 116220955 36388610 8725771480 448792922 158 36245754 454090994
======================
   8      48 sdd 33486 0 267480 5407069 116223522 36388611 8727087776 449509883 153 36250757 454808628
======================
   8      48 sdd 33486 0 267480 5407069 116226078 36388612 8728402616 450227963 132 36255762 455526003
======================
   8      48 sdd 33486 0 267480 5407069 116228639 36388613 8729719168 450945007 128 36260765 456242550
======================
   8      48 sdd 33486 0 267480 5407069 116231198 36388614 8731035416 451661754 131 36265768 456959838
======================
   8      48 sdd 33486 0 267480 5407069 116233757 36388615 8732351232 452379586 134 36270771 457678005
======================
   8      48 sdd 33486 0 267480 5407069 116236326 36388616 8733667704 453096835 159 36275776 458394608
======================
   8      48 sdd 33486 0 267480 5407069 116238891 36388617 8734984128 453814338 156 36280780 459112173
======================
   8      48 sdd 33486 0 267480 5407069 116241453 36388618 8736298888 454531414 156 36285783 459829648
======================
   8      48 sdd 33486 0 267480 5407069 116244012 36388619 8737614952 455248894 159 36290786 460547038
======================
   8      48 sdd 33486 0 267480 5407069 116246576 36388620 8738930928 455966110 157 36295789 461263947
======================
   8      48 sdd 33486 0 267480 5407069 116249133 36388621 8740247032 456682640 129 36300793 461980694
======================
   8      48 sdd 33486 0 267480 5407069 116251689 36388621 8741561872 457399479 134 36305796 462697656
======================
   8      48 sdd 33486 0 267480 5407069 116254249 36388622 8742877968 458116490 136 36310800 463414665
======================
   8      48 sdd 33486 0 267480 5407069 116256812 36388623 8744194088 458833136 135 36315803 464131051
======================
   8      48 sdd 33486 0 267480 5407069 116259372 36388624 8745510400 459549776 137 36320806 464847933
======================
   8      48 sdd 33486 0 267480 5407069 116261937 36388625 8746826736 460267570 134 36325810 465565648
======================
   8      48 sdd 33486 0 267480 5407069 116264496 36388626 8748142744 460984648 137 36330813 466282277
======================
   8      48 sdd 33486 0 267480 5407069 116267067 36388627 8749456472 461701209 128 36335816 466998649
======================
   8      48 sdd 33486 0 267480 5407069 116269633 36388628 8750772328 462417795 156 36340819 467715181
======================
   8      48 sdd 33486 0 267480 5407069 116272176 36388629 8752076928 463134121 143 36345822 468432784
======================
   8      48 sdd 33486 0 267480 5407069 116274728 36388630 8753391776 463851693 153 36350826 469149376
======================
   8      48 sdd 33486 0 267480 5407069 116277304 36388631 8754715448 464568318 139 36355831 469866257
======================
   8      48 sdd 33486 0 267480 5407069 116279870 36388632 8756034160 465285024 135 36360835 470583443
======================
   8      48 sdd 33486 0 267480 5407069 116282434 36388633 8757350408 466003545 133 36365838 471301170
======================
   8      48 sdd 33486 0 267480 5407069 116284995 36388634 8758666664 466720673 134 36370841 472018349
======================
   8      48 sdd 33486 0 267480 5407069 116287556 36388635 8759982784 467437052 135 36375844 472734896
======================
   8      48 sdd 33486 0 267480 5407069 116290118 36388636 8761299576 468154490 135 36380847 473452033
======================
   8      48 sdd 33486 0 267480 5407069 116292675 36388637 8762614408 468870962 140 36385851 474169599
======================
   8      48 sdd 33486 0 267480 5407069 116295241 36388638 8763931296 469589078 136 36390854 474886816
======================
   8      48 sdd 33486 0 267480 5407069 116297805 36388639 8765246800 470304510 133 36395857 475603395
======================
   8      48 sdd 33486 0 267480 5407069 116300376 36388639 8766563048 471022594 155 36400860 476320307
======================
   8      48 sdd 33486 0 267480 5407069 116302937 36388640 8767879312 471739392 156 36405864 477036954
======================
   8      48 sdd 33486 0 267480 5407069 116305499 36388641 8769195560 472456797 156 36410867 477754150
======================
   8      48 sdd 33486 0 267480 5407069 116308069 36388642 8770511568 473174665 148 36415871 478472444
======================
   8      48 sdd 33486 0 267480 5407069 116310635 36388643 8771827952 473891813 144 36420874 479189870
======================
   8      48 sdd 33486 0 267480 5407069 116313190 36388644 8773143616 474608796 151 36425878 479906547
======================
   8      48 sdd 33486 0 267480 5407069 116315751 36388645 8774459320 475326025 152 36430881 480623622
======================
   8      48 sdd 33486 0 267480 5407069 116318312 36388646 8775774776 476042893 153 36435885 481340990
======================
   8      48 sdd 33486 0 267480 5407069 116320873 36388647 8777091200 476760340 154 36440889 482058140
======================
   8      48 sdd 33486 0 267480 5407069 116323437 36388648 8778407448 477477610 152 36445892 482775044
======================
   8      48 sdd 33486 0 267480 5407069 116325993 36388649 8779722928 478194231 158 36450896 483492221
======================
   8      48 sdd 33486 0 267480 5407069 116328553 36388650 8781038336 478912255 128 36455899 484209944
======================
   8      48 sdd 33486 0 267480 5407069 116331119 36388651 8782355224 479630640 156 36460903 484927857
======================
   8      48 sdd 33486 0 267480 5407069 116333681 36388652 8783670264 480347760 156 36465906 485645218
======================
   8      48 sdd 33486 0 267480 5407069 116336244 36388653 8784983016 481064908 155 36470911 486362380
======================
   8      48 sdd 33486 0 267480 5407069 116338806 36388654 8786298232 481781405 155 36475914 487078877
======================
   8      48 sdd 33486 0 267480 5407069 116341363 36388655 8787611968 482498001 128 36480917 487795163
======================
   8      48 sdd 33486 0 267480 5407069 116343923 36388656 8788925520 483214739 130 36485920 488512943
======================
   8      48 sdd 33486 0 267480 5407069 116346487 36388657 8790241640 483932994 137 36490925 489230162
======================
   8      48 sdd 33486 0 267480 5407069 116349044 36388658 8791556464 484649046 132 36495929 489947064
======================
   8      48 sdd 33486 0 267480 5407069 116351604 36388658 8792870024 485365706 133 36500932 490663841
======================
   8      48 sdd 33486 0 267480 5407069 116354162 36388659 8794184440 486081846 137 36505935 491379873
======================
   8      48 sdd 33486 0 267480 5407069 116356727 36388660 8795502224 486799221 134 36510939 492096593
======================
   8      48 sdd 33486 0 267480 5407069 116359283 36388661 8796816592 487516244 140 36515942 492814775
======================
   8      48 sdd 33486 0 267480 5407069 116361852 36388662 8798133480 488235425 133 36520945 493532932
======================
   8      48 sdd 33486 0 267480 5407069 116364415 36388663 8799450368 488952854 132 36525948 494250294
======================
   8      48 sdd 33486 0 267480 5407069 116366969 36388664 8800765208 489669575 140 36530952 494967823
======================
   8      48 sdd 33486 0 267480 5407069 116369531 36388665 8802081296 490387125 140 36535956 495684890
======================
   8      48 sdd 33486 0 267480 5407069 116372093 36388666 8803397544 491104680 140 36540959 496402052
======================
   8      48 sdd 33486 0 267480 5407069 116374650 36388667 8804713824 491820918 145 36545962 497119150
======================
   8      48 sdd 33486 0 267480 5407069 116377205 36388668 8806029632 492538777 152 36550965 497836103
======================
   8      48 sdd 33486 0 267480 5407069 116379766 36388669 8807346328 493256786 153 36555970 498553931
======================
   8      48 sdd 33486 0 267480 5407069 116382333 36388670 8808662536 493973002 148 36560973 499270641
======================
   8      48 sdd 33486 0 267480 5407069 116384894 36388671 8809978432 494689812 149 36565976 499987480
======================
   8      48 sdd 33486 0 267480 5407069 116387452 36388672 8811294168 495407668 153 36570979 500704578
======================
   8      48 sdd 33486 0 267480 5407069 116390010 36388673 8812610280 496123193 157 36575983 501420991
======================
   8      48 sdd 33486 0 267480 5407069 116392569 36388674 8813926032 496840047 160 36580986 502137358
======================
   8      48 sdd 33486 0 267480 5407069 116395139 36388675 8815242112 497557568 151 36585990 502854655
======================
   8      48 sdd 33486 0 267480 5407069 116397695 36388675 8816557880 498274505 156 36590993 503572032
======================
   8      48 sdd 33486 0 267480 5407069 116400259 36388676 8817873720 498992605 154 36595997 504289996
======================
   8      48 sdd 33486 0 267480 5407069 116402812 36388677 8819183872 499709036 131 36601000 505006325
======================
   8      48 sdd 33486 0 267480 5407069 116405361 36388678 8820492184 500426275 144 36606003 505723680
======================
   8      48 sdd 33486 0 267480 5407069 116407926 36388679 8821811712 501143344 141 36611006 506440726
