======================
   8      48 sdd 15936 0 127344 2705772 4886664 19015912 3047864216 1435259122 0 11579952 1437941007
started
======================
   8      48 sdd 15946 0 127424 2706438 4888405 19015936 3048943704 1435716464 154 11583453 1438415733
======================
   8      48 sdd 15951 0 127464 2707149 4890549 19015988 3050264232 1436365076 131 11588479 1439074813
======================
   8      48 sdd 15957 0 127512 2708712 4892705 19016055 3051575712 1436972096 159 11593480 1439681251
======================
   8      48 sdd 15962 0 127552 2709936 4894809 19016083 3052890224 1437601570 129 11598483 1440311646
======================
   8      48 sdd 15967 0 127592 2711243 4896945 19016139 3054204648 1438216611 157 11603482 1440928435
======================
   8      48 sdd 15973 0 127640 2712628 4899038 19016157 3055517704 1438814826 147 11608480 1441527834
======================
   8      48 sdd 15978 0 127680 2713981 4901112 19016197 3056816200 1439431711 133 11613485 1442146516
======================
   8      48 sdd 15984 0 127728 2715774 4903232 19016244 3058127744 1439999889 152 11618490 1442717288
======================
   8      48 sdd 15990 0 127776 2716899 4905338 19016265 3059444048 1440629015 141 11623493 1443347013
======================
   8      48 sdd 15995 0 127816 2717869 4907539 19016511 3060765192 1441249552 145 11628491 1443968053
======================
   8      48 sdd 16000 0 127856 2719191 4909771 19016700 3062083184 1441852456 119 11633492 1444571992
======================
   8      48 sdd 16006 0 127904 2720339 4911883 19016762 3063391320 1442471493 134 11638492 1445192256
======================
   8      48 sdd 16011 0 127944 2721370 4914018 19016895 3064704664 1443083107 131 11643490 1445804779
======================
   8      48 sdd 16016 0 127984 2722338 4916140 19016965 3066017192 1443715232 131 11648494 1446438260
======================
   8      48 sdd 16022 0 128032 2723586 4918234 19016999 3067329448 1444323294 133 11653496 1447047055
======================
   8      48 sdd 16027 0 128072 2724460 4920334 19017086 3068642736 1444943314 108 11658495 1447668552
======================
   8      48 sdd 16033 0 128120 2725809 4922434 19017126 3069956808 1445550497 141 11663492 1448279591
======================
   8      48 sdd 16038 0 128160 2727100 4924628 19017327 3071270360 1446174773 114 11668499 1448902242
======================
   8      48 sdd 16043 0 128200 2728342 4926780 19017499 3072583736 1446773604 130 11673498 1449501787
======================
   8      48 sdd 16048 0 128240 2729470 4928884 19017533 3073900576 1447397392 100 11678507 1450127096
======================
   8      48 sdd 16054 0 128288 2731070 4931029 19017624 3075213168 1447995882 101 11683509 1450724883
======================
   8      48 sdd 16060 0 128336 2732322 4933130 19017710 3076528872 1448600262 145 11688509 1451331285
======================
   8      48 sdd 16064 0 128368 2733367 4935239 19017759 3077841704 1449226813 52 11693511 1451950575
======================
   8      48 sdd 16070 0 128416 2734636 4937358 19017819 3079154640 1449832708 10 11698510 1452546545
======================
   8      48 sdd 16076 0 128464 2735863 4939539 19017980 3080470816 1450425469 142 11703512 1453161797
======================
   8      48 sdd 16080 0 128496 2736924 4941674 19018072 3081784432 1451048176 41 11708513 1453772923
======================
   8      48 sdd 16086 0 128544 2738118 4943771 19018106 3083097064 1451662250 54 11713509 1454391152
======================
   8      48 sdd 16091 0 128584 2739179 4946046 19018333 3084413040 1452288150 61 11718501 1455020623
======================
   8      48 sdd 16096 0 128624 2740342 4948144 19018368 3085725800 1452906069 49 11723504 1455635820
======================
   8      48 sdd 16102 0 128672 2741566 4950279 19018439 3087037584 1453507671 75 11728508 1456244195
======================
   8      48 sdd 16108 0 128720 2742830 4952452 19018678 3088353376 1454123821 155 11733510 1456865618
======================
   8      48 sdd 16113 0 128760 2743976 4954570 19018835 3089664944 1454765439 156 11738513 1457487378
======================
   8      48 sdd 16119 0 128808 2745128 4956768 19018870 3090977696 1455389436 150 11743515 1458129840
======================
   8      48 sdd 16124 0 128848 2745907 4958963 19019014 3092296624 1456055852 146 11748515 1458791530
======================
   8      48 sdd 16129 0 128888 2747008 4961073 19019062 3093607768 1456693767 136 11753518 1459425391
======================
   8      48 sdd 16135 0 128936 2748344 4963208 19019143 3094922368 1457287682 157 11758519 1460035672
======================
   8      48 sdd 16140 0 128976 2749366 4965392 19019292 3096238064 1457928712 135 11763522 1460677948
======================
   8      48 sdd 16145 0 129016 2750451 4967552 19019395 3097549432 1458553878 155 11768521 1461305381
======================
   8      48 sdd 16151 0 129064 2751863 4969657 19019480 3098864680 1459147826 149 11773525 1461899725
======================
   8      48 sdd 16156 0 129104 2753254 4971778 19019532 3100178848 1459759210 150 11778524 1462507148
======================
   8      48 sdd 16161 0 129144 2754720 4973938 19019633 3101489872 1460378144 145 11783528 1463114943
======================
   8      48 sdd 16167 0 129192 2756252 4976061 19019714 3102805520 1460959785 150 11788528 1463712337
======================
   8      48 sdd 16172 0 129232 2757486 4978158 19019757 3104119048 1461588252 133 11793531 1464330416
======================
   8      48 sdd 16176 0 129264 2758550 4980263 19019852 3105430376 1462180006 29 11798534 1464923338
======================
   8      48 sdd 16183 0 129320 2759814 4982358 19019887 3106745600 1462791920 153 11803537 1465550601
======================
   8      48 sdd 16188 0 129360 2761143 4984559 19020039 3108060120 1463405437 152 11808540 1466161226
======================
   8      48 sdd 16193 0 129400 2762108 4986700 19020187 3109372424 1464015500 158 11813541 1466771404
======================
   8      48 sdd 16199 0 129448 2762993 4988800 19020223 3110689560 1464638973 141 11818545 1467402726
======================
   8      48 sdd 16204 0 129488 2764021 4990899 19020259 3112004072 1465285608 138 11823547 1468050484
======================
   8      48 sdd 16209 0 129528 2765313 4993086 19020438 3113320480 1465892191 130 11828557 1468660385
======================
   8      48 sdd 16215 0 129576 2766475 4995205 19020487 3114633624 1466535034 152 11833559 1469301672
======================
   8      48 sdd 16220 0 129616 2767921 4997319 19020553 3115947968 1467130280 152 11838562 1469901479
======================
   8      48 sdd 16225 0 129656 2768852 4999439 19020633 3117261880 1467766746 141 11843565 1470536937
======================
   8      48 sdd 16231 0 129704 2770315 5001602 19020758 3118574912 1468385484 151 11848569 1471155966
======================
   8      48 sdd 16236 0 129744 2771551 5003813 19021089 3119891688 1469010139 130 11853571 1471780694
======================
   8      48 sdd 16241 0 129784 2772856 5005929 19021157 3121204568 1469638923 153 11858575 1472411841
======================
   8      48 sdd 16247 0 129832 2774345 5008113 19021412 3122517160 1470247384 144 11863577 1473021753
======================
   8      48 sdd 16252 0 129872 2775571 5010217 19021471 3123833200 1470870337 143 11868579 1473645999
======================
   8      48 sdd 16257 0 129912 2776762 5012374 19021682 3125138504 1471491310 136 11873579 1474268823
======================
   8      48 sdd 16263 0 129960 2778215 5014458 19021766 3126442416 1472055402 158 11878573 1474826245
======================
   8      48 sdd 16268 0 130000 2779282 5016597 19021849 3127763336 1472672218 158 11883575 1475451977
======================
   8      48 sdd 16273 0 130040 2780182 5018776 19022025 3129081008 1473314039 157 11888573 1476093933
======================
   8      48 sdd 16279 0 130088 2781496 5020908 19022144 3130394224 1473905156 139 11893574 1476690776
======================
   8      48 sdd 16284 0 130128 2782829 5023013 19022179 3131708736 1474541133 128 11898574 1477322848
======================
   8      48 sdd 16289 0 130168 2783929 5025119 19022266 3133021920 1475183381 142 11903576 1477970752
======================
   8      48 sdd 16295 0 130216 2785110 5027319 19022445 3134337064 1475803415 105 11908578 1478582780
======================
   8      48 sdd 16300 0 130256 2786386 5029452 19022526 3135651896 1476412897 129 11913578 1479196253
======================
   8      48 sdd 16305 0 130296 2787881 5031559 19022625 3136965568 1477005965 145 11918579 1479782643
======================
   8      48 sdd 16311 0 130344 2789147 5033738 19022767 3138279680 1477629104 133 11923576 1480409491
======================
   8      48 sdd 16316 0 130384 2790219 5035943 19022919 3139593592 1478262443 134 11928580 1481044509
======================
   8      48 sdd 16321 0 130424 2791528 5038072 19023083 3140905856 1478872470 148 11933583 1481644391
======================
   8      48 sdd 16327 0 130472 2792747 5040170 19023118 3142220192 1479488429 148 11938587 1482260653
======================
   8      48 sdd 16332 0 130512 2794000 5042297 19023193 3143534544 1480087460 130 11943581 1482866074
======================
   8      48 sdd 16337 0 130552 2795390 5044478 19023354 3144846888 1480703704 17 11948585 1483479654
======================
   8      48 sdd 16343 0 130600 2796832 5046614 19023508 3146157296 1481287152 33 11953587 1484069406
======================
   8      48 sdd 16348 0 130640 2798132 5048752 19023608 3147469856 1481899816 44 11958586 1484688124
======================
   8      48 sdd 16353 0 130680 2799600 5050850 19023642 3148784144 1482501992 83 11963588 1485297227
======================
   8      48 sdd 16359 0 130728 2800809 5053068 19023879 3150096168 1483117241 69 11968586 1485911053
======================
   8      48 sdd 16364 0 130768 2801752 5055289 19024159 3151407552 1483755218 100 11973589 1486555079
======================
   8      48 sdd 16369 0 130808 2803065 5057386 19024189 3152721224 1484382360 103 11978593 1487183100
======================
   8      48 sdd 16375 0 130856 2803894 5059483 19024248 3154033112 1485026172 112 11983595 1487831523
======================
   8      48 sdd 16380 0 130896 2805130 5061644 19024354 3155348296 1485644108 94 11988597 1488446509
======================
   8      48 sdd 16385 0 130936 2806396 5063785 19024431 3156661712 1486245670 138 11993601 1489052514
======================
   8      48 sdd 16391 0 130984 2807590 5065880 19024466 3157974008 1486872880 156 11998604 1489680603
======================
   8      48 sdd 16396 0 131024 2809133 5067991 19024525 3159289992 1487482372 138 12003606 1490291755
======================
   8      48 sdd 16401 0 131064 2810173 5070116 19024622 3160601928 1488114286 156 12008609 1490925684
======================
   8      48 sdd 16407 0 131112 2811637 5072303 19024836 3161915256 1488712262 151 12013613 1491526700
======================
   8      48 sdd 16412 0 131152 2812520 5074405 19024871 3163231728 1489384453 157 12018615 1492197030
======================
   8      48 sdd 16417 0 131192 2813718 5076501 19024907 3164544448 1490001273 99 12023617 1492813555
======================
   8      48 sdd 16423 0 131240 2815213 5078602 19024970 3165858352 1490578263 59 12028621 1493384919
======================
   8      48 sdd 16428 0 131280 2816319 5080706 19025005 3167174896 1491196946 75 12033624 1494007802
======================
   8      48 sdd 16433 0 131320 2817415 5082841 19025100 3168485976 1491808029 106 12038629 1494624833
======================
   8      48 sdd 16439 0 131368 2818193 5084944 19025135 3169801536 1492458321 55 12043627 1495267055
======================
   8      48 sdd 16445 0 131416 2819556 5087111 19025283 3171115736 1493079507 139 12048629 1495889910
======================
   8      48 sdd 16449 0 131448 2820763 5089204 19025316 3172426928 1493684177 60 12053629 1496496013
