======================
   8      48 sdd 1111888 10180 8976506 493374 25791822 13242586 312275296 71465140 0 1129356 71970982
======================
   8      48 sdd 1111897 10180 8976578 493375 25791822 13242586 312275296 71465140 0 1129357 71970983
======================
   8      48 sdd 1111913 10180 8976706 493476 25867453 13249038 312931960 71602395 138 1130740 72108581
======================
   8      48 sdd 1111926 10180 8976810 493657 25953054 13263195 313730024 71773821 0 1132336 72280183
======================
   8      48 sdd 1111937 10180 8976898 493804 26012317 13289476 314414376 71902345 94 1133681 72408981
======================
   8      48 sdd 1111949 10180 8976994 494005 26093137 13305619 315190080 72074110 129 1135388 72581305
======================
   8      48 sdd 1111960 10180 8977082 494181 26182372 13322483 316038872 72290152 0 1137213 72797427
======================
   8      48 sdd 1111971 10180 8977170 494351 26249016 13348074 316776752 72439169 0 1138814 72947004
======================
   8      48 sdd 1111983 10180 8977266 494593 26330358 13371180 317612336 72683897 0 1141021 73191939
======================
   8      48 sdd 1111993 10180 8977346 494763 26406388 13401383 318462200 72891067 0 1142868 73399241
======================
   8      48 sdd 1112004 10180 8977434 494891 26464194 13423646 319102752 72999578 0 1144129 73507969
======================
   8      48 sdd 1112016 10180 8977530 495089 26550587 13451961 320020416 73180023 0 1145831 73688797
======================
   8      48 sdd 1112027 10180 8977618 495230 26620742 13473669 320755320 73322715 0 1147521 73831670
======================
   8      48 sdd 1112035 10180 8977682 495339 26679220 13495642 321398928 73566120 0 1149982 74075259
======================
   8      48 sdd 1112045 10180 8977762 495505 26737348 13524682 322096272 73701852 0 1151582 74211216
started
======================
   8      48 sdd 1112176 10180 8978804 495636 26803210 13541216 322755440 73852125 0 1153187 74361654
======================
   8      48 sdd 1168026 10180 9425604 540086 26803260 13544960 322785792 73852948 0 1156509 74406910
======================
   8      48 sdd 1183375 10180 9548396 545100 26803364 13553073 322851528 73856360 1 1159208 74415332
======================
   8      48 sdd 1195837 10180 9648092 547724 26803468 13561186 322917264 73859725 0 1161827 74421311
======================
   8      48 sdd 1205549 10180 9725788 549914 26811729 13569308 323048328 73993349 0 1164975 74557107
======================
   8      48 sdd 1215471 10180 9805164 552343 26823632 13585538 323273392 74081453 1 1168094 74647619
======================
   8      48 sdd 1225879 10180 9888428 554857 26833411 13595978 323435144 74151247 0 1171109 74719903
======================
   8      48 sdd 1235843 10180 9968140 557765 26846371 13606776 323625208 74244351 1 1174212 74815893
======================
   8      48 sdd 1248157 10180 10066652 560418 26846476 13614889 323690952 74248734 1 1176918 74822919
======================
   8      48 sdd 1257971 10180 10145164 562518 26846581 13623002 323756696 74252859 1 1179073 74829136
======================
   8      48 sdd 1267962 10180 10225092 564658 26852472 13631129 323868840 74383242 0 1182149 74961651
======================
   8      48 sdd 1277393 10180 10300540 566858 26852571 13638840 323931320 74386574 0 1184403 74967178
======================
   8      48 sdd 1287151 10180 10378604 569085 26865183 13658272 324186944 74508615 149 1187498 75091933
======================
   8      48 sdd 1295794 10180 10447748 571280 26870168 13665897 324288552 74532173 0 1189834 75117299
======================
   8      48 sdd 1306652 10180 10534612 574202 26880264 13678151 324467352 74604543 1 1192832 75192567
======================
   8      48 sdd 1318783 10180 10631660 576793 26880370 13686263 324533096 74608392 0 1195478 75199000
======================
   8      48 sdd 1328819 10180 10711948 578907 26886299 13694400 324645624 74739402 0 1198543 75332114
======================
   8      48 sdd 1339266 10180 10795524 581554 26892278 13710632 324823312 74779629 0 1201546 75374976
======================
   8      48 sdd 1349216 10180 10875124 583930 26904080 13718761 324982760 74869151 1 1204595 75466858
======================
   8      48 sdd 1358312 10180 10947892 585922 26912099 13728103 325121648 74916242 1 1206955 75515924
======================
   8      48 sdd 1369412 10180 11036692 588745 26920687 13739098 325278312 74981384 1 1209843 75583874
======================
   8      48 sdd 1379210 10180 11115076 590785 26920792 13747211 325344056 74985474 0 1211939 75589995
======================
   8      48 sdd 1389343 10180 11196140 592918 26926752 13755327 325456664 75114981 1 1214984 75721627
======================
   8      48 sdd 1400359 10180 11284268 595281 26932618 13763454 325568608 75182337 0 1217862 75791334
======================
   8      48 sdd 1410348 10180 11364180 597803 26943246 13774456 325741648 75292952 0 1220936 75904453
======================
   8      48 sdd 1419660 10180 11438676 599916 26946426 13782472 325831216 75308322 0 1223195 75921926
======================
   8      48 sdd 1429541 10180 11517724 602371 26955452 13798715 326033368 75384958 1 1226271 76001004
======================
   8      48 sdd 1440778 10180 11607620 604959 26961367 13806834 326145640 75421356 0 1229134 76039975
======================
   8      48 sdd 1451635 10180 11694476 607584 26968822 13816111 326279496 75466933 0 1232019 76088166
======================
   8      48 sdd 1460316 10180 11763924 609912 26977440 13825962 326427248 75518329 0 1234349 76141872
======================
   8      48 sdd 1472688 10180 11862900 612461 26977545 13834075 326492992 75522129 0 1236950 76148215
======================
   8      48 sdd 1482545 10180 11941756 615249 26982712 13850313 326664224 75557354 151 1240060 76187009
======================
   8      48 sdd 1492533 10180 12021660 617608 26993772 13858441 326817736 75657129 0 1243154 76288317
======================
   8      48 sdd 1503131 10180 12106444 619846 26999617 13866566 326929496 75742133 0 1246023 76375544
======================
   8      48 sdd 1513808 10180 12191860 622283 27007251 13876557 327070496 75814790 0 1248870 76450616
======================
   8      48 sdd 1522215 10180 12259116 624630 27015638 13885580 327209776 75852979 0 1251222 76491141
======================
   8      48 sdd 1534009 10180 12353468 627363 27015744 13893692 327275520 75856633 1 1253979 76497520
======================
   8      48 sdd 1543889 10180 12432508 629404 27015849 13901805 327341264 75860244 1 1256075 76503165
======================
   8      48 sdd 1553326 10180 12508004 631493 27029287 13918063 327578832 76005114 140 1259265 76650492
======================
   8      48 sdd 1563471 10180 12589164 634250 27040049 13927836 327743112 76070461 0 1262364 76718186
======================
   8      48 sdd 1574452 10180 12677012 637100 27047907 13938228 327889112 76122890 1 1265281 76773446
======================
   8      48 sdd 1584553 10180 12757820 639184 27048012 13946341 327954856 76126904 0 1267420 76779534
======================
   8      48 sdd 1594656 10180 12838644 641310 27053949 13954478 328067448 76253182 1 1270468 76907929
======================
   8      48 sdd 1605540 10180 12925716 643908 27059871 13962617 328179936 76289357 0 1273355 76946684
======================
   8      48 sdd 1616141 10180 13010524 646474 27065810 13970774 328292704 76345914 0 1276355 77005795
======================
   8      48 sdd 1626071 10180 13089964 648998 27079615 13989029 328549184 76429857 1 1279444 77092241
======================
   8      48 sdd 1636807 10180 13175852 651826 27087691 13999175 328694960 76505835 1 1282347 77171033
======================
   8      48 sdd 1649163 10180 13274700 654408 27087796 14007288 328760704 76509792 1 1284985 77177565
======================
   8      48 sdd 1666687 10180 13414892 663179 27093755 14015404 328873304 76638285 0 1288191 77314807
======================
   8      48 sdd 1676330 10180 13492036 665757 27093838 14021871 328925704 76640582 0 1290446 77319677
======================
   8      48 sdd 1686497 10180 13573372 668073 27105718 14038133 329150840 76729025 0 1293467 77410420
======================
   8      48 sdd 1694516 10180 13637524 670336 27114524 14048263 329302328 76795766 0 1295957 77479404
======================
   8      48 sdd 1704736 10180 13719284 673214 27127898 14062483 329523080 76870761 0 1298986 77557255
======================
   8      48 sdd 1714511 10180 13797484 675275 27127990 14069560 329580432 76873782 1 1301099 77562333
======================
   8      48 sdd 1726834 10180 13896068 677911 27128095 14077673 329646176 76877555 1 1303787 77568733
======================
   8      48 sdd 1737439 10180 13980908 680263 27130940 14093905 329798784 76950167 147 1306725 77646215
======================
   8      48 sdd 1746975 10180 14057196 682328 27144430 14102051 329971880 77100675 1 1309873 77796234
======================
   8      48 sdd 1755855 10180 14128236 684744 27150825 14112360 330105512 77139078 0 1312242 77837036
======================
   8      48 sdd 1766203 10180 14211020 687597 27163524 14125397 330311400 77239441 1 1315270 77940229
======================
   8      48 sdd 1778766 10180 14311524 690586 27163629 14133510 330377144 77243030 0 1317959 77946795
======================
   8      48 sdd 1790172 10180 14402772 693397 27163735 14141623 330442896 77246506 0 1320805 77953073
======================
   8      48 sdd 1800726 10180 14487204 695911 27170463 14157855 330626576 77306461 136 1323795 78015826
======================
   8      48 sdd 1810274 10180 14563588 698189 27181640 14166009 330781224 77423886 0 1326945 78135214
======================
   8      48 sdd 1821314 10180 14651908 700702 27188937 14175189 330912296 77483012 154 1329868 78197123
======================
   8      48 sdd 1832457 10180 14741052 703402 27196011 14184857 331046976 77524890 0 1332757 78241390
======================
   8      48 sdd 1843267 10180 14827532 706253 27204188 14195022 331193712 77600626 1 1335677 78319962
======================
   8      48 sdd 1854121 10180 14914364 709129 27204293 14203135 331259456 77604551 0 1338606 78326754
======================
   8      48 sdd 1863926 10180 14992804 711291 27216144 14219433 331484648 77726273 0 1341710 78450614
======================
   8      48 sdd 1874980 10180 15081236 713749 27222110 14227568 331597456 77786107 1 1344636 78512895
======================
   8      48 sdd 1886134 10180 15170468 716471 27230789 14238423 331753728 77831668 1 1347520 78561156
======================
   8      48 sdd 1896860 10180 15256276 719364 27238593 14248289 331895088 77881535 1 1350483 78613891
======================
   8      48 sdd 1905976 10180 15329204 721564 27238698 14256351 331960424 77885355 0 1352736 78619902
======================
   8      48 sdd 1917067 10180 15417932 724097 27244592 14264473 332072552 77933600 1 1355649 78670669
======================
   8      48 sdd 1926630 10180 15494436 726204 27256433 14280721 332297264 78077864 1 1358836 78817021
======================
   8      48 sdd 1937684 10180 15582868 728719 27262332 14288841 332409416 78114656 0 1361645 78856314
======================
   8      48 sdd 1946407 10180 15652652 730901 27270950 14299163 332560936 78157965 0 1364086 78901780
======================
   8      48 sdd 1957531 10180 15741644 733703 27278482 14309002 332699904 78205885 0 1366952 78952477
======================
   8      48 sdd 1970013 10180 15841500 736275 27278587 14317115 332765648 78209645 1 1369580 78958800
======================
   8      48 sdd 1979790 10180 15919716 738613 27286021 14333354 332955032 78318846 131 1372751 79070589
======================
   8      48 sdd 1989726 10180 15999204 741088 27296538 14341506 333104384 78398656 1 1375850 79152589
======================
   8      48 sdd 2000728 10180 16087220 743629 27302559 14349623 333217488 78445482 1 1378769 79201946
======================
   8      48 sdd 2009834 10180 16160068 745874 27309187 14358765 333343648 78473603 1 1381017 79232299
======================
   8      48 sdd 2019452 10180 16237012 748774 27319933 14373241 333545424 78617262 0 1384153 79378828
======================
   8      48 sdd 2029265 10180 16315516 750838 27320019 14379811 333598672 78619980 1 1386262 79383603
======================
   8      48 sdd 2041096 10180 16410164 753387 27321125 14396040 333737352 78632002 1 1388964 79398163
======================
   8      48 sdd 2048676 10180 16470804 755710 27325398 14403235 333829096 78656213 0 1391495 79424685
======================
   8      48 sdd 2059457 10180 16557052 758075 27330534 14411360 333935184 78742728 1 1394501 79513557
======================
   8      48 sdd 2067866 10180 16624324 760445 27340447 14422537 334103904 78790493 1 1396917 79563672
======================
   8      48 sdd 2077922 10180 16704772 763419 27352501 14435074 334300632 78909129 1 1400010 79685260
======================
   8      48 sdd 2090160 10180 16802676 765996 27352606 14443187 334366376 78913100 0 1402632 79691799
======================
   8      48 sdd 2100243 10180 16883340 768088 27357246 14459419 334533352 79033620 145 1405642 79815818
======================
   8      48 sdd 2110934 10180 16968868 770407 27364684 14467541 334657832 79116561 1 1408578 79899649
======================
   8      48 sdd 2121134 10180 17050468 773154 27377997 14478926 334855416 79205227 1 1411641 79991035
======================
   8      48 sdd 2131527 10180 17133612 776058 27387522 14488883 335011272 79270213 1 1414678 80058899
======================
   8      48 sdd 2143767 10180 17231532 778590 27387627 14496996 335077016 79274167 0 1417262 80065374
======================
   8      48 sdd 2153557 10180 17309852 780621 27387733 14505108 335142760 79277855 0 1419345 80071083
======================
   8      48 sdd 2163210 10180 17387076 782708 27399293 14521357 335365224 79416590 133 1422505 80214321
======================
   8      48 sdd 2173008 10180 17465460 785377 27413415 14532054 335563784 79509335 1 1425657 80307282
======================
   8      48 sdd 2183228 10180 17547220 787625 27420899 14542380 335706056 79553596 158 1428259 80355916
