======================
   8      16 sdb 74847794 33647 17043858288 2448376223 37420762 105829489 23482975024 4038895341 32 248476728 2192027925
======================
   8      16 sdb 74847918 33647 17043859280 2448382197 37422304 105829489 23483946800 4039347759 71 248480896 2192495575
======================
   8      16 sdb 74847925 33647 17043859336 2448383667 37424808 105829521 23485514928 4039938611 1 248485896 2193077998
======================
   8      16 sdb 74847932 33647 17043859392 2448386212 37427307 105829536 23487087936 4040409137 1 248490897 2193551071
======================
   8      16 sdb 74847939 33647 17043859448 2448388478 37429860 105829550 23488694352 4040924825 132 248495900 2194087519
======================
   8      16 sdb 74847945 33647 17043859496 2448390129 37432363 105829565 23490269920 4041499078 132 248500903 2194649191
======================
   8      16 sdb 74847952 33647 17043859552 2448392029 37434869 105829580 23491847408 4042038468 142 248505906 2195206750
======================
   8      16 sdb 74847958 33647 17043859600 2448393194 37437418 105829595 23493451904 4042650375 134 248510909 2195818538
======================
   8      16 sdb 74847965 33647 17043859656 2448395480 37439936 105829612 23495036832 4043147972 155 248515912 2196319446
======================
   8      16 sdb 74847971 33647 17043859704 2448397053 37442495 105829626 23496647088 4043709490 147 248520914 2196881579
======================
   8      16 sdb 74847977 33647 17043859752 2448398885 37445010 105829641 23498230080 4044234068 131 248525915 2197409650
======================
   8      16 sdb 74847984 33647 17043859808 2448400723 37447544 105829656 23499823968 4044761730 98 248530918 2197935794
======================
   8      16 sdb 74847990 33647 17043859856 2448402422 37450048 105829673 23501400192 4045331227 93 248535920 2198506244
======================
   8      16 sdb 74847997 33647 17043859912 2448403976 37452581 105829688 23502994704 4045900506 33 248540922 2199068315
======================
   8      16 sdb 74848004 33647 17043859968 2448406048 37455103 105829702 23504581536 4046444531 135 248545925 2199614847
======================
   8      16 sdb 74848009 33647 17043860008 2448407732 37457612 105829717 23506160688 4046967652 1 248550928 2200130955
======================
   8      16 sdb 74848016 33647 17043860064 2448409857 37460112 105829731 23507733696 4047465076 1 248555930 2200630469
======================
   8      16 sdb 74848023 33647 17043860120 2448412010 37462696 105829746 23509360336 4047992896 130 248560932 2201180760
======================
   8      16 sdb 74848030 33647 17043860176 2448414088 37465205 105829761 23510939744 4048488500 145 248565934 2201676202
======================
   8      16 sdb 74848036 33647 17043860224 2448416041 37467731 105829775 23512529136 4049026249 148 248570936 2202208678
======================
   8      16 sdb 74848042 33647 17043860272 2448417877 37470259 105829791 23514120456 4049579222 155 248575939 2202763403
======================
   8      16 sdb 74848049 33647 17043860328 2448419782 37472799 105829806 23515717928 4050107433 128 248580942 2203302184
======================
   8      16 sdb 74848055 33647 17043860376 2448421567 37475357 105829821 23517328184 4050657768 143 248585945 2203853272
======================
   8      16 sdb 74848062 33647 17043860432 2448423311 37477840 105829836 23518891208 4051223899 144 248590948 2204423672
======================
   8      16 sdb 74848068 33647 17043860480 2448424840 37480329 105829851 23520457816 4051808120 156 248595950 2205007884
======================
   8      16 sdb 74848074 33647 17043860528 2448426625 37482776 105829866 23521998696 4052347649 130 248600953 2205547213
======================
   8      16 sdb 74848081 33647 17043860584 2448428761 37485237 105829880 23523546360 4052852950 148 248605954 2206059191
======================
   8      16 sdb 74848087 33647 17043860632 2448430842 37487686 105829895 23525087880 4053394168 155 248610957 2206601296
======================
   8      16 sdb 74848094 33647 17043860688 2448433013 37490128 105829910 23526625176 4053942911 156 248615961 2207134462
======================
   8      16 sdb 74848100 33647 17043860736 2448434540 37492597 105829925 23528179240 4054506552 152 248620964 2207711288
======================
   8      16 sdb 74848105 33647 17043860776 2448436152 37495046 105829940 23529720760 4055078821 31 248625967 2208278759
======================
   8      16 sdb 74848112 33647 17043860832 2448438372 37497474 105829955 23531247576 4055578135 104 248630967 2208789887
======================
   8      16 sdb 74848118 33647 17043860880 2448440157 37499908 105829970 23532779752 4056149812 149 248635968 2209368085
======================
   8      16 sdb 74848125 33647 17043860936 2448442457 37502358 105829985 23534321912 4056653807 132 248640971 2209872657
======================
   8      16 sdb 74848131 33647 17043860984 2448443740 37504802 105830000 23535860232 4057256465 143 248645973 2210475667
======================
   8      16 sdb 74848137 33647 17043861032 2448445326 37507290 105830015 23537426792 4057827557 148 248650976 2211048054
======================
   8      16 sdb 74848144 33647 17043861088 2448447598 37509694 105830029 23538938792 4058325234 128 248655977 2211548169
======================
   8      16 sdb 74848149 33647 17043861128 2448449021 37512156 105830044 23540488376 4058918114 1 248660981 2212122423
======================
   8      16 sdb 74848156 33647 17043861184 2448451404 37514608 105830059 23542031816 4059412366 48 248665984 2212630462
======================
   8      16 sdb 74848162 33647 17043861232 2448453214 37517075 105830069 23543585192 4059955047 53 248670987 2213169085
======================
   8      16 sdb 74848168 33647 17043861280 2448454562 37519519 105830084 23545123768 4060550755 108 248675989 2213770531
======================
   8      16 sdb 74848175 33647 17043861336 2448456627 37521954 105830100 23546656336 4061077550 151 248680991 2214292042
======================
   8      16 sdb 74848181 33647 17043861384 2448458164 37524411 105830114 23548201704 4061667705 157 248685995 2214901323
======================
   8      16 sdb 74848187 33647 17043861432 2448460170 37526707 105830119 23549647768 4062208214 1 248690997 2215423422
======================
   8      16 sdb 74848193 33647 17043861480 2448461699 37529206 105830134 23551220776 4062773758 1 248695999 2215990743
======================
   8      16 sdb 74848200 33647 17043861536 2448463840 37531744 105830149 23552818488 4063348412 155 248701002 2216577314
======================
   8      16 sdb 74848206 33647 17043861584 2448465820 37534194 105830164 23554360648 4063845901 11 248706006 2217069513
======================
   8      16 sdb 74848212 33647 17043861632 2448467678 37536631 105830178 23555893848 4064394358 74 248711008 2217632632
======================
   8      16 sdb 74848218 33647 17043861680 2448469538 37539112 105830193 23557455592 4064958700 92 248716009 2218200612
======================
   8      16 sdb 74848225 33647 17043861736 2448471486 37541545 105830208 23558987128 4065499094 134 248721009 2218746198
======================
   8      16 sdb 74848231 33647 17043861784 2448472892 37544018 105830223 23560543752 4066088391 143 248726011 2219336796
======================
   8      16 sdb 74848238 33647 17043861840 2448474873 37546461 105830238 23562081432 4066607362 154 248731012 2219855204
======================
   8      16 sdb 74848244 33647 17043861888 2448476775 37548910 105830253 23563621560 4067156248 141 248736015 2220401097
======================
   8      16 sdb 74848250 33647 17043861936 2448478424 37551315 105830268 23565135304 4067728691 139 248741018 2220982289
======================
   8      16 sdb 74848255 33647 17043861976 2448479666 37553723 105830283 23566651096 4068330819 153 248746020 2221582694
======================
   8      16 sdb 74848260 33647 17043862016 2448481032 37556150 105830298 23568178792 4068935213 81 248751024 2222187741
======================
   8      16 sdb 74848267 33647 17043862072 2448482791 37558566 105830313 23569699448 4069490015 158 248756027 2222748451
======================
   8      16 sdb 74848273 33647 17043862120 2448484766 37561004 105830327 23571233288 4070035801 142 248761030 2223295924
======================
   8      16 sdb 74848279 33647 17043862168 2448486117 37563396 105830342 23572738840 4070665806 139 248766032 2223928282
======================
   8      16 sdb 74848286 33647 17043862224 2448487993 37565843 105830358 23574278456 4071221704 153 248771034 2224485133
======================
   8      16 sdb 74848291 33647 17043862264 2448489345 37568242 105830373 23575788488 4071816667 44 248776037 2225071470
======================
   8      16 sdb 74848298 33647 17043862320 2448491405 37570653 105830388 23577306200 4072350170 132 248781041 2225614636
======================
   8      16 sdb 74848304 33647 17043862368 2448493393 37573085 105830403 23578835576 4072897834 130 248786043 2226165977
======================
   8      16 sdb 74848310 33647 17043862416 2448495280 37575518 105830418 23580367112 4073459492 147 248791046 2226731426
======================
   8      16 sdb 74848317 33647 17043862472 2448497317 37577930 105830433 23581885208 4074006463 129 248796049 2227278440
======================
   8      16 sdb 74848322 33647 17043862512 2448498690 37580341 105830448 23583402664 4074591338 26 248801052 2227852117
======================
   8      16 sdb 74848328 33647 17043862560 2448500922 37582760 105830463 23584925496 4075117095 106 248806054 2228391516
======================
   8      16 sdb 74848335 33647 17043862616 2448503042 37585135 105830477 23586419528 4075654412 145 248811057 2228932957
======================
   8      16 sdb 74848340 33647 17043862656 2448504238 37587448 105830490 23587875272 4076244430 1 248816061 2229503546
======================
   8      16 sdb 74848347 33647 17043862712 2448506433 37589767 105830505 23589334872 4076743957 154 248821063 2230027252
======================
   8      16 sdb 74848353 33647 17043862760 2448508492 37592126 105830519 23590819176 4077316310 134 248826066 2230586989
======================
   8      16 sdb 74848358 33647 17043862800 2448510109 37594456 105830534 23592285560 4077891944 75 248831068 2231172641
======================
   8      16 sdb 74848365 33647 17043862856 2448511919 37596777 105830547 23593745160 4078423271 141 248836072 2231712880
======================
   8      16 sdb 74848370 33647 17043862896 2448512914 37599102 105830562 23595208600 4079051113 13 248841075 2232322293
======================
   8      16 sdb 74848376 33647 17043862944 2448514752 37601457 105830577 23596690728 4079626107 136 248846078 2232916882
======================
   8      16 sdb 74848383 33647 17043863000 2448516737 37603728 105830589 23598119464 4080152425 159 248851081 2233432357
======================
   8      16 sdb 74848388 33647 17043863040 2448518112 37606037 105830604 23599572920 4080730002 154 248856083 2234026244
======================
   8      16 sdb 74848395 33647 17043863096 2448520543 37608323 105830619 23601011656 4081242653 151 248861083 2234528106
======================
   8      16 sdb 74848400 33647 17043863136 2448522016 37610604 105830634 23602447784 4081816757 137 248866086 2235117132
======================
   8      16 sdb 74848406 33647 17043863184 2448523977 37612920 105830643 23603905456 4082349812 144 248871088 2235645311
======================
   8      16 sdb 74848412 33647 17043863232 2448526021 37615180 105830657 23605327800 4082877699 143 248876091 2236179757
======================
   8      16 sdb 74848418 33647 17043863280 2448527297 37617443 105830670 23606751424 4083485281 9 248881092 2236766930
======================
   8      16 sdb 74848423 33647 17043863320 2448528701 37619789 105830688 23608228072 4084050800 139 248886095 2237348058
started
======================
   8      16 sdb 74848668 33647 17043893794 2448530560 37620738 105830704 23608816232 4084247684 1 248888779 2237532578
======================
   8      16 sdb 74849404 33647 17044082210 2448535476 37620741 105830706 23608816272 4084247684 1 248893692 2237537491
======================
   8      16 sdb 74850275 33647 17044305186 2448540341 37620741 105830706 23608816272 4084247684 1 248898555 2237542354
======================
   8      16 sdb 74851151 33647 17044529442 2448545220 37620741 105830706 23608816272 4084247684 1 248903434 2237547233
======================
   8      16 sdb 74852029 33647 17044754210 2448550098 37620741 105830706 23608816272 4084247684 1 248908312 2237552111
======================
   8      16 sdb 74852916 33647 17044981282 2448554973 37620741 105830706 23608816272 4084247684 1 248913189 2237556988
======================
   8      16 sdb 74853792 33647 17045205538 2448559837 37620741 105830706 23608816272 4084247684 1 248918048 2237561847
======================
   8      16 sdb 74854674 33647 17045431330 2448564684 37620741 105830706 23608816272 4084247684 1 248922892 2237566691
======================
   8      16 sdb 74855553 33647 17045656354 2448569558 37620743 105830706 23608816288 4084247684 1 248927763 2237571562
======================
   8      16 sdb 74856443 33647 17045884194 2448574423 37620743 105830706 23608816288 4084247684 1 248932626 2237576425
======================
   8      16 sdb 74857321 33647 17046108962 2448579297 37620743 105830706 23608816288 4084247684 1 248937504 2237581303
======================
   8      16 sdb 74858202 33647 17046334498 2448584186 37620743 105830706 23608816288 4084247684 1 248942392 2237586191
======================
   8      16 sdb 74859093 33647 17046562594 2448589074 37620743 105830706 23608816288 4084247684 1 248947275 2237591074
======================
   8      16 sdb 74859974 33647 17046788130 2448593943 37620743 105830706 23608816288 4084247684 1 248952142 2237595941
======================
   8      16 sdb 74860869 33647 17047017250 2448598815 37620743 105830706 23608816288 4084247684 1 248957013 2237600812
======================
   8      16 sdb 74861759 33647 17047245090 2448603702 37620743 105830706 23608816288 4084247684 1 248961899 2237605698
======================
   8      16 sdb 74862636 33647 17047469602 2448608569 37620743 105830706 23608816288 4084247684 1 248966763 2237610562
======================
   8      16 sdb 74863522 33647 17047696418 2448613448 37620743 105830706 23608816288 4084247684 1 248971643 2237615442
======================
   8      16 sdb 74864411 33647 17047924002 2448618298 37620743 105830706 23608816288 4084247684 1 248976493 2237620292
======================
   8      16 sdb 74865303 33647 17048152354 2448623181 37620743 105830706 23608816288 4084247684 1 248981373 2237625172
======================
   8      16 sdb 74866192 33647 17048379938 2448628056 37620743 105830706 23608816288 4084247684 1 248986243 2237630042
======================
   8      16 sdb 74867078 33647 17048606754 2448632913 37620743 105830706 23608816288 4084247684 1 248991103 2237634902
======================
   8      16 sdb 74867975 33647 17048836386 2448637791 37620743 105830706 23608816288 4084247684 1 248995972 2237639771
======================
   8      16 sdb 74868845 33647 17049059106 2448642666 37620743 105830706 23608816288 4084247684 1 249000843 2237644642
======================
   8      16 sdb 74869742 33647 17049288738 2448647536 37620743 105830706 23608816288 4084247684 1 249005708 2237649507
======================
   8      16 sdb 74870635 33647 17049517346 2448652408 37620743 105830706 23608816288 4084247684 1 249010583 2237654382
======================
   8      16 sdb 74871517 33647 17049743138 2448657291 37620743 105830706 23608816288 4084247684 1 249015462 2237659261
======================
   8      16 sdb 74872404 33647 17049970210 2448662172 37620743 105830706 23608816288 4084247684 1 249020342 2237664141
======================
   8      16 sdb 74873299 33647 17050199330 2448667044 37620743 105830706 23608816288 4084247684 1 249025213 2237669012
======================
   8      16 sdb 74874172 33647 17050422818 2448671913 37620743 105830706 23608816288 4084247684 1 249030085 2237673884
======================
   8      16 sdb 74875070 33647 17050652706 2448676787 37620743 105830706 23608816288 4084247684 1 249034958 2237678757
======================
   8      16 sdb 74875945 33647 17050876810 2448681643 37620743 105830706 23608816288 4084247684 1 249039811 2237683610
======================
   8      16 sdb 74876831 33647 17051103626 2448686502 37620743 105830706 23608816288 4084247684 1 249044669 2237688468
======================
   8      16 sdb 74877719 33647 17051330954 2448691357 37620743 105830706 23608816288 4084247684 1 249049520 2237693319
======================
   8      16 sdb 74878606 33647 17051558026 2448696238 37620743 105830706 23608816288 4084247684 1 249054397 2237698196
======================
   8      16 sdb 74879481 33647 17051782026 2448701094 37620743 105830706 23608816288 4084247684 1 249059254 2237703053
======================
   8      16 sdb 74880368 33647 17052009098 2448705987 37620743 105830706 23608816288 4084247684 1 249064145 2237707944
======================
   8      16 sdb 74881253 33647 17052235658 2448710853 37620743 105830706 23608816288 4084247684 1 249069011 2237712810
======================
   8      16 sdb 74882147 33647 17052464522 2448715721 37620743 105830706 23608816288 4084247684 1 249073879 2237717678
======================
   8      16 sdb 74883031 33647 17052690826 2448720595 37620743 105830706 23608816288 4084247684 1 249078749 2237722548
======================
   8      16 sdb 74883914 33647 17052916874 2448725469 37620743 105830706 23608816288 4084247684 1 249083627 2237727426
======================
   8      16 sdb 74884792 33647 17053141642 2448730344 37620743 105830706 23608816288 4084247684 1 249088496 2237732295
======================
   8      16 sdb 74885675 33647 17053367466 2448735220 37620743 105830706 23608816288 4084247684 1 249093371 2237737170
======================
   8      16 sdb 74886570 33647 17053596586 2448740089 37620743 105830706 23608816288 4084247684 1 249098241 2237742040
======================
   8      16 sdb 74887470 33647 17053826986 2448744972 37620743 105830706 23608816288 4084247684 1 249103120 2237746919
======================
   8      16 sdb 74888354 33647 17054053290 2448749833 37620743 105830706 23608816288 4084247684 1 249107981 2237751780
======================
   8      16 sdb 74889241 33647 17054280290 2448754712 37620743 105830706 23608816288 4084247684 1 249112860 2237756659
======================
   8      16 sdb 74890145 33647 17054511658 2448759580 37620743 105830706 23608816288 4084247684 1 249117723 2237761522
======================
   8      16 sdb 74891036 33647 17054739754 2448764440 37620743 105830706 23608816288 4084247684 1 249122581 2237766380
======================
   8      16 sdb 74891936 33647 17054970154 2448769303 37620743 105830706 23608816288 4084247684 1 249127446 2237771245
======================
   8      16 sdb 74892823 33647 17055197226 2448774182 37620743 105830706 23608816288 4084247684 1 249132321 2237776120
======================
   8      16 sdb 74893703 33647 17055422506 2448779062 37620743 105830706 23608816288 4084247684 1 249137201 2237781000
======================
   8      16 sdb 74894589 33647 17055649322 2448783939 37620743 105830706 23608816288 4084247684 1 249142072 2237785871
======================
   8      16 sdb 74895477 33647 17055876650 2448788798 37620743 105830706 23608816288 4084247684 1 249146933 2237790732
======================
   8      16 sdb 74896368 33647 17056104746 2448793659 37620743 105830706 23608816288 4084247684 1 249151791 2237795590
======================
   8      16 sdb 74897251 33647 17056330794 2448798519 37620743 105830706 23608816288 4084247684 1 249156648 2237800447
======================
   8      16 sdb 74898136 33647 17056557354 2448803372 37620743 105830706 23608816288 4084247684 1 249161504 2237805303
======================
   8      16 sdb 74899006 33647 17056780074 2448808245 37620743 105830706 23608816288 4084247684 1 249166375 2237810174
======================
   8      16 sdb 74899891 33647 17057006634 2448813130 37620743 105830706 23608816288 4084247684 1 249171254 2237815053
======================
   8      16 sdb 74900773 33647 17057232426 2448817988 37620743 105830706 23608816288 4084247684 1 249176109 2237819908
======================
   8      16 sdb 74901661 33647 17057459754 2448822857 37620743 105830706 23608816288 4084247684 1 249180974 2237824773
======================
   8      16 sdb 74902545 33647 17057686058 2448827729 37620743 105830706 23608816288 4084247684 1 249185846 2237829645
======================
   8      16 sdb 74903439 33647 17057914922 2448832583 37620743 105830706 23608816288 4084247684 1 249190698 2237834497
======================
   8      16 sdb 74904336 33647 17058144554 2448837464 37620743 105830706 23608816288 4084247684 1 249195584 2237839383
======================
   8      16 sdb 74905214 33647 17058369322 2448842343 37620743 105830706 23608816288 4084247684 1 249200458 2237844257
======================
   8      16 sdb 74906112 33647 17058599210 2448847219 37620743 105830706 23608816288 4084247684 1 249205334 2237849133
======================
   8      16 sdb 74907005 33647 17058827818 2448852086 37620743 105830706 23608816288 4084247684 1 249210198 2237853997
======================
   8      16 sdb 74907882 33647 17059052330 2448856953 37620743 105830706 23608816288 4084247684 1 249215064 2237858863
======================
   8      16 sdb 74908757 33647 17059276330 2448861849 37620743 105830706 23608816288 4084247684 1 249219959 2237863758
======================
   8      16 sdb 74909641 33647 17059502594 2448866705 37620743 105830706 23608816288 4084247684 1 249224814 2237868613
======================
   8      16 sdb 74910517 33647 17059726794 2448871577 37620743 105830706 23608816288 4084247684 1 249229680 2237873479
======================
   8      16 sdb 74911410 33647 17059955402 2448876455 37620743 105830706 23608816288 4084247684 1 249234555 2237878354
======================
   8      16 sdb 74912282 33647 17060178634 2448881320 37620743 105830706 23608816288 4084247684 1 249239414 2237883213
======================
   8      16 sdb 74913160 33647 17060403402 2448886182 37620743 105830706 23608816288 4084247684 1 249244276 2237888075
======================
   8      16 sdb 74914037 33647 17060627914 2448891058 37620743 105830706 23608816288 4084247684 1 249249150 2237892949
======================
   8      16 sdb 74914921 33647 17060854218 2448895919 37620743 105830706 23608816288 4084247684 1 249254011 2237897810
======================
   8      16 sdb 74915795 33647 17061077962 2448900799 37620743 105830706 23608816288 4084247684 1 249258887 2237902686
======================
   8      16 sdb 74916683 33647 17061305290 2448905692 37620743 105830706 23608816288 4084247684 1 249263775 2237907574
======================
   8      16 sdb 74917571 33647 17061532618 2448910563 37620743 105830706 23608816288 4084247684 1 249268647 2237912446
======================
   8      16 sdb 74918459 33647 17061759850 2448915433 37620743 105830706 23608816288 4084247684 1 249273516 2237917315
======================
   8      16 sdb 74919348 33647 17061987434 2448920307 37620743 105830706 23608816288 4084247684 1 249278385 2237922184
======================
   8      16 sdb 74920233 33647 17062213994 2448925166 37620743 105830706 23608816288 4084247684 1 249283245 2237927044
======================
   8      16 sdb 74921127 33647 17062442858 2448930052 37620743 105830706 23608816288 4084247684 1 249288131 2237931930
======================
   8      16 sdb 74922007 33647 17062668138 2448934914 37620743 105830706 23608816288 4084247684 1 249292992 2237936791
======================
   8      16 sdb 74922899 33647 17062896490 2448939789 37620743 105830706 23608816288 4084247684 0 249297864 2237941663
======================
   8      16 sdb 74923791 33647 17063124842 2448944662 37620743 105830706 23608816288 4084247684 1 249302737 2237946536
======================
   8      16 sdb 74924686 33647 17063353962 2448949505 37620743 105830706 23608816288 4084247684 1 249307583 2237951382
======================
   8      16 sdb 74925581 33647 17063583082 2448954379 37620743 105830706 23608816288 4084247684 1 249312450 2237956249
======================
   8      16 sdb 74926468 33647 17063810154 2448959249 37620743 105830706 23608816288 4084247684 1 249317322 2237961121
======================
   8      16 sdb 74927361 33647 17064038762 2448964124 37620743 105830706 23608816288 4084247684 1 249322195 2237965994
======================
   8      16 sdb 74928256 33647 17064267882 2448969002 37620743 105830706 23608816288 4084247684 1 249327073 2237970872
======================
   8      16 sdb 74929133 33647 17064492394 2448973892 37620743 105830706 23608816288 4084247684 1 249331959 2237975758
======================
   8      16 sdb 74930032 33647 17064722538 2448978763 37620743 105830706 23608816288 4084247684 0 249336826 2237980625
======================
   8      16 sdb 74930922 33647 17064950130 2448983623 37620743 105830706 23608816288 4084247684 1 249341686 2237985485
======================
   8      16 sdb 74931827 33647 17065181810 2448988508 37620743 105830706 23608816288 4084247684 1 249346565 2237990364
======================
   8      16 sdb 74932720 33647 17065410418 2448993391 37620743 105830706 23608816288 4084247684 1 249351448 2237995247
======================
   8      16 sdb 74933612 33647 17065638770 2448998262 37620743 105830706 23608816288 4084247684 1 249356319 2238000118
======================
   8      16 sdb 74934501 33647 17065866354 2449003135 37620743 105830706 23608816288 4084247684 1 249361187 2238004986
======================
   8      16 sdb 74935388 33647 17066093426 2449008009 37620743 105830706 23608816288 4084247684 1 249366058 2238009857
======================
   8      16 sdb 74936280 33647 17066321778 2449012886 37620743 105830706 23608816288 4084247684 1 249370931 2238014730
======================
   8      16 sdb 74937168 33647 17066549106 2449017754 37620743 105830706 23608816288 4084247684 1 249375803 2238019602
======================
   8      16 sdb 74938047 33647 17066774130 2449022630 37620743 105830706 23608816288 4084247684 1 249380674 2238024473
======================
   8      16 sdb 74938938 33647 17067002482 2449027512 37620743 105830706 23608816288 4084247684 1 249385556 2238029355
======================
   8      16 sdb 74939815 33647 17067226994 2449032382 37620743 105830706 23608816288 4084247684 1 249390422 2238034221
======================
   8      16 sdb 74940703 33647 17067454322 2449037271 37620743 105830706 23608816288 4084247684 1 249395309 2238039108
======================
   8      16 sdb 74941581 33647 17067679090 2449042136 37620743 105830706 23608816288 4084247684 1 249400173 2238043972
======================
   8      16 sdb 74942465 33647 17067905394 2449047022 37620743 105830706 23608816288 4084247684 1 249405058 2238048857
======================
   8      16 sdb 74943349 33647 17068131698 2449051880 37620743 105830706 23608816288 4084247684 1 249409919 2238053718
======================
   8      16 sdb 74944241 33647 17068359954 2449056766 37620743 105830706 23608816288 4084247684 1 249414802 2238058601
======================
   8      16 sdb 74945136 33647 17068589074 2449061615 37620743 105830706 23608816288 4084247684 1 249419649 2238063448
======================
   8      16 sdb 74946019 33647 17068815122 2449066499 37620743 105830706 23608816288 4084247684 1 249424530 2238068329
======================
   8      16 sdb 74946897 33647 17069039890 2449071367 37620743 105830706 23608816288 4084247684 1 249429396 2238073195
======================
   8      16 sdb 74947783 33647 17069266706 2449076223 37620743 105830706 23608816288 4084247684 1 249434255 2238078054
======================
   8      16 sdb 74948665 33647 17069492498 2449081113 37620743 105830706 23608816288 4084247684 0 249439139 2238082938
======================
   8      16 sdb 74949555 33647 17069720338 2449085990 37620743 105830706 23608816288 4084247684 1 249444016 2238087815
======================
   8      16 sdb 74950429 33647 17069944082 2449090870 37620743 105830706 23608816288 4084247684 1 249448896 2238092695
======================
   8      16 sdb 74951312 33647 17070170130 2449095741 37620743 105830706 23608816288 4084247684 1 249453769 2238097568
======================
   8      16 sdb 74952214 33647 17070401042 2449100613 37620743 105830706 23608816288 4084247684 1 249458637 2238102436
======================
   8      16 sdb 74953100 33647 17070627858 2449105474 37620743 105830706 23608816288 4084247684 1 249463495 2238107294
======================
   8      16 sdb 74953990 33647 17070855610 2449110350 37620743 105830706 23608816288 4084247684 1 249468372 2238112171
======================
   8      16 sdb 74954878 33647 17071082938 2449115233 37620743 105830706 23608816288 4084247684 1 249473249 2238117048
======================
   8      16 sdb 74955763 33647 17071309498 2449120109 37620743 105830706 23608816288 4084247684 1 249478124 2238121923
======================
   8      16 sdb 74956645 33647 17071535290 2449124994 37620743 105830706 23608816288 4084247684 1 249483015 2238126814
======================
   8      16 sdb 74957545 33647 17071765690 2449129873 37620743 105830706 23608816288 4084247684 1 249487888 2238131687
======================
   8      16 sdb 74958427 33647 17071991482 2449134758 37620743 105830706 23608816288 4084247684 1 249492773 2238136572
======================
   8      16 sdb 74959309 33647 17072217274 2449139620 37620743 105830706 23608816288 4084247684 1 249497633 2238141432
======================
   8      16 sdb 74960209 33647 17072447674 2449144495 37620743 105830706 23608816288 4084247684 1 249502508 2238146307
======================
   8      16 sdb 74961090 33647 17072673210 2449149383 37620743 105830706 23608816288 4084247684 1 249507396 2238151195
======================
   8      16 sdb 74961977 33647 17072900282 2449154266 37620743 105830706 23608816288 4084247684 1 249512276 2238156075
======================
   8      16 sdb 74962858 33647 17073125818 2449159134 37620743 105830706 23608816288 4084247684 1 249517146 2238160945
======================
   8      16 sdb 74963733 33647 17073349818 2449164010 37620743 105830706 23608816288 4084247684 1 249522021 2238165820
======================
   8      16 sdb 74964621 33647 17073577146 2449168856 37620743 105830706 23608816288 4084247684 1 249526866 2238170665
======================
   8      16 sdb 74965502 33647 17073802682 2449173721 37620743 105830706 23608816288 4084247684 1 249531728 2238175527
======================
   8      16 sdb 74966400 33647 17074032570 2449178569 37620743 105830706 23608816288 4084247684 1 249536574 2238180373
======================
   8      16 sdb 74967291 33647 17074260666 2449183438 37620743 105830706 23608816288 4084247684 1 249541440 2238185239
======================
   8      16 sdb 74968192 33647 17074491322 2449188329 37620743 105830706 23608816288 4084247684 1 249546331 2238190130
======================
   8      16 sdb 74969081 33647 17074718906 2449193194 37620743 105830706 23608816288 4084247684 1 249551194 2238194993
======================
   8      16 sdb 74969969 33647 17074946234 2449198054 37620743 105830706 23608816288 4084247684 1 249556055 2238199854
======================
   8      16 sdb 74970857 33647 17075173562 2449202927 37620743 105830706 23608816288 4084247684 1 249560922 2238204721
======================
   8      16 sdb 74971744 33647 17075400794 2449207793 37620743 105830706 23608816288 4084247684 1 249565790 2238209589
======================
   8      16 sdb 74972645 33647 17075631450 2449212680 37620743 105830706 23608816288 4084247684 1 249570676 2238214475
======================
   8      16 sdb 74973539 33647 17075860314 2449217528 37620743 105830706 23608816288 4084247684 1 249575521 2238219320
======================
   8      16 sdb 74974415 33647 17076084570 2449222414 37620743 105830706 23608816288 4084247684 1 249580407 2238224206
======================
   8      16 sdb 74975298 33647 17076310618 2449227290 37620743 105830706 23608816288 4084247684 1 249585279 2238229078
======================
   8      16 sdb 74976185 33647 17076537690 2449232151 37620743 105830706 23608816288 4084247684 1 249590141 2238233940
======================
   8      16 sdb 74977078 33647 17076766298 2449237009 37620743 105830706 23608816288 4084247684 1 249594999 2238238798
======================
   8      16 sdb 74977959 33647 17076991834 2449241858 37620743 105830706 23608816288 4084247684 1 249599848 2238243647
======================
   8      16 sdb 74978839 33647 17077217114 2449246715 37620743 105830706 23608816288 4084247684 1 249604706 2238248505
======================
   8      16 sdb 74979723 33647 17077443418 2449251596 37620743 105830706 23608816288 4084247684 1 249609575 2238253374
======================
   8      16 sdb 74980589 33647 17077665114 2449256457 37620743 105830706 23608816288 4084247684 1 249614437 2238258236
======================
   8      16 sdb 74981476 33647 17077892186 2449261358 37620743 105830706 23608816288 4084247684 1 249619335 2238263134
======================
   8      16 sdb 74982358 33647 17078117978 2449266230 37620743 105830706 23608816288 4084247684 1 249624205 2238268004
======================
   8      16 sdb 74983247 33647 17078345434 2449271099 37620743 105830706 23608816288 4084247684 1 249629075 2238272874
======================
   8      16 sdb 74984131 33647 17078571738 2449275978 37620743 105830706 23608816288 4084247684 1 249633950 2238277749
======================
   8      16 sdb 74985005 33647 17078795482 2449280872 37620743 105830706 23608816288 4084247684 1 249638840 2238282639
======================
   8      16 sdb 74985894 33647 17079023066 2449285764 37620743 105830706 23608816288 4084247684 1 249643729 2238287528
======================
   8      16 sdb 74986774 33647 17079248346 2449290633 37620743 105830706 23608816288 4084247684 1 249648598 2238292397
======================
   8      16 sdb 74987664 33647 17079476186 2449295503 37620743 105830706 23608816288 4084247684 1 249653465 2238297264
======================
   8      16 sdb 74988542 33647 17079700954 2449300367 37620743 105830706 23608816288 4084247684 1 249658328 2238302127
======================
   8      16 sdb 74989427 33647 17079927514 2449305240 37620743 105830706 23608816288 4084247684 1 249663199 2238306998
======================
   8      16 sdb 74990313 33647 17080154330 2449310111 37620743 105830706 23608816288 4084247684 1 249668070 2238311869
======================
   8      16 sdb 74991189 33647 17080378586 2449314994 37620743 105830706 23608816288 4084247684 1 249672949 2238316748
======================
   8      16 sdb 74992068 33647 17080603610 2449319858 37620743 105830706 23608816288 4084247684 1 249677810 2238321609
======================
   8      16 sdb 74992955 33647 17080830682 2449324742 37620743 105830706 23608816288 4084247684 1 249682693 2238326492
======================
   8      16 sdb 74993850 33647 17081059802 2449329633 37620743 105830706 23608816288 4084247684 1 249687585 2238331384
======================
   8      16 sdb 74994722 33647 17081283034 2449334516 37620743 105830706 23608816288 4084247684 1 249692465 2238336264
======================
   8      16 sdb 74995611 33647 17081510618 2449339377 37620743 105830706 23608816288 4084247684 1 249697329 2238341128
======================
   8      16 sdb 74996497 33647 17081737330 2449344252 37620743 105830706 23608816288 4084247684 1 249702200 2238345999
======================
   8      16 sdb 74997382 33647 17081963890 2449349127 37620743 105830706 23608816288 4084247684 0 249707072 2238350871
======================
   8      16 sdb 74998276 33647 17082192754 2449354007 37620743 105830706 23608816288 4084247684 1 249711953 2238355752
======================
   8      16 sdb 74999175 33647 17082422898 2449358869 37620743 105830706 23608816288 4084247684 1 249716816 2238360615
======================
   8      16 sdb 75000071 33647 17082652274 2449363758 37620743 105830706 23608816288 4084247684 1 249721703 2238365502
======================
   8      16 sdb 75000973 33647 17082883186 2449368635 37620743 105830706 23608816288 4084247684 1 249726578 2238370377
======================
   8      16 sdb 75001871 33647 17083113074 2449373492 37620743 105830706 23608816288 4084247684 1 249731439 2238375238
======================
   8      16 sdb 75002759 33647 17083340402 2449378366 37620743 105830706 23608816288 4084247684 1 249736312 2238380111
======================
   8      16 sdb 75003647 33647 17083567730 2449383223 37620743 105830706 23608816288 4084247684 1 249741168 2238384967
======================
   8      16 sdb 75004532 33647 17083794290 2449388092 37620743 105830706 23608816288 4084247684 1 249746038 2238389837
======================
   8      16 sdb 75005426 33647 17084022434 2449392969 37620743 105830706 23608816288 4084247684 1 249750899 2238394707
======================
   8      16 sdb 75006315 33647 17084250018 2449397838 37620743 105830706 23608816288 4084247684 1 249755763 2238399571
======================
   8      16 sdb 75007196 33647 17084475554 2449402675 37620743 105830706 23608816288 4084247684 1 249760598 2238404406
======================
   8      16 sdb 75008088 33647 17084703906 2449407557 37620743 105830706 23608816288 4084247684 1 249765481 2238409289
======================
   8      16 sdb 75008979 33647 17084932002 2449412409 37620743 105830706 23608816288 4084247684 1 249770337 2238414145
======================
   8      16 sdb 75009871 33647 17085160354 2449417273 37620743 105830706 23608816288 4084247684 1 249775201 2238419009
======================
   8      16 sdb 75010763 33647 17085388706 2449422149 37620743 105830706 23608816288 4084247684 1 249780076 2238423884
======================
   8      16 sdb 75011647 33647 17085615010 2449427026 37620743 105830706 23608816288 4084247684 1 249784949 2238428757
======================
   8      16 sdb 75012538 33647 17085843106 2449431908 37620743 105830706 23608816288 4084247684 1 249789831 2238433639
======================
   8      16 sdb 75013424 33647 17086069922 2449436783 37620743 105830706 23608816288 4084247684 1 249794704 2238438512
======================
   8      16 sdb 75014314 33647 17086297762 2449441651 37620743 105830706 23608816288 4084247684 1 249799570 2238443378
======================
   8      16 sdb 75015206 33647 17086526114 2449446509 37620743 105830706 23608816288 4084247684 1 249804427 2238448235
======================
   8      16 sdb 75016086 33647 17086751394 2449451402 37620743 105830706 23608816288 4084247684 1 249809316 2238453124
======================
   8      16 sdb 75016960 33647 17086975138 2449456288 37620743 105830706 23608816288 4084247684 1 249814206 2238458014
======================
   8      16 sdb 75017853 33647 17087203746 2449461159 37620743 105830706 23608816288 4084247684 1 249819072 2238462880
======================
   8      16 sdb 75018747 33647 17087432610 2449466039 37620743 105830706 23608816288 4084247684 1 249823953 2238467761
======================
   8      16 sdb 75019635 33647 17087659938 2449470908 37620743 105830706 23608816288 4084247684 1 249828822 2238472630
======================
   8      16 sdb 75020525 33647 17087887778 2449475787 37620743 105830706 23608816288 4084247684 1 249833695 2238477503
======================
   8      16 sdb 75021401 33647 17088112034 2449480665 37620743 105830706 23608816288 4084247684 1 249838577 2238482385
======================
   8      16 sdb 75022299 33647 17088341922 2449485548 37620743 105830706 23608816288 4084247684 1 249843453 2238487261
======================
   8      16 sdb 75023185 33647 17088568946 2449490424 37620743 105830706 23608816288 4084247684 1 249848327 2238492135
======================
   8      16 sdb 75024070 33647 17088795506 2449495291 37620743 105830706 23608816288 4084247684 1 249853192 2238497000
======================
   8      16 sdb 75024956 33647 17089022322 2449500174 37620743 105830706 23608816288 4084247684 1 249858074 2238501882
======================
   8      16 sdb 75025830 33647 17089246066 2449505063 37620743 105830706 23608816288 4084247684 1 249862959 2238506767
======================
   8      16 sdb 75026711 33647 17089471602 2449509933 37620743 105830706 23608816288 4084247684 1 249867829 2238511637
======================
   8      16 sdb 75027591 33647 17089696882 2449514808 37620743 105830706 23608816288 4084247684 1 249872701 2238516509
======================
   8      16 sdb 75028481 33647 17089924722 2449519682 37620743 105830706 23608816288 4084247684 1 249877573 2238521381
======================
   8      16 sdb 75029367 33647 17090151538 2449524543 37620743 105830706 23608816288 4084247684 1 249882435 2238526243
======================
   8      16 sdb 75030245 33647 17090376242 2449529441 37620743 105830706 23608816288 4084247684 1 249887329 2238531137
======================
   8      16 sdb 75031132 33647 17090603314 2449534317 37620743 105830706 23608816288 4084247684 1 249892206 2238536014
======================
   8      16 sdb 75032036 33647 17090834738 2449539195 37620743 105830706 23608816288 4084247684 1 249897080 2238540888
======================
   8      16 sdb 75032914 33647 17091059506 2449544079 37620743 105830706 23608816288 4084247684 1 249901964 2238545772
======================
   8      16 sdb 75033801 33647 17091286578 2449548948 37620743 105830706 23608816288 4084247684 1 249906831 2238550639
======================
   8      16 sdb 75034698 33647 17091516210 2449553813 37620743 105830706 23608816288 4084247684 1 249911697 2238555505
======================
   8      16 sdb 75035597 33647 17091746322 2449558690 37620743 105830706 23608816288 4084247684 1 249916570 2238560378
======================
   8      16 sdb 75036483 33647 17091973138 2449563557 37620743 105830706 23608816288 4084247684 1 249921433 2238565241
======================
   8      16 sdb 75037366 33647 17092199186 2449568450 37620743 105830706 23608816288 4084247684 1 249926328 2238570136
======================
   8      16 sdb 75038245 33647 17092424210 2449573348 37620743 105830706 23608816288 4084247684 1 249931220 2238575028
======================
   8      16 sdb 75038806 33647 17092567826 2449576415 37620743 105830706 23608816288 4084247684 0 249934286 2238578094
