======================
   8      16 sdb 55604029 33647 12762636380 2315700159 27613752 78213988 17311577528 1776650126 33 189187869 4092152521
======================
   8      16 sdb 55604149 33647 12762637340 2315706509 27614870 78213988 17312282040 1776792899 79 189189467 4092316997
======================
   8      16 sdb 55604155 33647 12762637388 2315708027 27616867 78214020 17313531440 1777392696 125 189194469 4092920987
======================
   8      16 sdb 55604161 33647 12762637436 2315709688 27619411 78214038 17315133352 1777975397 44 189199472 4093496064
======================
   8      16 sdb 55604167 33647 12762637484 2315711866 27621893 78214055 17316692744 1778472269 77 189204473 4094000161
======================
   8      16 sdb 55604173 33647 12762637532 2315713291 27624417 78214071 17318279496 1779057077 1 189209476 4094571125
======================
   8      16 sdb 55604181 33647 12762637596 2315715602 27626956 78214084 17319878464 1779555878 136 189214479 4095084119
======================
   8      16 sdb 55604187 33647 12762637644 2315717497 27629496 78214109 17321474752 1780100789 155 189219482 4095637848
======================
   8      16 sdb 55604193 33647 12762637692 2315719376 27632030 78214124 17323068640 1780666556 155 189224483 4096205523
======================
   8      16 sdb 55604200 33647 12762637748 2315721202 27634543 78214139 17324651240 1781192592 139 189229484 4096735842
======================
   8      16 sdb 55604206 33647 12762637796 2315722621 27637108 78214159 17326261968 1781795415 130 189234487 4097337304
======================
   8      16 sdb 55604213 33647 12762637852 2315724549 27639599 78214173 17327830104 1782306966 128 189239490 4097851316
======================
   8      16 sdb 55604219 33647 12762637900 2315726261 27642148 78214190 17329431456 1782882425 147 189244493 4098430335
======================
   8      16 sdb 55604225 33647 12762637948 2315727772 27644663 78214207 17331013200 1783473819 150 189249495 4099023389
======================
   8      16 sdb 55604233 33647 12762638012 2315729622 27647188 78214225 17332602624 1784013487 144 189254497 4099562643
======================
   8      16 sdb 55604238 33647 12762638052 2315731360 27649705 78214247 17334183408 1784579745 92 189259498 4100128471
======================
   8      16 sdb 55604245 33647 12762638108 2315733454 27652224 78214260 17335768312 1785091992 71 189264500 4100640617
======================
   8      16 sdb 55604252 33647 12762638164 2315735382 27654743 78214277 17337351608 1785651639 145 189269503 4101200710
======================
   8      16 sdb 55604257 33647 12762638204 2315736911 27657298 78214293 17338958432 1786212110 1 189274505 4101749427
======================
   8      16 sdb 55604265 33647 12762638268 2315739269 27659807 78214311 17340537232 1786695409 144 189279508 4102245790
======================
   8      16 sdb 55604270 33647 12762638308 2315740829 27662301 78214328 17342104528 1787242022 1 189284510 4102783242
======================
   8      16 sdb 55604278 33647 12762638372 2315742968 27664905 78214345 17343742088 1787757825 157 189289512 4103318811
======================
   8      16 sdb 55604284 33647 12762638420 2315744896 27667421 78214363 17345324480 1788310421 151 189294513 4103871616
======================
   8      16 sdb 55604291 33647 12762638476 2315746757 27669935 78214381 17346906232 1788880145 131 189299516 4104431352
======================
   8      16 sdb 55604297 33647 12762638524 2315748441 27672423 78214399 17348471104 1789456416 117 189304518 4105025048
======================
   8      16 sdb 55604303 33647 12762638572 2315750136 27674902 78214417 17350029696 1790026994 140 189309520 4105590078
======================
   8      16 sdb 55604310 33647 12762638628 2315752321 27677324 78214433 17351552952 1790542457 11 189314521 4106095217
======================
   8      16 sdb 55604315 33647 12762638668 2315753934 27679783 78214437 17353099352 1791084802 1 189319522 4106639179
======================
   8      16 sdb 55604321 33647 12762638716 2315755904 27682265 78214455 17354659864 1791644934 21 189324525 4107206618
======================
   8      16 sdb 55604328 33647 12762638772 2315757774 27684715 78214473 17356200152 1792202912 73 189329527 4107777831
======================
   8      16 sdb 55604334 33647 12762638820 2315759636 27687169 78214488 17357744872 1792744760 118 189334528 4108324338
======================
   8      16 sdb 55604341 33647 12762638876 2315761590 27689608 78214506 17359278752 1793256459 141 189339530 4108840817
======================
   8      16 sdb 55604347 33647 12762638924 2315763462 27692091 78214524 17360838640 1793805993 148 189344533 4109389412
======================
   8      16 sdb 55604353 33647 12762638972 2315765082 27694553 78214542 17362386608 1794381942 140 189349536 4109970348
======================
   8      16 sdb 55604360 33647 12762639028 2315766969 27696992 78214559 17363920480 1794948574 154 189354536 4110534377
======================
   8      16 sdb 55604366 33647 12762639076 2315768213 27699427 78214576 17365452048 1795557186 147 189359539 4111148106
======================
   8      16 sdb 55604372 33647 12762639124 2315770316 27701865 78214595 17366985296 1796051369 16 189364540 4111625972
======================
   8      16 sdb 55604378 33647 12762639172 2315771837 27704307 78214613 17368519200 1796625790 78 189369543 4112213410
======================
   8      16 sdb 55604385 33647 12762639228 2315773675 27706797 78214628 17370086576 1797210234 136 189374545 4112802295
======================
   8      16 sdb 55604391 33647 12762639276 2315775643 27709212 78214647 17371604856 1797738470 148 189379548 4113334828
======================
   8      16 sdb 55604397 33647 12762639324 2315777113 27711695 78214665 17373166008 1798321033 138 189384550 4113918215
======================
   8      16 sdb 55604404 33647 12762639380 2315779181 27714119 78214684 17374689288 1798832670 158 189389552 4114428141
======================
   8      16 sdb 55604410 33647 12762639428 2315781031 27716591 78214702 17376242768 1799377557 146 189394554 4114967953
======================
   8      16 sdb 55604416 33647 12762639476 2315782893 27719042 78214718 17377784816 1799934809 148 189399556 4115536694
======================
   8      16 sdb 55604422 33647 12762639524 2315784820 27721440 78214737 17379292344 1800451567 1 189404559 4116036645
======================
   8      16 sdb 55604428 33647 12762639572 2315786353 27723937 78214755 17380862328 1801039734 19 189409562 4116631059
======================
   8      16 sdb 55604436 33647 12762639636 2315788635 27726384 78214770 17382402568 1801552786 154 189414564 4117159021
======================
   8      16 sdb 55604441 33647 12762639676 2315790055 27728849 78214790 17383950576 1802151544 111 189419566 4117762867
======================
   8      16 sdb 55604447 33647 12762639724 2315791569 27731288 78214806 17385485072 1802732298 152 189424568 4118346164
======================
   8      16 sdb 55604454 33647 12762639780 2315793871 27733749 78214825 17387031648 1803232892 149 189429570 4118846946
======================
   8      16 sdb 55604460 33647 12762639828 2315795705 27736192 78214843 17388568216 1803786938 154 189434574 4119402388
======================
   8      16 sdb 55604466 33647 12762639876 2315797319 27738547 78214859 17390049720 1804351275 1 189439577 4119948532
======================
   8      16 sdb 55604473 33647 12762639932 2315799341 27741126 78214878 17391669528 1804858243 135 189444580 4120478164
======================
   8      16 sdb 55604478 33647 12762639972 2315800708 27743554 78214896 17393195864 1805458664 1 189449583 4121059432
======================
   8      16 sdb 55604485 33647 12762640028 2315802947 27745958 78214911 17394709096 1805970748 83 189454584 4121590414
======================
   8      16 sdb 55604491 33647 12762640076 2315804347 27748371 78214932 17396224976 1806560352 132 189459587 4122187296
======================
   8      16 sdb 55604497 33647 12762640124 2315805781 27750794 78214948 17397749488 1807157407 131 189464587 4122783249
======================
   8      16 sdb 55604504 33647 12762640180 2315807486 27753210 78214962 17399270768 1807711815 141 189469590 4123339724
======================
   8      16 sdb 55604509 33647 12762640220 2315809029 27755620 78214983 17400782576 1808283233 1 189474592 4123892326
======================
   8      16 sdb 55604516 33647 12762640276 2315811328 27758061 78215001 17402318496 1808792526 60 189479594 4124417359
======================
   8      16 sdb 55604522 33647 12762640324 2315813013 27760489 78215020 17403847456 1809364761 129 189484597 4124998304
======================
   8      16 sdb 55604528 33647 12762640372 2315814580 27762893 78215038 17405355568 1809953005 151 189489599 4125587626
======================
   8      16 sdb 55604535 33647 12762640428 2315816786 27765330 78215053 17406888400 1810446578 150 189494600 4126082150
======================
   8      16 sdb 55604541 33647 12762640476 2315818451 27767721 78215066 17408393800 1811040461 137 189499603 4126671770
======================
   8      16 sdb 55604547 33647 12762640524 2315820135 27770136 78215087 17409910832 1811562194 79 189504604 4127198214
======================
   8      16 sdb 55604553 33647 12762640572 2315821831 27772567 78215101 17411440576 1812135071 133 189509608 4127776898
======================
   8      16 sdb 55604559 33647 12762640620 2315823741 27774999 78215118 17412968200 1812674532 152 189514611 4128320208
======================
   8      16 sdb 55604566 33647 12762640676 2315826168 27777399 78215139 17414475760 1813170079 140 189519610 4128810696
======================
   8      16 sdb 55604571 33647 12762640716 2315827357 27779701 78215153 17415925104 1813786381 102 189524613 4129434768
======================
   8      16 sdb 55604577 33647 12762640764 2315829047 27782051 78215170 17417401904 1814338829 155 189529616 4129989006
======================
   8      16 sdb 55604583 33647 12762640812 2315830862 27784374 78215186 17418862680 1814887035 17 189534619 4130521881
======================
   8      16 sdb 55604589 33647 12762640860 2315832692 27786732 78215204 17420345744 1815450604 134 189539621 4131105126
======================
   8      16 sdb 55604596 33647 12762640916 2315834856 27789040 78215223 17421795808 1815983303 159 189544623 4131627414
======================
   8      16 sdb 55604601 33647 12762640956 2315836204 27791389 78215237 17423273000 1816596219 13 189549626 4132235517
======================
   8      16 sdb 55604607 33647 12762641004 2315837866 27793724 78215255 17424740792 1817164363 131 189554629 4132822001
======================
   8      16 sdb 55604613 33647 12762641052 2315839880 27796025 78215272 17426188416 1817704251 42 189559631 4133355569
======================
   8      16 sdb 55604619 33647 12762641100 2315841745 27798323 78215285 17427632312 1818270947 38 189564632 4133922505
======================
   8      16 sdb 55604624 33647 12762641140 2315843216 27800646 78215289 17429094456 1818850851 6 189569634 4134495260
======================
   8      16 sdb 55604631 33647 12762641196 2315845308 27802910 78215308 17430517504 1819380330 159 189574636 4135046102
======================
   8      16 sdb 55604636 33647 12762641236 2315846696 27805217 78215323 17431966896 1819954998 24 189579638 4135608415
======================
   8      16 sdb 55604643 33647 12762641292 2315849105 27807503 78215343 17433403400 1820472354 155 189584640 4136127298
======================
   8      16 sdb 55604649 33647 12762641340 2315850620 27809792 78215361 17434842184 1821068515 149 189589644 4136732199
======================
   8      16 sdb 55604654 33647 12762641380 2315851927 27812114 78215376 17436302440 1821649885 133 189594646 4137322517
======================
   8      16 sdb 55604660 33647 12762641428 2315853762 27814398 78215395 17437737400 1822174542 20 189599647 4137833078
======================
   8      16 sdb 55604666 33647 12762641476 2315855266 27816725 78215411 17439199600 1822751464 152 189604650 4138428661
======================
   8      16 sdb 55604671 33647 12762641516 2315857164 27819002 78215427 17440632208 1823307539 3 189609652 4138964999
======================
   8      16 sdb 55604678 33647 12762641572 2315859300 27821288 78215445 17442068440 1823843694 141 189614653 4139526201
======================
   8      16 sdb 55604683 33647 12762641612 2315860836 27823542 78215460 17443485056 1824420478 52 189619656 4140093976
======================
   8      16 sdb 55604689 33647 12762641660 2315862481 27825834 78215474 17444926992 1824996229 140 189624658 4140679724
started
======================
   8      16 sdb 55604815 33647 12762642662 2315864223 27827256 78215503 17445811472 1825346743 0 189627943 4141010240
======================
   8      16 sdb 55605704 33647 12762869758 2315902260 27827256 78215503 17445811472 1825346743 10 189632373 4141048483
======================
   8      16 sdb 55606783 33647 12763145982 2315949137 27827259 78215507 17445811528 1825346743 14 189637376 4141095360
======================
   8      16 sdb 55607893 33647 12763430142 2315994815 27827259 78215507 17445811528 1825346743 12 189642379 4141141211
======================
   8      16 sdb 55608975 33647 12763707134 2316044231 27827259 78215507 17445811528 1825346743 5 189647383 4141190512
======================
   8      16 sdb 55610099 33647 12763994878 2316091084 27827259 78215507 17445811528 1825346743 8 189652386 4141237765
======================
   8      16 sdb 55611191 33647 12764274430 2316138819 27827259 78215507 17445811528 1825346743 4 189657390 4141285161
======================
   8      16 sdb 55612313 33647 12764561662 2316189700 27827259 78215507 17445811528 1825346743 15 189662393 4141335998
======================
   8      16 sdb 55613410 33647 12764842494 2316236773 27827261 78215509 17445811560 1825346743 6 189667396 4141383046
======================
   8      16 sdb 55614501 33647 12765121790 2316283679 27827261 78215509 17445811560 1825346743 9 189672400 4141430099
======================
   8      16 sdb 55615607 33647 12765404926 2316330452 27827261 78215509 17445811560 1825346743 11 189677404 4141476605
======================
   8      16 sdb 55616355 33647 12765596414 2316375811 27827261 78215509 17445811560 1825346743 3 189682407 4141521941
======================
   8      16 sdb 55617423 33647 12765869822 2316419659 27827261 78215509 17445811560 1825346743 16 189687411 4141565812
======================
   8      16 sdb 55618496 33647 12766144510 2316466878 27827261 78215509 17445811560 1825346743 3 189692414 4141612953
======================
   8      16 sdb 55619587 33647 12766423806 2316514010 27827261 78215509 17445811560 1825346743 5 189697417 4141660392
======================
   8      16 sdb 55620690 33647 12766706174 2316563453 27827261 78215509 17445811560 1825346743 12 189702420 4141709833
======================
   8      16 sdb 55621773 33647 12766983422 2316611427 27827261 78215509 17445811560 1825346743 6 189707437 4141757844
======================
   8      16 sdb 55622880 33647 12767266814 2316660963 27827261 78215509 17445811560 1825346743 12 189712440 4141807526
======================
   8      16 sdb 55623958 33647 12767542782 2316708908 27827261 78215509 17445811560 1825346743 10 189717443 4141855306
======================
   8      16 sdb 55625035 33647 12767818494 2316758179 27827261 78215509 17445811560 1825346743 7 189722446 4141904260
======================
   8      16 sdb 55626106 33647 12768092670 2316806433 27827261 78215509 17445811560 1825346743 7 189727450 4141952688
======================
   8      16 sdb 55627165 33647 12768363774 2316853746 27827261 78215509 17445811560 1825346743 7 189732453 4141999996
======================
   8      16 sdb 55628236 33647 12768637950 2316900884 27827261 78215509 17445811560 1825346743 16 189737456 4142047388
======================
   8      16 sdb 55629286 33647 12768906750 2316948709 27827261 78215509 17445811560 1825346743 4 189742459 4142094960
======================
   8      16 sdb 55630328 33647 12769173502 2316999175 27827261 78215509 17445811560 1825346743 22 189747462 4142145854
======================
   8      16 sdb 55631416 33647 12769452030 2317047548 27827261 78215509 17445811560 1825346743 5 189752464 4142193857
======================
   8      16 sdb 55632496 33647 12769728510 2317095936 27827261 78215509 17445811560 1825346743 12 189757468 4142242071
======================
   8      16 sdb 55633583 33647 12770006782 2317145843 27827261 78215509 17445811560 1825346743 4 189762471 4142292164
======================
   8      16 sdb 55634662 33647 12770283006 2317195117 27827261 78215509 17445811560 1825346743 6 189767474 4142341502
======================
   8      16 sdb 55635759 33647 12770563838 2317243476 27827261 78215509 17445811560 1825346743 15 189772477 4142390019
======================
   8      16 sdb 55636855 33647 12770844414 2317293417 27827261 78215509 17445811560 1825346743 12 189777480 4142439701
======================
   8      16 sdb 55637960 33647 12771127294 2317340979 27827261 78215509 17445811560 1825346743 6 189782485 4142487328
======================
   8      16 sdb 55639011 33647 12771396350 2317389148 27827261 78215509 17445811560 1825346743 9 189787488 4142535717
======================
   8      16 sdb 55640133 33647 12771683582 2317441457 27827261 78215509 17445811560 1825346743 7 189792491 4142587708
======================
   8      16 sdb 55641226 33647 12771963390 2317489298 27827261 78215509 17445811560 1825346743 13 189797494 4142635731
======================
   8      16 sdb 55642305 33647 12772239614 2317536413 27827261 78215509 17445811560 1825346743 17 189802497 4142682636
======================
   8      16 sdb 55643400 33647 12772519934 2317585853 27827261 78215509 17445811560 1825346743 15 189807501 4142731997
======================
   8      16 sdb 55644456 33647 12772790270 2317632207 27827261 78215509 17445811560 1825346743 11 189812504 4142778640
======================
   8      16 sdb 55645563 33647 12773073662 2317681980 27827261 78215509 17445811560 1825346743 6 189817507 4142828277
======================
   8      16 sdb 55646663 33647 12773355262 2317733084 27827261 78215509 17445811560 1825346743 7 189822510 4142879467
======================
   8      16 sdb 55647779 33647 12773640958 2317781328 27827261 78215509 17445811560 1825346743 6 189827514 4142927445
======================
   8      16 sdb 55648876 33647 12773921790 2317830668 27827261 78215509 17445811560 1825346743 14 189832517 4142977391
======================
   8      16 sdb 55649964 33647 12774200318 2317879481 27827261 78215509 17445811560 1825346743 13 189837519 4143025846
======================
   8      16 sdb 55651050 33647 12774478334 2317926873 27827261 78215509 17445811560 1825346743 8 189842521 4143073115
======================
   8      16 sdb 55652172 33647 12774765566 2317975611 27827261 78215509 17445811560 1825346743 8 189847524 4143121884
======================
   8      16 sdb 55653232 33647 12775036926 2318024236 27827261 78215509 17445811560 1825346743 2 189852529 4143170323
======================
   8      16 sdb 55654341 33647 12775320830 2318071669 27827261 78215509 17445811560 1825346743 14 189857532 4143218099
======================
   8      16 sdb 55655432 33647 12775600126 2318119347 27827261 78215509 17445811560 1825346743 10 189862536 4143265601
======================
   8      16 sdb 55656515 33647 12775877374 2318169360 27827261 78215509 17445811560 1825346743 7 189867539 4143315687
======================
   8      16 sdb 55657608 33647 12776157182 2318216879 27827261 78215509 17445811560 1825346743 6 189872542 4143363258
======================
   8      16 sdb 55658726 33647 12776443390 2318265167 27827261 78215509 17445811560 1825346743 6 189877545 4143411501
======================
   8      16 sdb 55659820 33647 12776723454 2318315078 27827261 78215509 17445811560 1825346743 7 189882547 4143461363
======================
   8      16 sdb 55660912 33647 12777003006 2318363948 27827261 78215509 17445811560 1825346743 17 189887551 4143510069
======================
   8      16 sdb 55661975 33647 12777275134 2318412481 27827261 78215509 17445811560 1825346743 10 189892554 4143558507
======================
   8      16 sdb 55663054 33647 12777551358 2318459532 27827261 78215509 17445811560 1825346743 9 189897557 4143606116
======================
   8      16 sdb 55664156 33647 12777833470 2318509481 27827261 78215509 17445811560 1825346743 8 189902561 4143656040
======================
   8      16 sdb 55665272 33647 12778119166 2318559843 27827261 78215509 17445811560 1825346743 6 189907565 4143706439
======================
   8      16 sdb 55666401 33647 12778408190 2318607884 27827261 78215509 17445811560 1825346743 11 189912568 4143754420
======================
   8      16 sdb 55667498 33647 12778689022 2318656500 27827261 78215509 17445811560 1825346743 6 189917571 4143802774
======================
   8      16 sdb 55668589 33647 12778968318 2318704291 27827261 78215509 17445811560 1825346743 7 189922576 4143850452
======================
   8      16 sdb 55669676 33647 12779246590 2318751593 27827261 78215509 17445811560 1825346743 3 189927579 4143897720
======================
   8      16 sdb 55670750 33647 12779521534 2318802694 27827261 78215509 17445811560 1825346743 15 189932582 4143948816
======================
   8      16 sdb 55671830 33647 12779798014 2318850086 27827261 78215509 17445811560 1825346743 10 189937585 4143996392
======================
   8      16 sdb 55672890 33647 12780069374 2318899891 27827261 78215509 17445811560 1825346743 14 189942588 4144046205
======================
   8      16 sdb 55673930 33647 12780335614 2318948714 27827261 78215509 17445811560 1825346743 9 189947592 4144095120
======================
   8      16 sdb 55674994 33647 12780607998 2318996784 27827261 78215509 17445811560 1825346743 8 189952595 4144143157
======================
   8      16 sdb 55676059 33647 12780880638 2319042617 27827261 78215509 17445811560 1825346743 14 189957598 4144189455
======================
   8      16 sdb 55677095 33647 12781145854 2319092138 27827261 78215509 17445811560 1825346743 16 189962601 4144238695
======================
   8      16 sdb 55678232 33647 12781436926 2319140647 27827261 78215509 17445811560 1825346743 9 189967604 4144286818
======================
   8      16 sdb 55679329 33647 12781717758 2319189739 27827261 78215509 17445811560 1825346743 4 189972608 4144335912
======================
   8      16 sdb 55680418 33647 12781996542 2319237961 27827261 78215509 17445811560 1825346743 18 189977612 4144384415
======================
   8      16 sdb 55681481 33647 12782268670 2319286846 27827261 78215509 17445811560 1825346743 14 189982615 4144433349
======================
   8      16 sdb 55682563 33647 12782545662 2319336410 27827261 78215509 17445811560 1825346743 8 189987621 4144482707
======================
   8      16 sdb 55683648 33647 12782823422 2319387002 27827261 78215509 17445811560 1825346743 12 189992625 4144533466
======================
   8      16 sdb 55684752 33647 12783106046 2319435909 27827261 78215509 17445811560 1825346743 4 189997641 4144582263
======================
   8      16 sdb 55685849 33647 12783386878 2319483179 27827261 78215509 17445811560 1825346743 14 190002644 4144630110
======================
   8      16 sdb 55686939 33647 12783665918 2319531672 27827261 78215509 17445811560 1825346743 12 190007648 4144678685
======================
   8      16 sdb 55688018 33647 12783942142 2319581059 27827261 78215509 17445811560 1825346743 7 190012651 4144727414
======================
   8      16 sdb 55689113 33647 12784222462 2319631792 27827261 78215509 17445811560 1825346743 16 190017654 4144778260
======================
   8      16 sdb 55690183 33647 12784496382 2319679749 27827261 78215509 17445811560 1825346743 5 190022657 4144826074
======================
   8      16 sdb 55691272 33647 12784775166 2319728299 27827261 78215509 17445811560 1825346743 12 190027661 4144874483
======================
   8      16 sdb 55692323 33647 12785044222 2319777309 27827261 78215509 17445811560 1825346743 11 190032664 4144923970
======================
   8      16 sdb 55693414 33647 12785323518 2319825997 27827261 78215509 17445811560 1825346743 4 190037667 4144972106
======================
   8      16 sdb 55694528 33647 12785608702 2319876186 27827261 78215509 17445811560 1825346743 6 190042670 4145022432
======================
   8      16 sdb 55695614 33647 12785886718 2319925783 27827261 78215509 17445811560 1825346743 11 190047673 4145071785
======================
   8      16 sdb 55696708 33647 12786166782 2319975486 27827261 78215509 17445811560 1825346743 10 190052676 4145121761
======================
   8      16 sdb 55697799 33647 12786446078 2320024392 27827261 78215509 17445811560 1825346743 14 190057681 4145170509
======================
   8      16 sdb 55698875 33647 12786721534 2320073377 27827261 78215509 17445811560 1825346743 4 190062684 4145219548
======================
   8      16 sdb 55699983 33647 12787005182 2320120523 27827261 78215509 17445811560 1825346743 16 190067688 4145266944
======================
   8      16 sdb 55701061 33647 12787281150 2320169614 27827261 78215509 17445811560 1825346743 9 190072691 4145315972
======================
   8      16 sdb 55702150 33647 12787559934 2320218701 27827261 78215509 17445811560 1825346743 8 190077695 4145364907
======================
   8      16 sdb 55703213 33647 12787832062 2320265831 27827261 78215509 17445811560 1825346743 4 190082698 4145411878
======================
   8      16 sdb 55704297 33647 12788109566 2320314071 27827261 78215509 17445811560 1825346743 8 190087701 4145460394
======================
   8      16 sdb 55705399 33647 12788391678 2320363457 27827261 78215509 17445811560 1825346743 8 190092706 4145509736
======================
   8      16 sdb 55706472 33647 12788666366 2320413499 27827261 78215509 17445811560 1825346743 5 190097709 4145559857
======================
   8      16 sdb 55707540 33647 12788939774 2320462108 27827261 78215509 17445811560 1825346743 8 190102712 4145608456
======================
   8      16 sdb 55708631 33647 12789219070 2320510318 27827261 78215509 17445811560 1825346743 13 190107715 4145656686
======================
   8      16 sdb 55709731 33647 12789500670 2320557074 27827261 78215509 17445811560 1825346743 8 190112718 4145703163
======================
   8      16 sdb 55710824 33647 12789780478 2320605489 27827261 78215509 17445811560 1825346743 7 190117721 4145752123
======================
   8      16 sdb 55711916 33647 12790060030 2320653395 27827261 78215509 17445811560 1825346743 3 190122725 4145799386
======================
   8      16 sdb 55712945 33647 12790323454 2320700949 27827261 78215509 17445811560 1825346743 7 190127727 4145847585
======================
   8      16 sdb 55714046 33647 12790605310 2320750570 27827261 78215509 17445811560 1825346743 4 190132730 4145896580
======================
   8      16 sdb 55715118 33647 12790879742 2320800100 27827261 78215509 17445811560 1825346743 12 190137735 4145946222
======================
   8      16 sdb 55716182 33647 12791152126 2320848607 27827261 78215509 17445811560 1825346743 2 190142738 4145994605
======================
   8      16 sdb 55717242 33647 12791423486 2320894998 27827261 78215509 17445811560 1825346743 17 190147741 4146041030
======================
   8      16 sdb 55718336 33647 12791703550 2320943957 27827261 78215509 17445811560 1825346743 12 190152744 4146090112
======================
   8      16 sdb 55719433 33647 12791984382 2320991142 27827261 78215509 17445811560 1825346743 13 190157747 4146137631
======================
   8      16 sdb 55720499 33647 12792257278 2321037612 27827261 78215509 17445811560 1825346743 7 190162751 4146184015
======================
   8      16 sdb 55721638 33647 12792548862 2321086476 27827261 78215509 17445811560 1825346743 13 190167754 4146232744
======================
   8      16 sdb 55722766 33647 12792837630 2321136129 27827261 78215509 17445811560 1825346743 4 190172756 4146282429
======================
   8      16 sdb 55723871 33647 12793120510 2321185586 27827261 78215509 17445811560 1825346743 9 190177758 4146332069
======================
   8      16 sdb 55724946 33647 12793395710 2321231920 27827261 78215509 17445811560 1825346743 9 190182761 4146378348
======================
   8      16 sdb 55726046 33647 12793677310 2321283025 27827261 78215509 17445811560 1825346743 12 190187764 4146429265
======================
   8      16 sdb 55727146 33647 12793958910 2321333588 27827261 78215509 17445811560 1825346743 11 190192768 4146479670
======================
   8      16 sdb 55728271 33647 12794246910 2321382879 27827261 78215509 17445811560 1825346743 7 190197771 4146529416
======================
   8      16 sdb 55729346 33647 12794522110 2321432430 27827261 78215509 17445811560 1825346743 14 190202775 4146578840
======================
   8      16 sdb 55730414 33647 12794795518 2321481139 27827261 78215509 17445811560 1825346743 4 190207780 4146627327
======================
   8      16 sdb 55731523 33647 12795079422 2321529938 27827261 78215509 17445811560 1825346743 16 190212783 4146676261
======================
   8      16 sdb 55732560 33647 12795344894 2321579999 27827261 78215509 17445811560 1825346743 10 190217787 4146726125
======================
   8      16 sdb 55733627 33647 12795618046 2321627404 27827261 78215509 17445811560 1825346743 8 190222791 4146773538
======================
   8      16 sdb 55734737 33647 12795902206 2321673467 27827261 78215509 17445811560 1825346743 4 190227793 4146819689
======================
   8      16 sdb 55735821 33647 12796179710 2321721154 27827261 78215509 17445811560 1825346743 4 190232797 4146867415
======================
   8      16 sdb 55736906 33647 12796457470 2321769203 27827261 78215509 17445811560 1825346743 9 190237800 4146915253
======================
   8      16 sdb 55737992 33647 12796735486 2321819055 27827261 78215509 17445811560 1825346743 9 190242803 4146965257
======================
   8      16 sdb 55739082 33647 12797014526 2321867841 27827261 78215509 17445811560 1825346743 11 190247806 4147014416
======================
   8      16 sdb 55740153 33647 12797288702 2321916041 27827261 78215509 17445811560 1825346743 12 190252810 4147062398
======================
   8      16 sdb 55741230 33647 12797564414 2321963990 27827261 78215509 17445811560 1825346743 8 190257813 4147110132
======================
   8      16 sdb 55742346 33647 12797850110 2322013254 27827261 78215509 17445811560 1825346743 3 190262815 4147159427
======================
   8      16 sdb 55743452 33647 12798133246 2322061670 27827261 78215509 17445811560 1825346743 11 190267818 4147207567
======================
   8      16 sdb 55744548 33647 12798413822 2322110878 27827261 78215509 17445811560 1825346743 12 190272821 4147257261
======================
   8      16 sdb 55745627 33647 12798690046 2322158087 27827261 78215509 17445811560 1825346743 10 190277826 4147304045
======================
   8      16 sdb 55746719 33647 12798969598 2322207869 27827261 78215509 17445811560 1825346743 4 190282829 4147354076
======================
   8      16 sdb 55747798 33647 12799245822 2322256133 27827261 78215509 17445811560 1825346743 10 190287833 4147402126
======================
   8      16 sdb 55748867 33647 12799519486 2322303241 27827261 78215509 17445811560 1825346743 10 190292836 4147449277
======================
   8      16 sdb 55749940 33647 12799794174 2322352117 27827261 78215509 17445811560 1825346743 6 190297839 4147498001
======================
   8      16 sdb 55751036 33647 12800074750 2322400398 27827261 78215509 17445811560 1825346743 4 190302841 4147546532
======================
   8      16 sdb 55752132 33647 12800355326 2322449694 27827261 78215509 17445811560 1825346743 14 190307844 4147595753
======================
   8      16 sdb 55753206 33647 12800630270 2322498911 27827261 78215509 17445811560 1825346743 8 190312847 4147645284
======================
   8      16 sdb 55754304 33647 12800911358 2322549308 27827261 78215509 17445811560 1825346743 8 190317850 4147695382
======================
   8      16 sdb 55755381 33647 12801187070 2322600514 27827261 78215509 17445811560 1825346743 11 190322853 4147746642
======================
   8      16 sdb 55756474 33647 12801466878 2322649983 27827261 78215509 17445811560 1825346743 7 190327857 4147796171
======================
   8      16 sdb 55757548 33647 12801741822 2322698511 27827261 78215509 17445811560 1825346743 12 190332860 4147844581
======================
   8      16 sdb 55758657 33647 12802025726 2322748980 27827261 78215509 17445811560 1825346743 7 190337863 4147894906
======================
   8      16 sdb 55759746 33647 12802304510 2322798017 27827261 78215509 17445811560 1825346743 15 190342867 4147943845
======================
   8      16 sdb 55760852 33647 12802587646 2322846601 27827261 78215509 17445811560 1825346743 16 190347872 4147992747
======================
   8      16 sdb 55761952 33647 12802869246 2322894918 27827261 78215509 17445811560 1825346743 6 190352876 4148040858
======================
   8      16 sdb 55763052 33647 12803150846 2322945277 27827261 78215509 17445811560 1825346743 10 190357878 4148091421
======================
   8      16 sdb 55764160 33647 12803434494 2322993663 27827261 78215509 17445811560 1825346743 5 190362881 4148139769
======================
   8      16 sdb 55765263 33647 12803716862 2323043925 27827261 78215509 17445811560 1825346743 4 190367884 4148189935
======================
   8      16 sdb 55766400 33647 12804007934 2323093111 27827261 78215509 17445811560 1825346743 9 190372888 4148239350
======================
   8      16 sdb 55767461 33647 12804279550 2323141288 27827261 78215509 17445811560 1825346743 6 190377891 4148287443
======================
   8      16 sdb 55768559 33647 12804560638 2323190402 27827261 78215509 17445811560 1825346743 15 190382895 4148336903
======================
   8      16 sdb 55769686 33647 12804849150 2323239434 27827261 78215509 17445811560 1825346743 12 190387898 4148385664
======================
   8      16 sdb 55770779 33647 12805128958 2323288010 27827261 78215509 17445811560 1825346743 6 190392901 4148433919
======================
   8      16 sdb 55771876 33647 12805409790 2323337262 27827261 78215509 17445811560 1825346743 9 190397906 4148483771
======================
   8      16 sdb 55772971 33647 12805690110 2323385506 27827261 78215509 17445811560 1825346743 8 190402909 4148531745
======================
   8      16 sdb 55774000 33647 12805953534 2323432064 27827261 78215509 17445811560 1825346743 9 190407912 4148578174
======================
   8      16 sdb 55775085 33647 12806231294 2323479067 27827261 78215509 17445811560 1825346743 11 190412914 4148625840
======================
   8      16 sdb 55776197 33647 12806515966 2323529194 27827261 78215509 17445811560 1825346743 17 190417919 4148675422
======================
   8      16 sdb 55777326 33647 12806804990 2323577378 27827261 78215509 17445811560 1825346743 17 190422922 4148723320
======================
   8      16 sdb 55778422 33647 12807085566 2323622269 27827261 78215509 17445811560 1825346743 9 190427926 4148768279
======================
   8      16 sdb 55779540 33647 12807371774 2323671485 27827261 78215509 17445811560 1825346743 12 190432929 4148817696
======================
   8      16 sdb 55780611 33647 12807645950 2323720116 27827261 78215509 17445811560 1825346743 6 190437933 4148866267
======================
   8      16 sdb 55781696 33647 12807923710 2323766218 27827261 78215509 17445811560 1825346743 8 190442937 4148912345
======================
   8      16 sdb 55782765 33647 12808197374 2323814775 27827261 78215509 17445811560 1825346743 6 190447940 4148960869
======================
   8      16 sdb 55783875 33647 12808481790 2323864392 27827261 78215509 17445811560 1825346743 10 190452943 4149010901
======================
   8      16 sdb 55784968 33647 12808761342 2323911517 27827261 78215509 17445811560 1825346743 9 190457946 4149057411
======================
   8      16 sdb 55786052 33647 12809038846 2323959496 27827261 78215509 17445811560 1825346743 15 190462949 4149105589
======================
   8      16 sdb 55787148 33647 12809319422 2324010490 27827261 78215509 17445811560 1825346743 11 190467953 4149156767
======================
   8      16 sdb 55788256 33647 12809603070 2324059007 27827261 78215509 17445811560 1825346743 7 190472956 4149205330
======================
   8      16 sdb 55789380 33647 12809890814 2324109094 27827261 78215509 17445811560 1825346743 10 190477959 4149255259
======================
   8      16 sdb 55790478 33647 12810171902 2324156973 27827261 78215509 17445811560 1825346743 14 190482962 4149302745
======================
   8      16 sdb 55791542 33647 12810444286 2324205766 27827261 78215509 17445811560 1825346743 10 190487967 4149351836
======================
   8      16 sdb 55792635 33647 12810724094 2324255433 27827261 78215509 17445811560 1825346743 16 190492970 4149401857
======================
   8      16 sdb 55793719 33647 12811001598 2324302668 27827261 78215509 17445811560 1825346743 15 190497974 4149448697
======================
   8      16 sdb 55794808 33647 12811280382 2324350425 27827261 78215509 17445811560 1825346743 5 190502978 4149496517
======================
   8      16 sdb 55795911 33647 12811562750 2324399459 27827261 78215509 17445811560 1825346743 6 190507981 4149545273
======================
   8      16 sdb 55797036 33647 12811850750 2324447670 27827261 78215509 17445811560 1825346743 4 190512984 4149593753
======================
   8      16 sdb 55798122 33647 12812128766 2324495702 27827261 78215509 17445811560 1825346743 15 190517987 4149642199
======================
   8      16 sdb 55799207 33647 12812406526 2324542579 27827261 78215509 17445811560 1825346743 9 190522991 4149688822
======================
   8      16 sdb 55800291 33647 12812684030 2324591290 27827261 78215509 17445811560 1825346743 11 190527994 4149737619
======================
   8      16 sdb 55801357 33647 12812956926 2324640184 27827261 78215509 17445811560 1825346743 6 190532997 4149786664
======================
   8      16 sdb 55802449 33647 12813236478 2324689530 27827261 78215509 17445811560 1825346743 12 190538000 4149835567
======================
   8      16 sdb 55803532 33647 12813513726 2324735815 27827261 78215509 17445811560 1825346743 5 190543004 4149881945
======================
   8      16 sdb 55804631 33647 12813795070 2324784645 27827261 78215509 17445811560 1825346743 3 190548007 4149930514
======================
   8      16 sdb 55805747 33647 12814080766 2324831680 27827261 78215509 17445811560 1825346743 14 190553010 4149978103
======================
   8      16 sdb 55806823 33647 12814356222 2324878015 27827261 78215509 17445811560 1825346743 6 190558027 4150023847
======================
   8      16 sdb 55807929 33647 12814639358 2324925234 27827261 78215509 17445811560 1825346743 11 190563030 4150071176
======================
   8      16 sdb 55808969 33647 12814905598 2324970834 27827261 78215509 17445811560 1825346743 11 190568034 4150117309
======================
   8      16 sdb 55810083 33647 12815190782 2325019874 27827261 78215509 17445811560 1825346743 11 190573036 4150166140
======================
   8      16 sdb 55811161 33647 12815466750 2325067340 27827261 78215509 17445811560 1825346743 16 190578039 4150213275
======================
   8      16 sdb 55812259 33647 12815747838 2325116125 27827261 78215509 17445811560 1825346743 10 190583042 4150262121
======================
   8      16 sdb 55813377 33647 12816034046 2325163338 27827261 78215509 17445811560 1825346743 9 190588045 4150309248
======================
   8      16 sdb 55814469 33647 12816313598 2325209986 27827261 78215509 17445811560 1825346743 5 190593049 4150355979
======================
   8      16 sdb 55815553 33647 12816591102 2325257441 27827261 78215509 17445811560 1825346743 7 190598052 4150403864
======================
   8      16 sdb 55816646 33647 12816870910 2325305934 27827261 78215509 17445811560 1825346743 9 190603055 4150452403
======================
   8      16 sdb 55817705 33647 12817142014 2325353472 27827261 78215509 17445811560 1825346743 2 190608059 4150499333
======================
   8      16 sdb 55818819 33647 12817427198 2325403208 27827261 78215509 17445811560 1825346743 4 190613062 4150549196
======================
   8      16 sdb 55819959 33647 12817719038 2325451711 27827261 78215509 17445811560 1825346743 14 190618065 4150598228
======================
   8      16 sdb 55821076 33647 12818004990 2325498939 27827261 78215509 17445811560 1825346743 7 190623069 4150645155
======================
   8      16 sdb 55822167 33647 12818284286 2325546275 27827261 78215509 17445811560 1825346743 7 190628085 4150692311
======================
   8      16 sdb 55823277 33647 12818568446 2325593075 27827261 78215509 17445811560 1825346743 12 190633089 4150739176
======================
   8      16 sdb 55824334 33647 12818839038 2325640277 27827261 78215509 17445811560 1825346743 10 190638092 4150786635
======================
   8      16 sdb 55825478 33647 12819131902 2325691886 27827261 78215509 17445811560 1825346743 13 190643095 4150837971
======================
   8      16 sdb 55826603 33647 12819419902 2325739919 27827261 78215509 17445811560 1825346743 10 190648097 4150886253
======================
   8      16 sdb 55827690 33647 12819698174 2325786000 27827261 78215509 17445811560 1825346743 10 190653101 4150932052
======================
   8      16 sdb 55828749 33647 12819969278 2325835152 27827261 78215509 17445811560 1825346743 5 190658104 4150981218
======================
   8      16 sdb 55829833 33647 12820246782 2325882061 27827261 78215509 17445811560 1825346743 10 190663107 4151028002
======================
   8      16 sdb 55830937 33647 12820529406 2325928812 27827261 78215509 17445811560 1825346743 11 190668109 4151075110
======================
   8      16 sdb 55832027 33647 12820808446 2325976969 27827261 78215509 17445811560 1825346743 9 190673113 4151122813
======================
   8      16 sdb 55833111 33647 12821085950 2326025513 27827261 78215509 17445811560 1825346743 13 190678115 4151171639
======================
   8      16 sdb 55834223 33647 12821370622 2326074537 27827261 78215509 17445811560 1825346743 15 190683118 4151221103
======================
   8      16 sdb 55835340 33647 12821656574 2326125417 27827261 78215509 17445811560 1825346743 9 190688121 4151271215
======================
   8      16 sdb 55836416 33647 12821932030 2326171217 27827261 78215509 17445811560 1825346743 17 190693123 4151317530
======================
   8      16 sdb 55837502 33647 12822210046 2326218659 27827261 78215509 17445811560 1825346743 10 190698127 4151365169
======================
   8      16 sdb 55838587 33647 12822487806 2326267889 27827261 78215509 17445811560 1825346743 4 190703130 4151413573
======================
   8      16 sdb 55839698 33647 12822772222 2326315919 27827261 78215509 17445811560 1825346743 10 190708134 4151461716
======================
   8      16 sdb 55840807 33647 12823056126 2326365382 27827261 78215509 17445811560 1825346743 12 190713137 4151511103
======================
   8      16 sdb 55841878 33647 12823330302 2326412566 27827261 78215509 17445811560 1825346743 14 190718140 4151558601
======================
   8      16 sdb 55842997 33647 12823616766 2326462238 27827261 78215509 17445811560 1825346743 9 190723143 4151608317
======================
   8      16 sdb 55844075 33647 12823892734 2326508680 27827261 78215509 17445811560 1825346743 11 190728147 4151654790
======================
   8      16 sdb 55845150 33647 12824167934 2326555591 27827261 78215509 17445811560 1825346743 6 190733151 4151701765
======================
   8      16 sdb 55846249 33647 12824449278 2326605031 27827261 78215509 17445811560 1825346743 9 190738154 4151751030
======================
   8      16 sdb 55847316 33647 12824722430 2326653739 27827261 78215509 17445811560 1825346743 7 190743157 4151799714
======================
   8      16 sdb 55848375 33647 12824993534 2326703954 27827261 78215509 17445811560 1825346743 12 190748161 4151849924
======================
   8      16 sdb 55849465 33647 12825272574 2326752218 27827261 78215509 17445811560 1825346743 10 190753164 4151898524
======================
   8      16 sdb 55850559 33647 12825552638 2326799529 27827261 78215509 17445811560 1825346743 5 190758168 4151945494
======================
   8      16 sdb 55851653 33647 12825832702 2326846993 27827261 78215509 17445811560 1825346743 4 190763171 4151992976
======================
   8      16 sdb 55852760 33647 12826116094 2326895321 27827261 78215509 17445811560 1825346743 13 190768177 4152041198
======================
   8      16 sdb 55853861 33647 12826397950 2326943113 27827261 78215509 17445811560 1825346743 7 190773180 4152089213
======================
   8      16 sdb 55854941 33647 12826674430 2326989718 27827261 78215509 17445811560 1825346743 6 190778184 4152135569
======================
   8      16 sdb 55856013 33647 12826948862 2327037740 27827261 78215509 17445811560 1825346743 14 190783187 4152183674
======================
   8      16 sdb 55857107 33647 12827228926 2327084205 27827261 78215509 17445811560 1825346743 9 190788190 4152230360
======================
   8      16 sdb 55858224 33647 12827514878 2327132814 27827261 78215509 17445811560 1825346743 12 190793193 4152278829
======================
   8      16 sdb 55859304 33647 12827791358 2327180066 27827261 78215509 17445811560 1825346743 9 190798196 4152326235
======================
   8      16 sdb 55860395 33647 12828070654 2327228359 27827261 78215509 17445811560 1825346743 9 190803200 4152374336
======================
   8      16 sdb 55861494 33647 12828351998 2327278082 27827261 78215509 17445811560 1825346743 3 190808203 4152423968
======================
   8      16 sdb 55862601 33647 12828635390 2327327466 27827261 78215509 17445811560 1825346743 11 190813206 4152473448
======================
   8      16 sdb 55863706 33647 12828918270 2327375139 27827261 78215509 17445811560 1825346743 7 190818208 4152521409
======================
   8      16 sdb 55864820 33647 12829203454 2327425664 27827261 78215509 17445811560 1825346743 2 190823211 4152571440
======================
   8      16 sdb 55865926 33647 12829486590 2327474217 27827261 78215509 17445811560 1825346743 13 190828215 4152620639
======================
   8      16 sdb 55867043 33647 12829772542 2327522690 27827261 78215509 17445811560 1825346743 4 190833218 4152668530
======================
   8      16 sdb 55868185 33647 12830064894 2327573197 27827261 78215509 17445811560 1825346743 6 190838224 4152719091
======================
   8      16 sdb 55869269 33647 12830342398 2327620930 27827261 78215509 17445811560 1825346743 6 190843228 4152766865
======================
   8      16 sdb 55870389 33647 12830629118 2327668557 27827261 78215509 17445811560 1825346743 11 190848230 4152814439
======================
   8      16 sdb 55871463 33647 12830904062 2327716937 27827261 78215509 17445811560 1825346743 7 190853234 4152863051
======================
   8      16 sdb 55872565 33647 12831186174 2327766450 27827261 78215509 17445811560 1825346743 12 190858236 4152912834
======================
   8      16 sdb 55873673 33647 12831469822 2327817888 27827261 78215509 17445811560 1825346743 12 190863239 4152963829
======================
   8      16 sdb 55874737 33647 12831742206 2327867400 27827261 78215509 17445811560 1825346743 5 190868242 4153013141
======================
   8      16 sdb 55875831 33647 12832022270 2327916342 27827261 78215509 17445811560 1825346743 12 190873245 4153062197
======================
   8      16 sdb 55876913 33647 12832299262 2327965037 27827261 78215509 17445811560 1825346743 2 190878248 4153110791
======================
   8      16 sdb 55878008 33647 12832579582 2328013126 27827261 78215509 17445811560 1825346743 11 190883251 4153158809
======================
   8      16 sdb 55879086 33647 12832855550 2328060389 27827261 78215509 17445811560 1825346743 7 190888253 4153206346
======================
   8      16 sdb 55880191 33647 12833138430 2328107243 27827261 78215509 17445811560 1825346743 14 190893257 4153253192
======================
   8      16 sdb 55881250 33647 12833409534 2328156452 27827261 78215509 17445811560 1825346743 13 190898260 4153302137
======================
   8      16 sdb 55882337 33647 12833687806 2328205424 27827261 78215509 17445811560 1825346743 9 190903263 4153351462
======================
   8      16 sdb 55883432 33647 12833968126 2328253128 27827261 78215509 17445811560 1825346743 3 190908268 4153398816
======================
   8      16 sdb 55884562 33647 12834257406 2328302274 27827261 78215509 17445811560 1825346743 4 190913271 4153448149
======================
   8      16 sdb 55885686 33647 12834545150 2328351424 27827261 78215509 17445811560 1825346743 5 190918274 4153497232
======================
   8      16 sdb 55886779 33647 12834824958 2328400614 27827261 78215509 17445811560 1825346743 10 190923278 4153546794
======================
   8      16 sdb 55887880 33647 12835106814 2328450529 27827261 78215509 17445811560 1825346743 9 190928281 4153596323
======================
   8      16 sdb 55888994 33647 12835391998 2328498569 27827261 78215509 17445811560 1825346743 10 190933285 4153644750
======================
   8      16 sdb 55890073 33647 12835668222 2328547909 27827261 78215509 17445811560 1825346743 15 190938288 4153693565
======================
   8      16 sdb 55891164 33647 12835947518 2328598092 27827261 78215509 17445811560 1825346743 8 190943291 4153744103
======================
   8      16 sdb 55892280 33647 12836233214 2328648630 27827261 78215509 17445811560 1825346743 12 190948295 4153794681
======================
   8      16 sdb 55893375 33647 12836513534 2328697272 27827261 78215509 17445811560 1825346743 5 190953298 4153843322
======================
   8      16 sdb 55894468 33647 12836793342 2328745403 27827261 78215509 17445811560 1825346743 8 190958301 4153891262
======================
   8      16 sdb 55895549 33647 12837070078 2328791237 27827261 78215509 17445811560 1825346743 12 190963304 4153936925
======================
   8      16 sdb 55896643 33647 12837350142 2328839279 27827261 78215509 17445811560 1825346743 8 190968308 4153985109
======================
   8      16 sdb 55897731 33647 12837628670 2328887778 27827261 78215509 17445811560 1825346743 15 190973311 4154033701
======================
   8      16 sdb 55898826 33647 12837908990 2328937421 27827261 78215509 17445811560 1825346743 8 190978317 4154083499
======================
   8      16 sdb 55899887 33647 12838180606 2328987135 27827261 78215509 17445811560 1825346743 6 190983320 4154133163
======================
   8      16 sdb 55900971 33647 12838458110 2329035418 27827261 78215509 17445811560 1825346743 4 190988323 4154181303
======================
   8      16 sdb 55902058 33647 12838736382 2329084363 27827261 78215509 17445811560 1825346743 15 190993326 4154230271
======================
   8      16 sdb 55903130 33647 12839010814 2329131470 27827261 78215509 17445811560 1825346743 12 190998329 4154277629
======================
   8      16 sdb 55904179 33647 12839279358 2329179260 27827261 78215509 17445811560 1825346743 14 191003333 4154324899
======================
   8      16 sdb 55905275 33647 12839559934 2329227350 27827261 78215509 17445811560 1825346743 4 191008336 4154373231
======================
   8      16 sdb 55906333 33647 12839830782 2329274193 27827261 78215509 17445811560 1825346743 9 191013339 4154420004
======================
   8      16 sdb 55907458 33647 12840118782 2329323302 27827261 78215509 17445811560 1825346743 2 191018342 4154469085
======================
   8      16 sdb 55908546 33647 12840397310 2329370411 27827261 78215509 17445811560 1825346743 17 191023346 4154516086
======================
   8      16 sdb 55909653 33647 12840680702 2329420626 27827261 78215509 17445811560 1825346743 8 191028349 4154566538
======================
   8      16 sdb 55910753 33647 12840962302 2329469588 27827261 78215509 17445811560 1825346743 6 191033352 4154615735
======================
   8      16 sdb 55911844 33647 12841241598 2329517504 27827261 78215509 17445811560 1825346743 8 191038356 4154663300
======================
   8      16 sdb 55912935 33647 12841520894 2329562840 27827261 78215509 17445811560 1825346743 9 191043359 4154708847
======================
   8      16 sdb 55914026 33647 12841799934 2329612017 27827261 78215509 17445811560 1825346743 12 191048364 4154757839
======================
   8      16 sdb 55915133 33647 12842083582 2329660675 27827261 78215509 17445811560 1825346743 7 191053367 4154806752
======================
   8      16 sdb 55916244 33647 12842367998 2329710689 27827261 78215509 17445811560 1825346743 21 191058372 4154856934
======================
   8      16 sdb 55917328 33647 12842645502 2329758913 27827261 78215509 17445811560 1825346743 8 191063376 4154904944
======================
   8      16 sdb 55918438 33647 12842929662 2329808459 27827261 78215509 17445811560 1825346743 5 191068379 4154954334
======================
   8      16 sdb 55919542 33647 12843212286 2329855392 27827261 78215509 17445811560 1825346743 9 191073382 4155001634
======================
   8      16 sdb 55920625 33647 12843489534 2329902410 27827261 78215509 17445811560 1825346743 6 191078385 4155048393
======================
   8      16 sdb 55921740 33647 12843774974 2329950847 27827261 78215509 17445811560 1825346743 8 191083389 4155096971
======================
   8      16 sdb 55922824 33647 12844052478 2329997956 27827261 78215509 17445811560 1825346743 15 191088391 4155144312
======================
   8      16 sdb 55923924 33647 12844334078 2330044340 27827261 78215509 17445811560 1825346743 8 191093394 4155190113
======================
   8      16 sdb 55925029 33647 12844616958 2330093314 27827261 78215509 17445811560 1825346743 3 191098397 4155239165
======================
   8      16 sdb 55926148 33647 12844903422 2330142216 27827261 78215509 17445811560 1825346743 9 191103401 4155288138
======================
   8      16 sdb 55927260 33647 12845188094 2330190924 27827261 78215509 17445811560 1825346743 18 191108404 4155336721
======================
   8      16 sdb 55928369 33647 12845471998 2330237543 27827261 78215509 17445811560 1825346743 7 191113407 4155383516
======================
   8      16 sdb 55929461 33647 12845751550 2330284456 27827261 78215509 17445811560 1825346743 7 191118412 4155430360
======================
   8      16 sdb 55930547 33647 12846029566 2330334893 27827261 78215509 17445811560 1825346743 12 191123416 4155480652
======================
   8      16 sdb 55931622 33647 12846304766 2330382844 27827261 78215509 17445811560 1825346743 14 191128420 4155528609
======================
   8      16 sdb 55932685 33647 12846576894 2330429451 27827261 78215509 17445811560 1825346743 13 191133422 4155575769
======================
   8      16 sdb 55933786 33647 12846858750 2330476543 27827261 78215509 17445811560 1825346743 20 191138425 4155622685
======================
   8      16 sdb 55934893 33647 12847142142 2330526490 27827261 78215509 17445811560 1825346743 19 191143428 4155672473
======================
   8      16 sdb 55935993 33647 12847423742 2330573992 27827261 78215509 17445811560 1825346743 15 191148432 4155719748
======================
   8      16 sdb 55937072 33647 12847699966 2330620416 27827261 78215509 17445811560 1825346743 10 191153435 4155766333
======================
   8      16 sdb 55938162 33647 12847979006 2330669614 27827261 78215509 17445811560 1825346743 9 191158438 4155815898
======================
   8      16 sdb 55939254 33647 12848258558 2330720029 27827261 78215509 17445811560 1825346743 15 191163441 4155866203
======================
   8      16 sdb 55940319 33647 12848531198 2330770517 27827261 78215509 17445811560 1825346743 11 191168444 4155916556
======================
   8      16 sdb 55941365 33647 12848798974 2330818581 27827261 78215509 17445811560 1825346743 5 191173448 4155964463
======================
   8      16 sdb 55942452 33647 12849077246 2330868774 27827261 78215509 17445811560 1825346743 4 191178452 4156014618
======================
   8      16 sdb 55943554 33647 12849359358 2330915958 27827261 78215509 17445811560 1825346743 8 191183455 4156062077
======================
   8      16 sdb 55944666 33647 12849644030 2330963723 27827261 78215509 17445811560 1825346743 5 191188474 4156109741
======================
   8      16 sdb 55945804 33647 12849935358 2331012100 27827261 78215509 17445811560 1825346743 7 191193479 4156158105
======================
   8      16 sdb 55946889 33647 12850213118 2331060554 27827261 78215509 17445811560 1825346743 19 191198483 4156206937
======================
   8      16 sdb 55947971 33647 12850490110 2331108251 27827261 78215509 17445811560 1825346743 7 191203486 4156253933
======================
   8      16 sdb 55949056 33647 12850767870 2331155553 27827261 78215509 17445811560 1825346743 10 191208490 4156301698
======================
   8      16 sdb 55950139 33647 12851045118 2331203245 27827261 78215509 17445811560 1825346743 15 191213493 4156349251
======================
   8      16 sdb 55951253 33647 12851330302 2331250761 27827261 78215509 17445811560 1825346743 7 191218496 4156396741
======================
   8      16 sdb 55952379 33647 12851618558 2331297599 27827261 78215509 17445811560 1825346743 14 191223500 4156443585
======================
   8      16 sdb 55953463 33647 12851896062 2331345303 27827261 78215509 17445811560 1825346743 2 191228504 4156490987
======================
   8      16 sdb 55954575 33647 12852180734 2331396388 27827261 78215509 17445811560 1825346743 9 191233507 4156542143
======================
   8      16 sdb 55955660 33647 12852458494 2331444493 27827261 78215509 17445811560 1825346743 14 191238510 4156590431
======================
   8      16 sdb 55956716 33647 12852728830 2331492382 27827261 78215509 17445811560 1825346743 18 191243512 4156638221
======================
   8      16 sdb 55957826 33647 12853012990 2331541450 27827261 78215509 17445811560 1825346743 6 191248515 4156687370
======================
   8      16 sdb 55958914 33647 12853291518 2331588329 27827261 78215509 17445811560 1825346743 12 191253519 4156734009
======================
   8      16 sdb 55959993 33647 12853567742 2331639743 27827261 78215509 17445811560 1825346743 7 191258523 4156785465
======================
   8      16 sdb 55961079 33647 12853845758 2331688291 27827261 78215509 17445811560 1825346743 6 191263527 4156834159
======================
   8      16 sdb 55962202 33647 12854133246 2331737098 27827261 78215509 17445811560 1825346743 14 191268530 4156882745
======================
   8      16 sdb 55963324 33647 12854420478 2331787151 27827261 78215509 17445811560 1825346743 13 191273533 4156933422
======================
   8      16 sdb 55964392 33647 12854693886 2331835852 27827261 78215509 17445811560 1825346743 12 191278536 4156981853
======================
   8      16 sdb 55965516 33647 12854981630 2331887181 27827261 78215509 17445811560 1825346743 13 191283540 4157032826
======================
   8      16 sdb 55966605 33647 12855260414 2331934673 27827261 78215509 17445811560 1825346743 7 191288542 4157080511
======================
   8      16 sdb 55967723 33647 12855546622 2331984274 27827261 78215509 17445811560 1825346743 7 191293545 4157130263
======================
   8      16 sdb 55968794 33647 12855820798 2332033718 27827261 78215509 17445811560 1825346743 12 191298549 4157179432
======================
   8      16 sdb 55969899 33647 12856103678 2332081653 27827261 78215509 17445811560 1825346743 2 191303552 4157227294
======================
   8      16 sdb 55971006 33647 12856387070 2332128732 27827261 78215509 17445811560 1825346743 3 191308555 4157274428
======================
   8      16 sdb 55972091 33647 12856664830 2332175195 27827261 78215509 17445811560 1825346743 9 191313558 4157321062
======================
   8      16 sdb 55973223 33647 12856954622 2332223108 27827261 78215509 17445811560 1825346743 6 191318562 4157368823
======================
   8      16 sdb 55974349 33647 12857242878 2332271606 27827261 78215509 17445811560 1825346743 9 191323565 4157417321
======================
   8      16 sdb 55975456 33647 12857526270 2332317354 27827261 78215509 17445811560 1825346743 17 191328570 4157463275
======================
   8      16 sdb 55976528 33647 12857800702 2332364052 27827261 78215509 17445811560 1825346743 5 191333573 4157509978
======================
   8      16 sdb 55977631 33647 12858083070 2332412912 27827261 78215509 17445811560 1825346743 11 191338576 4157558818
======================
   8      16 sdb 55978756 33647 12858371070 2332463166 27827261 78215509 17445811560 1825346743 7 191343579 4157609362
======================
   8      16 sdb 55979854 33647 12858652158 2332510509 27827261 78215509 17445811560 1825346743 16 191348584 4157656302
======================
   8      16 sdb 55980956 33647 12858934270 2332560491 27827261 78215509 17445811560 1825346743 15 191353587 4157706237
======================
   8      16 sdb 55982048 33647 12859213822 2332608607 27827261 78215509 17445811560 1825346743 13 191358590 4157754232
======================
   8      16 sdb 55983141 33647 12859493630 2332656586 27827261 78215509 17445811560 1825346743 12 191363593 4157802652
======================
   8      16 sdb 55984223 33647 12859770622 2332705928 27827261 78215509 17445811560 1825346743 17 191368597 4157851996
======================
   8      16 sdb 55985356 33647 12860060670 2332756862 27827261 78215509 17445811560 1825346743 7 191373600 4157903013
======================
   8      16 sdb 55986470 33647 12860345854 2332806827 27827261 78215509 17445811560 1825346743 9 191378603 4157952851
======================
   8      16 sdb 55987551 33647 12860622590 2332853178 27827261 78215509 17445811560 1825346743 10 191383606 4157998773
======================
   8      16 sdb 55988651 33647 12860904190 2332899835 27827261 78215509 17445811560 1825346743 11 191388609 4158045827
======================
   8      16 sdb 55989771 33647 12861190910 2332949400 27827261 78215509 17445811560 1825346743 7 191393612 4158095156
======================
   8      16 sdb 55990837 33647 12861463806 2332997550 27827261 78215509 17445811560 1825346743 3 191398617 4158143342
======================
   8      16 sdb 55991940 33647 12861746174 2333047604 27827261 78215509 17445811560 1825346743 9 191403620 4158193530
======================
   8      16 sdb 55993081 33647 12862038270 2333096728 27827261 78215509 17445811560 1825346743 16 191408624 4158242511
======================
   8      16 sdb 55994203 33647 12862325502 2333145558 27827261 78215509 17445811560 1825346743 16 191413627 4158291503
======================
   8      16 sdb 55995299 33647 12862606078 2333194103 27827261 78215509 17445811560 1825346743 9 191418630 4158340217
======================
   8      16 sdb 55996411 33647 12862890750 2333243714 27827261 78215509 17445811560 1825346743 7 191423633 4158389580
======================
   8      16 sdb 55997517 33647 12863173886 2333293278 27827261 78215509 17445811560 1825346743 8 191428636 4158438935
======================
   8      16 sdb 55998612 33647 12863454206 2333342256 27827261 78215509 17445811560 1825346743 12 191433641 4158488213
======================
   8      16 sdb 55999685 33647 12863728894 2333389440 27827261 78215509 17445811560 1825346743 6 191438644 4158535206
======================
   8      16 sdb 56000811 33647 12864017150 2333436687 27827261 78215509 17445811560 1825346743 9 191443647 4158582517
======================
   8      16 sdb 56001897 33647 12864295166 2333483629 27827261 78215509 17445811560 1825346743 8 191448650 4158629408
======================
   8      16 sdb 56002995 33647 12864576254 2333531414 27827261 78215509 17445811560 1825346743 8 191453654 4158677181
======================
   8      16 sdb 56004077 33647 12864853246 2333581318 27827261 78215509 17445811560 1825346743 8 191458657 4158727157
======================
   8      16 sdb 56005154 33647 12865128958 2333630103 27827261 78215509 17445811560 1825346743 10 191463660 4158775993
======================
   8      16 sdb 56006257 33647 12865411326 2333677043 27827261 78215509 17445811560 1825346743 11 191468665 4158822669
======================
   8      16 sdb 56007322 33647 12865683966 2333723157 27827261 78215509 17445811560 1825346743 11 191473669 4158869571
======================
   8      16 sdb 56008433 33647 12865968382 2333773661 27827261 78215509 17445811560 1825346743 11 191478672 4158920022
======================
   8      16 sdb 56009540 33647 12866251774 2333822618 27827261 78215509 17445811560 1825346743 8 191483675 4158968668
======================
   8      16 sdb 56010652 33647 12866536446 2333871885 27827261 78215509 17445811560 1825346743 3 191488679 4159017464
======================
   8      16 sdb 56011750 33647 12866817534 2333920483 27827261 78215509 17445811560 1825346743 11 191493682 4159066270
======================
   8      16 sdb 56012822 33647 12867091966 2333968914 27827261 78215509 17445811560 1825346743 9 191498686 4159114549
======================
   8      16 sdb 56013876 33647 12867361790 2334014519 27827261 78215509 17445811560 1825346743 9 191503689 4159160424
======================
   8      16 sdb 56014967 33647 12867641086 2334066267 27827261 78215509 17445811560 1825346743 7 191508692 4159212179
======================
   8      16 sdb 56016066 33647 12867922430 2334115751 27827261 78215509 17445811560 1825346743 12 191513695 4159261537
======================
   8      16 sdb 56017097 33647 12868186366 2334161628 27827261 78215509 17445811560 1825346743 6 191518698 4159307432
======================
   8      16 sdb 56018192 33647 12868466686 2334209136 27827261 78215509 17445811560 1825346743 13 191523701 4159354643
======================
   8      16 sdb 56019311 33647 12868753150 2334255026 27827261 78215509 17445811560 1825346743 6 191528704 4159400908
======================
   8      16 sdb 56020346 33647 12869018110 2334301115 27827261 78215509 17445811560 1825346743 11 191533708 4159446699
======================
   8      16 sdb 56021427 33647 12869294846 2334347288 27827261 78215509 17445811560 1825346743 6 191538719 4159493244
======================
   8      16 sdb 56022538 33647 12869579262 2334396492 27827261 78215509 17445811560 1825346743 15 191543722 4159542124
======================
   8      16 sdb 56023622 33647 12869856766 2334444016 27827261 78215509 17445811560 1825346743 10 191548725 4159590164
======================
   8      16 sdb 56024744 33647 12870143998 2334494491 27827261 78215509 17445811560 1825346743 10 191553729 4159640446
======================
   8      16 sdb 56025812 33647 12870417406 2334542507 27827261 78215509 17445811560 1825346743 12 191558732 4159688026
======================
   8      16 sdb 56026908 33647 12870697982 2334589670 27827261 78215509 17445811560 1825346743 10 191563735 4159735390
======================
   8      16 sdb 56028003 33647 12870978302 2334639508 27827261 78215509 17445811560 1825346743 15 191568739 4159786040
======================
   8      16 sdb 56029087 33647 12871255806 2334687341 27827261 78215509 17445811560 1825346743 6 191573742 4159833304
======================
   8      16 sdb 56030192 33647 12871538686 2334736309 27827261 78215509 17445811560 1825346743 15 191578745 4159881837
======================
   8      16 sdb 56031286 33647 12871818750 2334784356 27827261 78215509 17445811560 1825346743 20 191583748 4159929973
======================
   8      16 sdb 56032408 33647 12872105982 2334832225 27827261 78215509 17445811560 1825346743 12 191588752 4159977931
======================
   8      16 sdb 56033492 33647 12872383486 2334881271 27827261 78215509 17445811560 1825346743 9 191593756 4160027263
======================
   8      16 sdb 56034590 33647 12872664574 2334932132 27827261 78215509 17445811560 1825346743 12 191598759 4160077885
======================
   8      16 sdb 56035655 33647 12872937214 2334978796 27827261 78215509 17445811560 1825346743 7 191603762 4160124836
======================
   8      16 sdb 56036768 33647 12873222142 2335027381 27827261 78215509 17445811560 1825346743 14 191608782 4160172933
======================
   8      16 sdb 56037877 33647 12873506046 2335074454 27827261 78215509 17445811560 1825346743 6 191613785 4160220205
======================
   8      16 sdb 56038984 33647 12873789438 2335124185 27827261 78215509 17445811560 1825346743 11 191618789 4160269860
======================
   8      16 sdb 56040102 33647 12874075646 2335172797 27827261 78215509 17445811560 1825346743 14 191623792 4160318658
======================
   8      16 sdb 56041206 33647 12874358270 2335221320 27827261 78215509 17445811560 1825346743 6 191628795 4160367210
======================
   8      16 sdb 56042283 33647 12874633982 2335270499 27827261 78215509 17445811560 1825346743 7 191633798 4160416296
======================
   8      16 sdb 56043386 33647 12874916350 2335317124 27827261 78215509 17445811560 1825346743 9 191638801 4160462971
======================
   8      16 sdb 56044429 33647 12875183358 2335364519 27827261 78215509 17445811560 1825346743 6 191643805 4160510378
======================
   8      16 sdb 56045501 33647 12875457790 2335410638 27827261 78215509 17445811560 1825346743 8 191648808 4160556524
======================
   8      16 sdb 56046605 33647 12875740414 2335459172 27827261 78215509 17445811560 1825346743 9 191653811 4160604758
======================
   8      16 sdb 56047710 33647 12876023294 2335505823 27827261 78215509 17445811560 1825346743 11 191658815 4160651738
======================
   8      16 sdb 56048848 33647 12876314622 2335555823 27827261 78215509 17445811560 1825346743 11 191663819 4160701947
======================
   8      16 sdb 56049965 33647 12876600574 2335605286 27827261 78215509 17445811560 1825346743 6 191668822 4160751234
======================
   8      16 sdb 56051118 33647 12876895742 2335655414 27827261 78215509 17445811560 1825346743 5 191673825 4160801229
======================
   8      16 sdb 56052236 33647 12877181950 2335705236 27827261 78215509 17445811560 1825346743 12 191678830 4160851449
======================
   8      16 sdb 56053339 33647 12877464318 2335752031 27827261 78215509 17445811560 1825346743 7 191683834 4160897680
======================
   8      16 sdb 56054429 33647 12877743358 2335801140 27827261 78215509 17445811560 1825346743 12 191688837 4160947083
======================
   8      16 sdb 56055514 33647 12878021118 2335850891 27827261 78215509 17445811560 1825346743 8 191693840 4160996832
======================
   8      16 sdb 56056597 33647 12878298366 2335896971 27827261 78215509 17445811560 1825346743 5 191698844 4161042653
======================
   8      16 sdb 56057657 33647 12878569726 2335942921 27827261 78215509 17445811560 1825346743 13 191703847 4161088735
======================
   8      16 sdb 56058771 33647 12878854910 2335991157 27827261 78215509 17445811560 1825346743 2 191708851 4161136656
======================
   8      16 sdb 56059911 33647 12879146750 2336039533 27827261 78215509 17445811560 1825346743 8 191713854 4161185478
======================
   8      16 sdb 56060984 33647 12879421438 2336088646 27827261 78215509 17445811560 1825346743 4 191718857 4161234407
======================
   8      16 sdb 56062096 33647 12879706110 2336135834 27827261 78215509 17445811560 1825346743 8 191723860 4161281445
======================
   8      16 sdb 56063198 33647 12879988222 2336184354 27827261 78215509 17445811560 1825346743 12 191728864 4161330271
======================
   8      16 sdb 56064303 33647 12880271102 2336232505 27827261 78215509 17445811560 1825346743 12 191733867 4161378884
======================
   8      16 sdb 56065415 33647 12880555774 2336279503 27827261 78215509 17445811560 1825346743 6 191738870 4161425276
======================
   8      16 sdb 56066517 33647 12880837886 2336326102 27827261 78215509 17445811560 1825346743 11 191743874 4161472587
======================
   8      16 sdb 56067598 33647 12881114622 2336373228 27827261 78215509 17445811560 1825346743 17 191748878 4161518679
======================
   8      16 sdb 56068636 33647 12881380350 2336421954 27827261 78215509 17445811560 1825346743 4 191753882 4161567582
======================
   8      16 sdb 56069723 33647 12881658622 2336470966 27827261 78215509 17445811560 1825346743 10 191758885 4161616864
======================
   8      16 sdb 56070798 33647 12881933822 2336518466 27827261 78215509 17445811560 1825346743 8 191763888 4161664538
======================
   8      16 sdb 56071887 33647 12882212606 2336565932 27827261 78215509 17445811560 1825346743 13 191768891 4161711630
======================
   8      16 sdb 56072989 33647 12882494718 2336615274 27827261 78215509 17445811560 1825346743 5 191773894 4161761034
======================
   8      16 sdb 56074080 33647 12882774014 2336664939 27827261 78215509 17445811560 1825346743 7 191778898 4161810508
======================
   8      16 sdb 56075213 33647 12883064062 2336713585 27827261 78215509 17445811560 1825346743 9 191783903 4161859802
======================
   8      16 sdb 56076380 33647 12883362814 2336760571 27827261 78215509 17445811560 1825346743 17 191788906 4161906294
======================
   8      16 sdb 56077520 33647 12883654654 2336806354 27827261 78215509 17445811560 1825346743 12 191793908 4161952154
======================
   8      16 sdb 56078635 33647 12883940094 2336853115 27827261 78215509 17445811560 1825346743 9 191798912 4161998779
======================
   8      16 sdb 56079757 33647 12884227326 2336900359 27827261 78215509 17445811560 1825346743 7 191803915 4162045960
======================
   8      16 sdb 56080936 33647 12884529150 2336949269 27827261 78215509 17445811560 1825346743 9 191808918 4162094917
======================
   8      16 sdb 56082071 33647 12884819710 2336993850 27827261 78215509 17445811560 1825346743 7 191813921 4162139503
======================
   8      16 sdb 56083238 33647 12885118462 2337038980 27827261 78215509 17445811560 1825346743 9 191818933 4162184995
======================
   8      16 sdb 56084385 33647 12885412094 2337086979 27827261 78215509 17445811560 1825346743 6 191823936 4162232639
======================
   8      16 sdb 56085537 33647 12885707006 2337135029 27827261 78215509 17445811560 1825346743 12 191828939 4162280761
======================
   8      16 sdb 56086691 33647 12886002430 2337182093 27827261 78215509 17445811560 1825346743 9 191833943 4162327624
======================
   8      16 sdb 56087833 33647 12886294782 2337227393 27827261 78215509 17445811560 1825346743 10 191838945 4162372966
======================
   8      16 sdb 56089008 33647 12886595582 2337275412 27827261 78215509 17445811560 1825346743 7 191843949 4162421018
======================
   8      16 sdb 56090141 33647 12886885630 2337322238 27827261 78215509 17445811560 1825346743 5 191848952 4162467921
======================
   8      16 sdb 56091254 33647 12887170558 2337370563 27827261 78215509 17445811560 1825346743 17 191853955 4162516365
======================
   8      16 sdb 56092451 33647 12887476990 2337415039 27827261 78215509 17445811560 1825346743 10 191858959 4162560739
======================
   8      16 sdb 56093672 33647 12887789566 2337457344 27827261 78215509 17445811560 1825346743 8 191863962 4162602928
======================
   8      16 sdb 56094892 33647 12888101886 2337495349 27827261 78215509 17445811560 1825346743 5 191868965 4162640828
======================
   8      16 sdb 56096375 33647 12888481534 2337518409 27827261 78215509 17445811560 1825346743 0 191873134 4162663765
