======================
   8      48 sdd 16548115 26359 312635674 19272553 88951776 86676047 1506818600 2488741378 0 22694088 2508012013
======================
   8      48 sdd 16548123 26359 312635738 19272604 88966832 86676047 1507300392 2488792608 129 22694542 2508063632
======================
   8      48 sdd 16548136 26359 312635842 19273005 89007361 86682210 1508644416 2489405538 151 22699123 2508678569
======================
   8      48 sdd 16548145 26359 312635914 19273295 89038810 86686868 1509686608 2490097795 146 22704126 2509371935
======================
   8      48 sdd 16548156 26359 312636002 19273773 89077736 86694109 1510987864 2490780900 136 22709128 2510053934
======================
   8      48 sdd 16548165 26359 312636074 19274073 89116850 86701900 1512299320 2491469542 148 22714133 2510743128
======================
   8      48 sdd 16548174 26359 312636146 19274356 89155268 86710068 1513591400 2492161273 131 22719137 2511434835
======================
   8      48 sdd 16548184 26359 312636226 19274712 89193749 86718352 1514886448 2492846179 159 22724141 2512120102
======================
   8      48 sdd 16548194 26359 312636306 19275018 89232301 86726792 1516184944 2493538109 131 22729144 2512812957
======================
   8      48 sdd 16548203 26359 312636378 19275281 89270879 86735342 1517485008 2494219742 139 22734147 2513494464
======================
   8      48 sdd 16548213 26359 312636458 19275626 89309043 86744127 1518773752 2494907138 147 22739150 2514182058
======================
   8      48 sdd 16548223 26359 312636538 19275970 89347376 86753294 1520070840 2495575344 143 22744154 2514850646
======================
   8      48 sdd 16548232 26359 312636610 19276267 89385493 86762613 1521362184 2496269313 145 22749155 2515544893
======================
   8      48 sdd 16548242 26359 312636690 19276588 89423657 86772099 1522656296 2496941431 135 22754159 2516217926
======================
   8      48 sdd 16548252 26359 312636770 19276890 89462209 86781794 1523964472 2497625067 159 22759161 2516901836
======================
   8      48 sdd 16548261 26359 312636842 19277197 89500446 86791632 1525263664 2498301183 147 22764163 2517577634
======================
   8      48 sdd 16548271 26359 312636922 19277520 89538713 86801624 1526564904 2498984183 143 22769166 2518261360
======================
   8      48 sdd 16548281 26359 312637002 19277818 89576909 86811781 1527865192 2499654437 156 22774168 2518931428
======================
   8      48 sdd 16548290 26359 312637074 19278144 89615142 86822020 1529167272 2500325786 154 22779172 2519604897
======================
   8      48 sdd 16548299 26359 312637146 19278477 89653335 86832451 1530469512 2501014459 152 22784174 2520292208
======================
   8      48 sdd 16548310 26359 312637234 19278841 89690904 86842822 1531751304 2501678076 37 22789171 2520955112
======================
   8      48 sdd 16548319 26359 312637306 19279164 89729403 86852953 1533060912 2502347014 147 22794167 2521625153
======================
   8      48 sdd 16548328 26359 312637378 19279475 89764481 86877689 1534359144 2502992490 145 22799155 2522271905
======================
   8      48 sdd 16548338 26359 312637458 19279794 89802486 86891412 1535651464 2503662977 145 22804150 2522942338
======================
   8      48 sdd 16548348 26359 312637538 19280101 89839451 86907643 1536957304 2504309495 136 22809138 2523589108
======================
   8      48 sdd 16548359 26359 312637626 19280401 89877513 86920454 1538249120 2504969443 157 22814133 2524249794
======================
   8      48 sdd 16548368 26359 312637698 19280676 89913904 86940947 1539548464 2505620830 139 22819121 2524900925
======================
   8      48 sdd 16548377 26359 312637770 19280967 89950382 86961223 1540847008 2506269790 142 22824108 2525550606
======================
   8      48 sdd 16548386 26359 312637842 19281288 89986558 86981258 1542136120 2506913060 134 22829096 2526194155
======================
   8      48 sdd 16548396 26359 312637922 19281649 90023031 87001199 1543432664 2507559936 132 22834084 2526840917
======================
   8      48 sdd 16548404 26359 312637986 19281910 90059516 87020917 1544729344 2508212032 111 22839075 2527492700
======================
   8      48 sdd 16548415 26359 312638074 19282263 90096485 87040483 1546040968 2508849901 146 22844061 2528131553
======================
   8      48 sdd 16548424 26359 312638146 19282544 90135160 87060020 1547406328 2509496499 147 22849047 2528778109
======================
   8      48 sdd 16548429 26359 312638186 19282718 90169617 87074588 1548562520 2509941455 0 22852496 2529222309
started
======================
   8      48 sdd 16593930 26359 313032404 19340828 90174096 87086221 1548709792 2509942344 17 22855137 2529281313
======================
   8      48 sdd 16627684 26359 313382164 19418636 90191212 87116824 1549140152 2509946208 32 22859807 2529362998
======================
   8      48 sdd 16637084 26359 313571844 19450003 90218534 87160331 1549777032 2509952058 13 22864472 2529400319
======================
   8      48 sdd 16642729 26359 313748620 19477609 90249211 87209658 1550495808 2509959000 2 22869156 2529434727
======================
   8      48 sdd 16648135 26359 313921564 19503365 90280102 87259125 1551218200 2509966217 12 22873698 2529467885
======================
   8      48 sdd 16653471 26359 314092292 19532845 90310192 87307512 1551924952 2509973121 6 22878395 2529504046
======================
   8      48 sdd 16658674 26359 314258740 19559699 90340113 87355737 1552627984 2509979638 0 22883022 2529537430
======================
   8      48 sdd 16664203 26359 314435668 19587437 90370957 87407016 1553365616 2509997015 12 22887697 2529582779
======================
   8      48 sdd 16669773 26359 314613140 19614489 90402458 87457997 1554106392 2510004021 2 22892372 2529616757
======================
   8      48 sdd 16675213 26359 314787148 19641942 90433134 87507664 1554827760 2510011260 12 22897065 2529651627
======================
   8      48 sdd 16680485 26359 314955852 19669033 90463160 87556118 1555532504 2510017867 2 22901748 2529685119
======================
   8      48 sdd 16685947 26359 315129844 19696375 90494235 87606235 1556262536 2510024996 8 22906418 2529719601
======================
   8      48 sdd 16691516 26359 315305364 19721597 90525012 87656402 1556988640 2510031635 2 22911029 2529751448
======================
   8      48 sdd 16697186 26359 315472884 19750352 90552042 87703447 1557655440 2510062665 4 22915676 2529811214
======================
   8      48 sdd 16703152 26359 315645292 19776985 90581503 87751368 1558349736 2510068802 8 22920245 2529843957
======================
   8      48 sdd 16709204 26359 315823116 19803196 90611765 87800285 1559062408 2510075812 6 22924804 2529877151
======================
   8      48 sdd 16714947 26359 315997340 19831002 90641995 87849044 1559771544 2510082507 6 22929478 2529911647
======================
   8      48 sdd 16720458 26359 316168140 19859149 90671646 87897425 1560472112 2510089166 12 22934136 2529946520
======================
   8      48 sdd 16725853 26359 316334380 19884707 90700577 87944686 1561155288 2510095590 12 22938735 2529978530
======================
   8      48 sdd 16731833 26359 316514700 19910498 90730396 87993369 1561861368 2510108299 12 22943288 2530016962
======================
   8      48 sdd 16737679 26359 316690916 19935539 90759483 88040169 1562544184 2510114800 12 22947912 2530048505
======================
   8      48 sdd 16743633 26359 316869740 19963013 90788755 88087112 1563227424 2510121503 12 22952576 2530082638
======================
   8      48 sdd 16749618 26359 317051244 19990438 90818649 88135647 1563931808 2510128287 2 22957191 2530116861
======================
   8      48 sdd 16755534 26359 317231212 20014649 90848246 88183621 1564628872 2510135071 2 22961630 2530147848
======================
   8      48 sdd 16761467 26359 317411892 20041196 90877630 88231210 1565320848 2510141849 1 22966197 2530181169
======================
   8      48 sdd 16768043 26359 317604836 20067116 90905153 88279226 1566002216 2510222914 12 22970819 2530288185
======================
   8      48 sdd 16774537 26359 317795956 20093596 90933948 88325333 1566676376 2510229706 3 22975437 2530321520
======================
   8      48 sdd 16780947 26359 317982276 20120017 90962376 88370780 1567340160 2510236235 3 22979951 2530354462
======================
   8      48 sdd 16787336 26359 318168100 20145175 90991156 88416494 1568010000 2510242791 0 22984554 2530386169
======================
   8      48 sdd 16793845 26359 318358940 20170355 91020075 88462924 1568687896 2510249460 3 22989075 2530418011
======================
   8      48 sdd 16800275 26359 318547092 20197082 91049066 88509202 1569364056 2510256060 1 22993689 2530451350
======================
   8      48 sdd 16806935 26359 318743012 20223677 91078007 88558651 1570068400 2510307646 12 22998289 2530529612
======================
   8      48 sdd 16813111 26359 318923396 20244996 91106132 88605526 1570740552 2510314045 12 23002809 2530557441
======================
   8      48 sdd 16819494 26359 319108140 20272005 91134001 88652469 1571411264 2510320695 0 23007316 2530590857
======================
   8      48 sdd 16825885 26359 319295740 20297680 91162590 88700370 1572095904 2510327159 12 23011929 2530623145
======================
   8      48 sdd 16832285 26359 319481556 20325363 91191407 88748919 1572788744 2510333816 4 23016547 2530657337
======================
   8      48 sdd 16838526 26359 319665284 20351405 91219501 88796627 1573466688 2510340275 12 23021087 2530689981
======================
   8      48 sdd 16844889 26359 319852732 20376708 91247370 88845377 1574153408 2510385424 12 23025656 2530760566
======================
   8      48 sdd 16851057 26359 320033052 20401121 91275180 88892050 1574820416 2510391813 1 23030200 2530791067
======================
   8      48 sdd 16857358 26359 320217828 20427807 91303759 88940352 1575508608 2510398369 2 23034747 2530824288
======================
   8      48 sdd 16863632 26359 320401252 20453054 91331870 88987796 1576184312 2510404963 7 23039282 2530856109
======================
   8      48 sdd 16870003 26359 320588156 20480046 91360501 89036297 1576874776 2510411592 12 23043893 2530889958
======================
   8      48 sdd 16876275 26359 320773740 20506514 91388718 89084024 1577557040 2510418198 12 23048428 2530922927
======================
   8      48 sdd 16882755 26359 320964276 20534380 91416035 89133817 1578248696 2510489968 3 23053064 2531022410
======================
   8      48 sdd 16889005 26359 321148060 20562445 91443885 89180724 1578919080 2510496588 1 23057663 2531057077
======================
   8      48 sdd 16895473 26359 321337020 20589600 91472825 89229642 1579617616 2510503292 2 23062296 2531090931
======================
   8      48 sdd 16901718 26359 321520252 20615527 91500823 89276739 1580289992 2510509780 2 23066792 2531123323
======================
   8      48 sdd 16908165 26359 321710516 20642178 91529853 89325502 1580987240 2510516502 3 23071335 2531156677
======================
   8      48 sdd 16914312 26359 321890524 20667737 91557602 89371943 1581652080 2510523123 0 23075880 2531188848
======================
   8      48 sdd 16921149 26359 322091636 20690912 91586523 89424762 1582384432 2510593161 12 23080433 2531282073
======================
   8      48 sdd 16927356 26359 322272732 20718511 91614381 89471521 1583051952 2510599698 12 23085033 2531316371
======================
   8      48 sdd 16933667 26359 322457452 20745803 91642706 89519387 1583734504 2510606406 15 23089629 2531350308
======================
   8      48 sdd 16939910 26359 322640492 20772073 91670727 89566703 1584411192 2510613017 15 23094184 2531383334
======================
   8      48 sdd 16946269 26359 322828084 20799160 91699354 89614705 1585098384 2510619681 12 23098795 2531417096
======================
   8      48 sdd 16952453 26359 323009924 20822443 91727561 89661724 1585771128 2510626074 3 23103356 2531446519
======================
   8      48 sdd 16958957 26359 323201764 20847334 91756297 89711886 1586477080 2510703074 0 23107951 2531548399
======================
   8      48 sdd 16965143 26359 323383524 20874653 91783082 89758796 1587137856 2510709319 0 23112488 2531581941
======================
   8      48 sdd 16971425 26359 323567764 20901231 91811476 89806736 1587821992 2510716034 5 23117018 2531615223
======================
   8      48 sdd 16978605 26359 323753644 20924093 91838125 89852322 1588469296 2510722568 4 23121601 2531644587
======================
   8      48 sdd 16986193 26359 323954724 20951110 91866275 89901067 1589160704 2510730126 5 23126163 2531679151
======================
   8      48 sdd 16992882 26359 324144340 20978147 91894281 89948689 1589840200 2510737661 12 23130806 2531713873
======================
   8      48 sdd 16999910 26359 324348212 21008495 91924234 90000675 1590576192 2510757201 8 23135383 2531763700
======================
   8      48 sdd 17006588 26359 324540996 21039867 91951009 90048928 1591252456 2510764663 12 23139974 2531802688
======================
   8      48 sdd 17013236 26359 324736148 21070455 91979401 90097825 1591944744 2510772494 11 23144517 2531840961
======================
   8      48 sdd 17020179 26359 324939988 21098916 92009043 90149176 1592673104 2510781301 4 23149054 2531878322
======================
   8      48 sdd 17026769 26359 325133980 21130688 92037232 90197953 1593364976 2510789164 8 23153642 2531917943
======================
   8      48 sdd 17033315 26359 325326764 21158433 92065749 90246559 1594056760 2510797201 0 23158272 2531953708
======================
   8      48 sdd 17040358 26359 325534732 21184637 92097152 90299137 1594809632 2510867308 3 23162733 2532050014
======================
   8      48 sdd 17046950 26359 325725172 21218304 92122095 90347082 1595467288 2510874407 6 23167316 2532090784
======================
   8      48 sdd 17053812 26359 325926212 21250107 92151216 90397752 1596184240 2510882664 3 23171931 2532130807
======================
   8      48 sdd 17060772 26359 326131260 21280821 92181079 90449166 1596915040 2510890934 12 23176572 2532169925
======================
   8      48 sdd 17067366 26359 326324652 21312815 92209557 90498506 1597612672 2510899035 9 23181261 2532209931
======================
   8      48 sdd 17074491 26359 326535884 21342168 92240184 90551807 1598367104 2510907634 0 23185893 2532247866
======================
   8      48 sdd 17080963 26359 326727220 21374582 92269225 90599762 1599058072 2510925152 5 23190571 2532297786
======================
   8      48 sdd 17087736 26359 326926036 21404945 92297151 90649956 1599762048 2510932632 3 23195151 2532335622
======================
   8      48 sdd 17094512 26359 327126228 21436120 92326234 90700485 1600476832 2510940798 17 23199708 2532374983
======================
   8      48 sdd 17101148 26359 327321452 21466674 92354735 90749739 1601176080 2510948832 12 23204254 2532413654
======================
   8      48 sdd 17107784 26359 327516476 21497921 92383354 90798688 1601874520 2510957227 4 23208858 2532453205
======================
   8      48 sdd 17114587 26359 327717612 21524189 92413432 90849773 1602602760 2510965330 0 23213480 2532487585
======================
   8      48 sdd 17121107 26359 327909916 21556004 92442258 90898852 1603301248 2510978550 12 23218127 2532532729
======================
   8      48 sdd 17127803 26359 328108036 21584963 92470211 90948407 1604000256 2510985869 14 23222731 2532568878
======================
   8      48 sdd 17134017 26359 328290852 21612687 92497077 90994633 1604656920 2510993272 12 23226919 2532604025
======================
   8      48 sdd 17141065 26359 328498972 21644000 92527352 91046921 1605399528 2511001917 7 23231620 2532643954
======================
   8      48 sdd 17147652 26359 328692932 21676300 92555877 91096051 1606097616 2511010164 12 23236257 2532684639
======================
   8      48 sdd 17154260 26359 328888868 21707383 92584646 91145266 1606798128 2511018162 11 23240904 2532723613
======================
   8      48 sdd 17160769 26359 329080020 21738461 92616368 91194017 1607517232 2511066171 1 23245510 2532802678
======================
   8      48 sdd 17167989 26359 329292932 21768902 92641810 91246557 1608224376 2511073028 6 23250114 2532839962
======================
   8      48 sdd 17174867 26359 329495332 21799815 92671528 91298006 1608954312 2511081369 0 23254772 2532879216
======================
   8      48 sdd 17181579 26359 329693788 21830226 92700675 91348053 1609665984 2511089706 12 23259379 2532918133
======================
   8      48 sdd 17188172 26359 329887884 21863262 92729169 91397301 1610364600 2511097455 4 23264058 2532958752
======================
   8      48 sdd 17195026 26359 330089972 21891622 92758581 91448156 1611086712 2511106140 7 23268493 2532995799
======================
   8      48 sdd 17201451 26359 330278460 21922847 92789964 91496773 1611801272 2511140246 156 23273151 2533064447
======================
   8      48 sdd 17208532 26359 330486092 21952139 92815181 91548291 1612496496 2511178671 11 23277750 2533128792
======================
   8      48 sdd 17214892 26359 330673612 21978960 92844100 91596260 1613186128 2511185999 0 23282249 2533162941
======================
   8      48 sdd 17221233 26359 330861204 22005507 92872961 91644712 1613878648 2511192390 2 23286826 2533195855
======================
   8      48 sdd 17227552 26359 331047380 22034326 92900886 91692292 1614554856 2511198956 4 23291404 2533231241
======================
   8      48 sdd 17234176 26359 331242700 22066095 92929899 91741931 1615260760 2511206898 12 23296089 2533271085
======================
   8      48 sdd 17241100 26359 331447500 22096800 92959871 91793704 1615994600 2511215412 6 23300695 2533310156
======================
   8      48 sdd 17248010 26359 331651220 22127415 92988955 91844301 1616713168 2511232690 12 23305317 2533358164
======================
   8      48 sdd 17254661 26359 331848340 22160831 93017742 91892652 1617406040 2511240852 8 23310057 2533399778
======================
   8      48 sdd 17261726 26359 332057180 22188823 93048464 91943935 1618144472 2511249659 4 23314696 2533436422
======================
   8      48 sdd 17268445 26359 332254996 22220510 93077579 91992878 1618847384 2511257722 12 23319355 2533476331
======================
   8      48 sdd 17275462 26359 332462812 22251466 93107834 92043447 1619575368 2511266127 8 23323998 2533515508
======================
   8      48 sdd 17282371 26359 332665652 22284240 93137553 92093058 1620291600 2511274368 11 23328707 2533556556
======================
   8      48 sdd 17289350 26359 332871412 22315361 93167671 92143513 1621016808 2511296317 12 23333315 2533609728
======================
   8      48 sdd 17295946 26359 333066900 22346744 93196357 92191828 1621709528 2511304106 12 23337899 2533648815
======================
   8      48 sdd 17303047 26359 333275612 22376773 93227108 92243423 1622451600 2511312586 3 23342524 2533687268
======================
   8      48 sdd 17309698 26359 333471932 22410561 93255816 92291444 1623142832 2511320650 12 23347284 2533729238
======================
   8      48 sdd 17316829 26359 333681068 22440057 93286625 92343322 1623886504 2511329198 1 23351878 2533767161
======================
   8      48 sdd 17323364 26359 333874068 22472765 93315342 92393288 1624592264 2511337356 12 23356583 2533808124
======================
   8      48 sdd 17330051 26359 334069732 22503628 93343818 92443744 1625301048 2511352173 3 23361185 2533853792
======================
   8      48 sdd 17337112 26359 334278044 22534044 93374300 92496611 1626050168 2511360715 8 23365806 2533892735
======================
   8      48 sdd 17343658 26359 334470764 22565737 93402569 92545404 1626743216 2511368941 12 23370402 2533932700
======================
   8      48 sdd 17350367 26359 334668540 22596546 93431617 92595488 1627453984 2511377254 0 23375011 2533971803
======================
   8      48 sdd 17357171 26359 334869268 22626947 93461119 92646774 1628178048 2511385595 12 23379586 2534010593
======================
   8      48 sdd 17363897 26359 335067196 22659640 93490167 92697160 1628892304 2511393404 0 23384291 2534051051
======================
   8      48 sdd 17370780 26359 335269132 22688912 93517926 92748783 1629607656 2511466487 0 23388839 2534153532
======================
   8      48 sdd 17377298 26359 335460532 22719667 93546062 92797704 1630300000 2511474365 1 23393381 2534192165
======================
   8      48 sdd 17384160 26359 335662116 22749702 93575797 92849414 1631030744 2511483051 3 23397956 2534230916
======================
   8      48 sdd 17390706 26359 335852932 22780710 93603756 92898261 1631721432 2511490882 12 23402510 2534269952
======================
   8      48 sdd 17397040 26359 336038660 22810208 93630966 92945436 1632389216 2511498498 7 23406886 2534306932
======================
   8      48 sdd 17403573 26359 336231500 22838569 93659062 92994555 1633081072 2511506234 5 23411215 2534342949
======================
   8      48 sdd 17409292 26359 336399572 22862742 93682211 93038093 1633681392 2511552029 3 23415132 2534412902
======================
   8      48 sdd 17415653 26359 336585412 22893421 93709527 93085525 1634352376 2511559378 12 23419609 2534451202
======================
   8      48 sdd 17422397 26359 336784516 22920877 93738926 93136379 1635072520 2511567412 15 23424109 2534486495
======================
   8      48 sdd 17428896 26359 336975540 22949924 93767003 93185205 1635764016 2511575131 2 23428545 2534523226
======================
   8      48 sdd 17435338 26359 337164700 22980856 93794898 93233610 1636449152 2511582926 12 23433135 2534562039
======================
   8      48 sdd 17441936 26359 337358892 23011126 93823322 93283022 1637148424 2511590907 6 23437653 2534600167
======================
   8      48 sdd 17448611 26359 337556172 23042375 93850312 93333630 1637846928 2511660023 12 23442309 2534700701
======================
   8      48 sdd 17455190 26359 337750172 23070707 93878811 93383059 1638546616 2511668067 11 23446666 2534736889
======================
   8      48 sdd 17461758 26359 337944588 23097696 93907582 93432858 1639250568 2511675967 12 23451158 2534772049
======================
   8      48 sdd 17468054 26359 338131092 23127500 93934861 93480499 1639922448 2511683356 12 23455564 2534809122
======================
   8      48 sdd 17473675 26359 338296540 23151210 93959716 93522767 1640525056 2511689997 0 23459516 2534839412
======================
   8      48 sdd 17480030 26359 338484036 23181379 93987327 93570818 1641204400 2511697742 12 23463963 2534877403
======================
   8      48 sdd 17486327 26359 338669292 23212914 94013877 93619179 1641875120 2511717800 12 23468388 2534929177
======================
   8      48 sdd 17492698 26359 338857636 23244065 94041461 93667312 1642555168 2511725446 7 23472826 2534967715
======================
   8      48 sdd 17498584 26359 339031044 23266454 94067348 93711514 1643183992 2511732556 7 23476911 2534997228
======================
   8      48 sdd 17504743 26359 339212732 23294539 94093930 93757725 1643839320 2511740118 12 23481152 2535033053
======================
   8      48 sdd 17511281 26359 339405612 23323761 94122159 93806947 1644534928 2511748237 0 23485634 2535070196
======================
   8      48 sdd 17517958 26359 339602036 23352518 94151052 93857072 1645244568 2511756613 5 23490097 2535107339
======================
   8      48 sdd 17524256 26359 339787588 23384692 94176150 93904786 1645900504 2511794951 2 23494479 2535177845
======================
   8      48 sdd 17531057 26359 339987756 23413292 94205510 93955564 1646621344 2511803312 6 23498918 2535214794
======================
   8      48 sdd 17536443 26359 340146980 23437785 94229303 93996327 1647200288 2511809677 3 23503030 2535245652
======================
   8      48 sdd 17543335 26359 340350148 23466540 94258999 94047809 1647929616 2511818181 2 23507478 2535282899
======================
   8      48 sdd 17549710 26359 340538620 23496236 94286731 94096279 1648614496 2511826066 15 23511909 2535320624
======================
   8      48 sdd 17555992 26359 340724636 23526840 94313897 94143639 1649283984 2511833834 12 23516355 2535359015
======================
   8      48 sdd 17562706 26359 340922556 23557856 94342444 94195003 1650000848 2511851276 2 23520903 2535407341
======================
   8      48 sdd 17568942 26359 341105956 23586219 94369531 94242203 1650668312 2511858869 12 23525225 2535443434
======================
   8      48 sdd 17574277 26359 341262212 23607463 94392695 94282589 1651238976 2511865116 7 23528647 2535470769
======================
   8      48 sdd 17580769 26359 341453612 23636480 94420829 94331241 1651927840 2511873145 3 23533067 2535507812
======================
   8      48 sdd 17586844 26359 341632900 23661335 94448149 94377130 1652584552 2511880187 0 23537445 2535539693
======================
   8      48 sdd 17593109 26359 341817356 23691181 94475483 94424391 1653255264 2511887791 6 23541867 2535577242
======================
   8      48 sdd 17599602 26359 342009708 23716188 94503968 94474237 1653958048 2511940061 4 23546288 2535654509
======================
   8      48 sdd 17606119 26359 342202292 23745708 94532008 94523767 1654654576 2511947647 8 23550714 2535691662
======================
   8      48 sdd 17612351 26359 342386660 23774507 94559024 94570929 1655321568 2511955360 12 23555078 2535728201
