39.9
42.4
40.4
39.8
40.1
41.9
40.6
40.6
42.0
41.1
40.2
40.7
39.8
41.2
40.9
40.1
41.5
41.0
41.8
41.9
40.7
41.2
40.7
40.2
40.9
40.4
40.9
42.7
41.3
39.5
41.3
41.5
40.0
41.9
41.1
41.6
41.0
41.3
40.2
41.6
41.1
41.8
40.6
39.1
41.4
41.2
40.0
40.6
40.7
42.0
40.6
40.1
41.8
41.7
39.7
40.4
41.2
42.2
40.2
41.4
41.4
41.9
40.7
41.1
41.3
41.0
41.4
39.5
40.4
41.4
41.5
42.0
41.2
42.4
41.7
40.8
41.0
40.8
41.5
40.1
41.4
41.3
40.8
42.2
41.0
40.4
41.2
40.4
41.1
40.8
41.6
40.1
40.3
41.8
41.4
40.8
41.8
42.9
41.5
41.1
41.7
41.8
42.3
40.0
40.3
41.6
41.4
40.9
41.5
42.6
41.0
40.6
41.5
41.2
41.7
41.3
41.1
41.1
42.2
41.5
41.8
41.4
41.1
41.4
41.4
40.0
41.6
40.4
40.4
41.1
41.1
42.5
41.3
41.5
40.8
42.1
41.0
41.0
40.8
42.2
41.5
41.8
41.5
41.0
42.3
40.8
40.8
41.1
40.7
34.6
