======================
   8      48 sdd 5491955 0 1384966268 98839424 239495833 87270292 20391013840 2265732044 1 88610501 2364295150
======================
   8      48 sdd 5492027 0 1384966844 98839849 239497082 87270292 20391800912 2265938344 154 88612287 2364526083
======================
   8      48 sdd 5492033 0 1384966892 98841057 239499184 87270327 20393115880 2266566332 138 88617290 2365155534
======================
   8      48 sdd 5492038 0 1384966932 98842062 239501272 87270339 20394430680 2267211397 150 88622292 2365804223
======================
   8      48 sdd 5492044 0 1384966980 98843366 239503365 87270355 20395745928 2267822454 129 88627295 2366413536
======================
   8      48 sdd 5492049 0 1384967020 98844535 239505459 87270372 20397060432 2268445703 132 88632298 2367037951
======================
   8      48 sdd 5492054 0 1384967060 98845699 239507553 87270385 20398378320 2269065980 155 88637320 2367659635
======================
   8      48 sdd 5492060 0 1384967108 98846825 239509643 87270399 20399694160 2269680466 149 88642324 2368275448
======================
   8      48 sdd 5492065 0 1384967148 98847909 239511740 87270416 20401009448 2270302342 129 88647327 2368897590
======================
   8      48 sdd 5492070 0 1384967188 98849114 239513827 87270429 20402322856 2270917833 136 88652331 2369515111
======================
   8      48 sdd 5492076 0 1384967236 98850325 239515916 87270441 20403638168 2271518590 133 88657334 2370116682
======================
   8      48 sdd 5492081 0 1384967276 98851456 239518008 87270460 20404952896 2272126440 140 88662337 2370726183
======================
   8      48 sdd 5492086 0 1384967316 98852702 239520099 87270474 20406266376 2272761763 136 88667342 2371362779
======================
   8      48 sdd 5492092 0 1384967364 98853872 239522188 87270487 20407581568 2273395172 129 88672345 2371996714
======================
   8      48 sdd 5492097 0 1384967404 98855039 239524282 87270502 20408896184 2274028606 123 88677348 2372630878
======================
   8      48 sdd 5492102 0 1384967444 98856209 239526372 87270517 20410210264 2274649981 118 88682351 2373253216
======================
   8      48 sdd 5492108 0 1384967492 98857732 239528464 87270534 20411526272 2275228379 71 88687354 2373828031
======================
   8      48 sdd 5492113 0 1384967532 98859277 239530556 87270549 20412840240 2275817405 66 88692358 2374416647
======================
   8      48 sdd 5492119 0 1384967580 98860743 239532646 87270567 20414154184 2276417075 153 88697361 2375023918
======================
   8      48 sdd 5492124 0 1384967620 98861872 239534739 87270579 20415470824 2277028392 65 88702363 2375628933
======================
   8      48 sdd 5492129 0 1384967660 98863182 239536832 87270594 20416785560 2277634680 59 88707367 2376236878
======================
   8      48 sdd 5492135 0 1384967708 98864565 239538923 87270608 20418100016 2278243346 148 88712370 2376853655
======================
   8      48 sdd 5492141 0 1384967756 98865647 239541013 87270624 20419414864 2278863005 133 88717373 2377470034
======================
   8      48 sdd 5492146 0 1384967796 98866920 239543107 87270639 20420729984 2279474667 137 88722376 2378081677
======================
   8      48 sdd 5492151 0 1384967836 98868321 239545197 87270653 20422044184 2280068295 132 88727381 2378669766
======================
   8      48 sdd 5492157 0 1384967884 98869260 239547289 87270667 20423359912 2280696498 135 88732385 2379297417
======================
   8      48 sdd 5492162 0 1384967924 98870382 239549381 87270682 20424675400 2281309432 140 88737387 2379910011
======================
   8      48 sdd 5492167 0 1384967964 98871668 239551469 87270698 20425988080 2281919242 152 88742390 2380517391
======================
   8      48 sdd 5492173 0 1384968012 98872875 239553565 87270711 20427305352 2282545464 142 88747395 2381148211
======================
   8      48 sdd 5492178 0 1384968052 98874039 239555656 87270727 20428620456 2283178044 148 88752397 2381779950
======================
   8      48 sdd 5492183 0 1384968092 98874966 239557748 87270743 20429936984 2283828015 95 88757416 2382447007
======================
   8      48 sdd 5492189 0 1384968140 98876301 239559846 87270757 20431255576 2284444858 109 88762425 2383059482
======================
   8      48 sdd 5492194 0 1384968180 98877422 239561934 87270760 20432568856 2285064523 136 88767428 2383681771
======================
   8      48 sdd 5492199 0 1384968220 98878657 239564024 87270775 20433882304 2285678846 153 88772431 2384299808
======================
   8      48 sdd 5492205 0 1384968268 98879993 239566113 87270793 20435195640 2286281800 152 88777433 2384903405
======================
   8      48 sdd 5492210 0 1384968308 98880944 239568200 87270806 20436507784 2286916341 136 88782437 2385542195
======================
   8      48 sdd 5492215 0 1384968348 98882241 239570287 87270822 20437819320 2287525418 128 88787447 2386147877
======================
   8      48 sdd 5492221 0 1384968396 98883400 239572361 87270838 20439123168 2288126699 148 88792451 2386758006
======================
   8      48 sdd 5492226 0 1384968436 98884524 239574462 87270852 20440443648 2288751211 147 88797454 2387378282
======================
   8      48 sdd 5492231 0 1384968476 98885646 239576562 87270868 20441763376 2289375232 154 88802456 2388006644
======================
   8      48 sdd 5492237 0 1384968524 98886660 239578653 87270884 20443077976 2289999938 144 88807459 2388629855
======================
   8      48 sdd 5492242 0 1384968564 98887825 239580741 87270898 20444390768 2290612752 142 88812461 2389244181
======================
   8      48 sdd 5492247 0 1384968604 98889066 239582831 87270915 20445704232 2291227972 133 88817465 2389861765
======================
   8      48 sdd 5492253 0 1384968652 98890296 239584922 87270931 20447018960 2291866715 146 88822468 2390504056
======================
   8      48 sdd 5492258 0 1384968692 98891694 239587016 87270947 20448334720 2292464531 147 88827474 2391102765
======================
   8      48 sdd 5492263 0 1384968732 98892943 239589104 87270964 20449646272 2293069031 140 88832477 2391710080
======================
   8      48 sdd 5492269 0 1384968780 98894019 239591198 87270980 20450962920 2293694178 153 88837479 2392336545
======================
   8      48 sdd 5492274 0 1384968820 98895140 239593291 87270994 20452279544 2294319339 155 88842483 2392962202
======================
   8      48 sdd 5492279 0 1384968860 98896268 239595377 87271007 20453592184 2294925347 148 88847486 2393572544
======================
   8      48 sdd 5492285 0 1384968908 98897425 239597472 87271025 20454908096 2295531629 132 88852490 2394177154
======================
   8      48 sdd 5492290 0 1384968948 98898680 239599568 87271041 20456225392 2296141574 141 88857494 2394788254
======================
   8      48 sdd 5492295 0 1384968988 98900041 239601654 87271054 20457538160 2296725767 152 88862498 2395374391
======================
   8      48 sdd 5492301 0 1384969036 98901440 239603748 87271071 20458854056 2297312508 138 88867500 2395962276
======================
   8      48 sdd 5492306 0 1384969076 98902832 239605840 87271088 20460168672 2297925287 138 88872501 2396576293
======================
   8      48 sdd 5492311 0 1384969116 98904001 239607927 87271101 20461481952 2298557421 153 88877504 2397209795
======================
   8      48 sdd 5492317 0 1384969164 98904964 239610024 87271117 20462798752 2299193924 149 88882509 2397847166
======================
   8      48 sdd 5492322 0 1384969204 98906283 239612116 87271133 20464113864 2299801657 155 88887512 2398455254
======================
   8      48 sdd 5492327 0 1384969244 98907759 239614204 87271147 20465427288 2300394108 154 88892514 2399050213
======================
   8      48 sdd 5492333 0 1384969292 98908949 239616299 87271163 20466743184 2301012023 140 88897519 2399669122
======================
   8      48 sdd 5492338 0 1384969332 98910218 239618390 87271179 20468057912 2301614927 128 88902521 2400272410
======================
   8      48 sdd 5492343 0 1384969372 98911240 239620479 87271193 20469371848 2302245514 138 88907524 2400904675
======================
   8      48 sdd 5492349 0 1384969420 98912422 239622575 87271210 20470687256 2302856962 131 88912527 2401516912
======================
   8      48 sdd 5492354 0 1384969460 98913622 239624667 87271226 20472002624 2303462442 142 88917531 2402123991
======================
   8      48 sdd 5492359 0 1384969500 98914719 239626757 87271240 20473317328 2304090987 152 88922535 2402753234
======================
   8      48 sdd 5492365 0 1384969548 98915889 239628853 87271256 20474633232 2304703749 142 88927540 2403367449
======================
   8      48 sdd 5492370 0 1384969588 98916745 239630944 87271272 20475947832 2305352828 123 88932543 2404016449
======================
   8      48 sdd 5492375 0 1384969628 98918060 239633033 87271287 20477261904 2305981149 118 88937547 2404645845
======================
   8      48 sdd 5492381 0 1384969676 98919281 239635125 87271299 20478577744 2306608479 97 88942550 2405272738
======================
   8      48 sdd 5492386 0 1384969716 98920448 239637217 87271316 20479892360 2307216753 104 88947553 2405882161
======================
   8      48 sdd 5492391 0 1384969756 98921612 239639308 87271332 20481206456 2307835186 99 88952555 2406501809
======================
   8      48 sdd 5492397 0 1384969804 98922774 239641401 87271344 20482522936 2308454063 77 88957559 2407118756
======================
   8      48 sdd 5492402 0 1384969844 98924162 239643492 87271361 20483837168 2309050652 85 88962562 2407718463
======================
   8      48 sdd 5492407 0 1384969884 98925115 239645583 87271377 20485151264 2309681620 80 88967563 2408349462
======================
   8      48 sdd 5492414 0 1384969940 98926571 239647677 87271390 20486467632 2310277955 137 88972567 2408950742
======================
   8      48 sdd 5492419 0 1384969980 98927593 239649765 87271407 20487781584 2310906477 134 88977570 2409580939
======================
   8      48 sdd 5492423 0 1384970012 98928648 239651858 87271423 20489095824 2311521645 61 88982572 2410189707
======================
   8      48 sdd 5492430 0 1384970068 98930100 239653956 87271436 20490414752 2312116220 152 88987583 2410790089
======================
   8      48 sdd 5492434 0 1384970100 98930717 239656048 87271453 20491728864 2312773228 43 88992586 2411438649
======================
   8      48 sdd 5492439 0 1384970140 98931802 239658140 87271470 20493044240 2313404990 36 88997596 2412070320
======================
   8      48 sdd 5492445 0 1384970188 98932795 239660234 87271485 20494360624 2314032335 27 89002599 2412696319
======================
   8      48 sdd 5492451 0 1384970236 98934052 239662331 87271501 20495678056 2314673308 140 89007616 2413354293
======================
   8      48 sdd 5492455 0 1384970268 98935122 239664420 87271519 20496992024 2315312314 13 89012618 2413974723
======================
   8      48 sdd 5492462 0 1384970324 98936703 239666514 87271532 20498308016 2315923611 146 89017621 2414589053
======================
   8      48 sdd 5492467 0 1384970364 98938024 239668612 87271548 20499625704 2316530878 141 89022635 2415197925
======================
   8      48 sdd 5492473 0 1384970412 98939348 239670700 87271566 20500938656 2317140962 149 89027639 2415804204
======================
   8      48 sdd 5492478 0 1384970452 98940749 239672794 87271580 20502254528 2317738789 145 89032643 2416407991
======================
   8      48 sdd 5492483 0 1384970492 98941920 239674885 87271593 20503570872 2318337410 131 89037646 2417026520
======================
   8      48 sdd 5492489 0 1384970540 98943211 239676978 87271613 20504883752 2318962309 141 89042650 2417631366
======================
   8      48 sdd 5492494 0 1384970580 98944221 239679049 87271626 20506185912 2319582954 152 89047652 2418262160
======================
   8      48 sdd 5492499 0 1384970620 98945423 239681146 87271639 20507505464 2320204323 130 89052665 2418881573
======================
   8      48 sdd 5492505 0 1384970668 98946416 239683243 87271652 20508825904 2320839454 145 89057668 2419519406
======================
   8      48 sdd 5492510 0 1384970708 98947458 239685343 87271671 20510142368 2321458395 148 89062672 2420147984
======================
   8      48 sdd 5492515 0 1384970748 98948594 239687432 87271684 20511457056 2322077713 153 89067676 2420767596
======================
   8      48 sdd 5492521 0 1384970796 98949710 239689520 87271698 20512771616 2322697394 137 89072679 2421382661
======================
   8      48 sdd 5492526 0 1384970836 98950610 239691617 87271718 20514087816 2323326980 131 89077682 2422021360
======================
   8      48 sdd 5492531 0 1384970876 98952020 239693710 87271734 20515402936 2323945381 156 89082686 2422637964
======================
   8      48 sdd 5492537 0 1384970924 98953521 239695791 87271746 20516713128 2324556499 143 89087690 2423250896
======================
   8      48 sdd 5492542 0 1384970964 98954463 239697887 87271765 20518029800 2325187213 158 89092697 2423888579
======================
   8      48 sdd 5492547 0 1384971004 98955731 239699980 87271781 20519343296 2325812995 133 89097700 2424515903
======================
   8      48 sdd 5492553 0 1384971052 98957169 239702066 87271794 20520656568 2326414349 137 89102703 2425112903
======================
   8      48 sdd 5492558 0 1384971092 98958353 239704161 87271810 20521972592 2327035929 133 89107708 2425741549
======================
   8      48 sdd 5492563 0 1384971132 98959686 239706254 87271827 20523287216 2327646053 139 89112712 2426352798
======================
   8      48 sdd 5492569 0 1384971180 98961163 239708339 87271841 20524599352 2328233512 154 89117714 2426938040
started
======================
   8      48 sdd 5492765 0 1384988174 98961873 239709386 87271856 20525248568 2328555848 1 89120261 2427240331
======================
   8      48 sdd 5497279 0 1386144206 99037171 239709389 87271860 20525248624 2328555848 21 89125294 2427315827
======================
   8      48 sdd 5502560 0 1387496142 99116340 239709389 87271860 20525248624 2328555848 7 89130297 2427394803
======================
   8      48 sdd 5507861 0 1388853198 99195158 239709389 87271860 20525248624 2328555848 6 89135314 2427473669
======================
   8      48 sdd 5513152 0 1390207694 99277836 239709389 87271860 20525248624 2328555848 16 89140318 2427556371
======================
   8      48 sdd 5518374 0 1391544526 99360053 239709389 87271860 20525248624 2328555848 18 89145320 2427638643
======================
   8      48 sdd 5523631 0 1392890318 99442232 239709389 87271860 20525248624 2328555848 14 89150324 2427720747
======================
   8      48 sdd 5528901 0 1394239438 99522720 239709389 87271860 20525248624 2328555848 19 89155327 2427801259
======================
   8      48 sdd 5534169 0 1395588046 99604064 239709391 87271862 20525248656 2328555848 14 89160331 2427882602
======================
   8      48 sdd 5539436 0 1396936398 99684881 239709391 87271862 20525248656 2328555848 26 89165334 2427963421
======================
   8      48 sdd 5544719 0 1398288846 99764588 239709391 87271862 20525248656 2328555848 21 89170337 2428043261
======================
   8      48 sdd 5550001 0 1399641038 99846389 239709391 87271862 20525248656 2328555848 28 89175340 2428124946
======================
   8      48 sdd 5555284 0 1400993486 99930258 239709391 87271862 20525248656 2328555848 20 89180343 2428208760
======================
   8      48 sdd 5560566 0 1402345678 100012673 239709391 87271862 20525248656 2328555848 15 89185347 2428291199
======================
   8      48 sdd 5565851 0 1403698638 100095312 239709391 87271862 20525248656 2328555848 15 89190350 2428373800
======================
   8      48 sdd 5571139 0 1405052366 100177668 239709391 87271862 20525248656 2328555848 17 89195354 2428456152
======================
   8      48 sdd 5576427 0 1406406094 100259761 239709391 87271862 20525248656 2328555848 26 89200356 2428538317
======================
   8      48 sdd 5581714 0 1407759566 100340646 239709391 87271862 20525248656 2328555848 14 89205359 2428619004
======================
   8      48 sdd 5587007 0 1409114574 100422926 239709391 87271862 20525248656 2328555848 18 89210363 2428701373
======================
   8      48 sdd 5592298 0 1410469070 100504599 239709391 87271862 20525248656 2328555848 25 89215365 2428783091
======================
   8      48 sdd 5597586 0 1411822798 100587454 239709391 87271862 20525248656 2328555848 24 89220368 2428865901
======================
   8      48 sdd 5602870 0 1413175502 100670758 239709391 87271862 20525248656 2328555848 18 89225372 2428949233
======================
   8      48 sdd 5608151 0 1414527438 100753033 239709391 87271862 20525248656 2328555848 16 89230374 2429031508
======================
   8      48 sdd 5613436 0 1415880398 100836735 239709391 87271862 20525248656 2328555848 18 89235378 2429115180
======================
   8      48 sdd 5618718 0 1417232590 100919820 239709391 87271862 20525248656 2328555848 2 89240381 2429198133
======================
   8      48 sdd 5624000 0 1418584782 101002132 239709391 87271862 20525248656 2328555848 17 89245385 2429280560
======================
   8      48 sdd 5629283 0 1419937230 101082765 239709391 87271862 20525248656 2328555848 14 89250388 2429361169
======================
   8      48 sdd 5634571 0 1421290958 101166299 239709391 87271862 20525248656 2328555848 15 89255392 2429444817
======================
   8      48 sdd 5639859 0 1422644686 101251059 239709391 87271862 20525248656 2328555848 3 89260395 2429529354
======================
   8      48 sdd 5645148 0 1423998670 101334725 239709391 87271862 20525248656 2328555848 17 89265398 2429613094
======================
   8      48 sdd 5650437 0 1425352654 101418737 239709391 87271862 20525248656 2328555848 4 89270401 2429697016
======================
   8      48 sdd 5655727 0 1426707150 101501738 239709391 87271862 20525248656 2328555848 16 89275404 2429780096
======================
   8      48 sdd 5661018 0 1428061390 101583519 239709391 87271862 20525248656 2328555848 14 89280407 2429861885
======================
   8      48 sdd 5666309 0 1429415886 101666916 239709391 87271862 20525248656 2328555848 15 89285412 2429945285
======================
   8      48 sdd 5671604 0 1430771406 101748889 239709391 87271862 20525248656 2328555848 16 89290415 2430027254
======================
   8      48 sdd 5676897 0 1432126414 101831316 239709391 87271862 20525248656 2328555848 17 89295419 2430109652
======================
   8      48 sdd 5682189 0 1433481166 101914172 239709391 87271862 20525248656 2328555848 25 89300421 2430192500
======================
   8      48 sdd 5687479 0 1434835406 101994829 239709391 87271862 20525248656 2328555848 25 89305424 2430273124
======================
   8      48 sdd 5692767 0 1436189134 102077985 239709391 87271862 20525248656 2328555848 14 89310428 2430356285
======================
   8      48 sdd 5698055 0 1437542862 102161826 239709391 87271862 20525248656 2328555848 16 89315431 2430440115
======================
   8      48 sdd 5703341 0 1438896078 102245520 239709391 87271862 20525248656 2328555848 17 89320435 2430523849
======================
   8      48 sdd 5708624 0 1440248526 102328594 239709391 87271862 20525248656 2328555848 17 89325439 2430606855
======================
   8      48 sdd 5713907 0 1441600974 102412841 239709391 87271862 20525248656 2328555848 17 89330442 2430691033
======================
   8      48 sdd 5719192 0 1442953934 102493922 239709391 87271862 20525248656 2328555848 14 89335446 2430772206
======================
   8      48 sdd 5724477 0 1444306894 102576500 239709391 87271862 20525248656 2328555848 13 89340450 2430854766
======================
   8      48 sdd 5729760 0 1445659342 102659743 239709391 87271862 20525248656 2328555848 14 89345453 2430938006
======================
   8      48 sdd 5735042 0 1447011534 102743241 239709391 87271862 20525248656 2328555848 13 89350457 2431021550
======================
   8      48 sdd 5740323 0 1448363470 102824354 239709391 87271862 20525248656 2328555848 14 89355460 2431102616
======================
   8      48 sdd 5745605 0 1449715662 102906842 239709391 87271862 20525248656 2328555848 14 89360463 2431185062
======================
   8      48 sdd 5750884 0 1451067086 102989577 239709391 87271862 20525248656 2328555848 4 89365467 2431267744
======================
   8      48 sdd 5756169 0 1452420046 103073434 239709391 87271862 20525248656 2328555848 16 89370470 2431351665
======================
   8      48 sdd 5761453 0 1453772750 103157619 239709391 87271862 20525248656 2328555848 19 89375473 2431435868
======================
   8      48 sdd 5766742 0 1455126734 103240684 239709391 87271862 20525248656 2328555848 21 89380477 2431518943
======================
   8      48 sdd 5772028 0 1456479950 103324108 239709391 87271862 20525248656 2328555848 23 89385480 2431602350
======================
   8      48 sdd 5777317 0 1457833934 103407284 239709391 87271862 20525248656 2328555848 23 89390483 2431685543
======================
   8      48 sdd 5782604 0 1459187406 103490100 239709391 87271862 20525248656 2328555848 16 89395487 2431768285
======================
   8      48 sdd 5787894 0 1460541646 103573568 239709391 87271862 20525248656 2328555848 22 89400490 2431851767
======================
   8      48 sdd 5793187 0 1461896654 103660203 239709391 87271862 20525248656 2328555848 13 89405493 2431938432
======================
   8      48 sdd 5798478 0 1463251150 103743269 239709391 87271862 20525248656 2328555848 16 89410496 2432021488
======================
   8      48 sdd 5803771 0 1464606158 103825660 239709391 87271862 20525248656 2328555848 16 89415499 2432103839
======================
   8      48 sdd 5809063 0 1465960910 103909836 239709391 87271862 20525248656 2328555848 13 89420502 2432187974
======================
   8      48 sdd 5814357 0 1467316174 103992764 239709391 87271862 20525248656 2328555848 18 89425507 2432271062
======================
   8      48 sdd 5819646 0 1468670158 104075825 239709391 87271862 20525248656 2328555848 14 89430510 2432353885
======================
   8      48 sdd 5824934 0 1470023886 104158842 239709391 87271862 20525248656 2328555848 18 89435513 2432436977
======================
   8      48 sdd 5830221 0 1471377358 104240088 239709391 87271862 20525248656 2328555848 15 89440517 2432518201
======================
   8      48 sdd 5835505 0 1472730062 104323334 239709391 87271862 20525248656 2328555848 24 89445519 2432601490
======================
   8      48 sdd 5840791 0 1474083278 104406955 239709391 87271862 20525248656 2328555848 14 89450522 2432685043
======================
   8      48 sdd 5846075 0 1475435982 104489038 239709391 87271862 20525248656 2328555848 16 89455526 2432767173
======================
   8      48 sdd 5851359 0 1476788686 104572509 239709391 87271862 20525248656 2328555848 17 89460529 2432850606
======================
   8      48 sdd 5856641 0 1478140878 104656474 239709391 87271862 20525248656 2328555848 15 89465532 2432934604
======================
   8      48 sdd 5861924 0 1479493326 104740924 239709391 87271862 20525248656 2328555848 22 89470536 2433019046
======================
   8      48 sdd 5867206 0 1480845518 104824881 239709391 87271862 20525248656 2328555848 20 89475539 2433102976
======================
   8      48 sdd 5872489 0 1482197966 104909098 239709391 87271862 20525248656 2328555848 5 89480543 2433187045
======================
   8      48 sdd 5877771 0 1483550158 104992970 239709391 87271862 20525248656 2328555848 14 89485547 2433271043
======================
   8      48 sdd 5883052 0 1484902094 105075670 239709391 87271862 20525248656 2328555848 23 89490550 2433353746
======================
   8      48 sdd 5888336 0 1486254798 105160544 239709391 87271862 20525248656 2328555848 15 89495553 2433438576
======================
   8      48 sdd 5893625 0 1487608782 105245390 239709391 87271862 20525248656 2328555848 18 89500557 2433523515
======================
   8      48 sdd 5898912 0 1488962254 105329208 239709391 87271862 20525248656 2328555848 18 89505560 2433607301
======================
   8      48 sdd 5904204 0 1490317006 105411192 239709391 87271862 20525248656 2328555848 14 89510565 2433689205
======================
   8      48 sdd 5909495 0 1491671502 105492062 239709391 87271862 20525248656 2328555848 11 89515568 2433770063
======================
   8      48 sdd 5914785 0 1493025742 105574905 239709391 87271862 20525248656 2328555848 16 89520572 2433852858
======================
   8      48 sdd 5920073 0 1494379470 105658526 239709391 87271862 20525248656 2328555848 14 89525575 2433936546
======================
   8      48 sdd 5925367 0 1495734734 105743082 239709391 87271862 20525248656 2328555848 16 89530584 2434021069
======================
   8      48 sdd 5930653 0 1497087950 105827650 239709391 87271862 20525248656 2328555848 15 89535587 2434105633
======================
   8      48 sdd 5935937 0 1498440654 105912705 239709391 87271862 20525248656 2328555848 24 89540590 2434190839
======================
   8      48 sdd 5941224 0 1499794126 105996774 239709391 87271862 20525248656 2328555848 15 89545598 2434274795
======================
   8      48 sdd 5946506 0 1501146318 106082142 239709391 87271862 20525248656 2328555848 10 89550601 2434360081
======================
   8      48 sdd 5951790 0 1502499022 106166173 239709391 87271862 20525248656 2328555848 7 89555604 2434444099
======================
   8      48 sdd 5957082 0 1503853774 106247010 239709391 87271862 20525248656 2328555848 16 89560612 2434524978
======================
   8      48 sdd 5962370 0 1505207502 106331514 239709391 87271862 20525248656 2328555848 4 89565616 2434609391
======================
   8      48 sdd 5967660 0 1506561742 106413882 239709391 87271862 20525248656 2328555848 14 89570619 2434691828
======================
   8      48 sdd 5972954 0 1507917006 106499479 239709391 87271862 20525248656 2328555848 17 89575623 2434777408
======================
   8      48 sdd 5978250 0 1509272782 106583360 239709391 87271862 20525248656 2328555848 15 89580628 2434861336
======================
   8      48 sdd 5983540 0 1510627022 106663828 239709391 87271862 20525248656 2328555848 13 89585631 2434941735
