======================
   8      48 sdd 9505477 6353 2390873710 20899781 4002616 15781228 2518672672 1184976325 0 19245448 1205855444
======================
   8      48 sdd 9505488 6353 2390873798 20900944 4004772 15781228 2520031520 1185564638 148 19250177 1206473010
======================
   8      48 sdd 9505493 6353 2390873838 20902148 4006882 15781254 2521354440 1186202335 133 19255179 1207108142
======================
   8      48 sdd 9505499 6353 2390873886 20903311 4008973 15781267 2522670408 1186818611 132 19260182 1207725522
======================
   8      48 sdd 9505504 6353 2390873926 20904481 4011068 15781279 2523988040 1187440912 129 19265185 1208348795
======================
   8      48 sdd 9505509 6353 2390873966 20905532 4013157 15781292 2525302728 1188067402 115 19270188 1208975559
======================
   8      48 sdd 9505516 6353 2390874022 20906789 4015253 15781305 2526621640 1188678386 154 19275206 1209587222
======================
   8      48 sdd 9505520 6353 2390874054 20907712 4017343 15781317 2527936328 1189305694 96 19280209 1210214418
======================
   8      48 sdd 9505526 6353 2390874102 20909198 4019432 15781331 2529251024 1189925836 132 19285212 1210837937
======================
   8      48 sdd 9505532 6353 2390874150 20910516 4021519 15781344 2530564432 1190553662 140 19290215 1211463007
======================
   8      48 sdd 9505536 6353 2390874182 20911659 4023612 15781356 2531880784 1191171035 51 19295217 1212076111
======================
   8      48 sdd 9505541 6353 2390874222 20912974 4025701 15781369 2533195472 1191783446 45 19300220 1212688336
======================
   8      48 sdd 9505548 6353 2390874278 20914560 4027790 15781382 2534510160 1192376622 144 19305226 1213288483
======================
   8      48 sdd 9505552 6353 2390874310 20915704 4029883 15781395 2535826144 1192987004 31 19310229 1213891339
======================
   8      48 sdd 9505557 6353 2390874350 20917093 4031971 15781408 2537139936 1193587728 26 19315232 1214492209
======================
   8      48 sdd 9505564 6353 2390874406 20918716 4034060 15781421 2538454624 1194186769 138 19320234 1215105492
======================
   8      48 sdd 9505569 6353 2390874446 20919879 4036154 15781433 2539771872 1194810937 135 19325236 1215718287
======================
   8      48 sdd 9505574 6353 2390874486 20921226 4038242 15781446 2541085920 1195407808 142 19330238 1216315509
======================
   8      48 sdd 9505580 6353 2390874534 20922315 4040336 15781460 2542403560 1196043770 150 19335242 1216968300
======================
   8      48 sdd 9505585 6353 2390874574 20923481 4042431 15781472 2543721448 1196674868 140 19340246 1217592286
======================
   8      48 sdd 9505590 6353 2390874614 20924874 4044518 15781485 2545034856 1197287264 139 19345250 1218207051
======================
   8      48 sdd 9505596 6353 2390874662 20925902 4046611 15781498 2546351848 1197904704 157 19350254 1218834074
======================
   8      48 sdd 9505601 6353 2390874702 20927139 4048702 15781510 2547667176 1198529227 148 19355256 1219455403
======================
   8      48 sdd 9505606 6353 2390874742 20928235 4050792 15781523 2548982504 1199148277 134 19360258 1220080775
======================
   8      48 sdd 9505612 6353 2390874790 20929132 4052882 15781536 2550297576 1199782517 143 19365261 1220715611
======================
   8      48 sdd 9505617 6353 2390874830 20930029 4054977 15781549 2551614840 1200418214 149 19370266 1221352820
======================
   8      48 sdd 9505622 6353 2390874870 20931147 4057067 15781562 2552930168 1201039637 144 19375268 1221975246
======================
   8      48 sdd 9505628 6353 2390874918 20932351 4059158 15781575 2554245880 1201644228 150 19380271 1222580336
======================
   8      48 sdd 9505633 6353 2390874958 20933478 4061251 15781587 2555562488 1202258796 149 19385273 1223196174
======================
   8      48 sdd 9505638 6353 2390874998 20934567 4063341 15781600 2556877816 1202877476 149 19390275 1223816219
======================
   8      48 sdd 9505644 6353 2390875046 20935825 4065431 15781614 2558193152 1203509841 156 19395278 1224449385
======================
   8      48 sdd 9505649 6353 2390875086 20937140 4067526 15781626 2559510784 1204138575 138 19400284 1225079630
======================
   8      48 sdd 9505654 6353 2390875126 20938302 4069616 15781639 2560826112 1204758822 133 19405287 1225701210
======================
   8      48 sdd 9505660 6353 2390875174 20939517 4071705 15781652 2562140800 1205366295 132 19410291 1226309257
======================
   8      48 sdd 9505665 6353 2390875214 20940997 4073798 15781664 2563457792 1205961645 135 19415295 1226906395
======================
   8      48 sdd 9505670 6353 2390875254 20942398 4075888 15781677 2564772480 1206561839 129 19420299 1227507513
======================
   8      48 sdd 9505676 6353 2390875302 20943653 4077979 15781690 2566088448 1207173116 139 19425302 1228120600
======================
   8      48 sdd 9505681 6353 2390875342 20944783 4080074 15781703 2567405456 1207792823 141 19430306 1228741207
======================
   8      48 sdd 9505686 6353 2390875382 20945981 4082163 15781716 2568720144 1208411254 130 19435310 1229360567
======================
   8      48 sdd 9505692 6353 2390875430 20947052 4084248 15781729 2570032272 1209024381 154 19440313 1229974993
======================
   8      48 sdd 9505697 6353 2390875470 20948254 4086342 15781741 2571349520 1209632824 157 19445317 1230584475
======================
   8      48 sdd 9505702 6353 2390875510 20949385 4088432 15781754 2572664592 1210252759 132 19450320 1231205519
======================
   8      48 sdd 9505708 6353 2390875558 20950344 4090522 15781767 2573979920 1210875543 132 19455323 1231829493
======================
   8      48 sdd 9505713 6353 2390875598 20951512 4092617 15781780 2575297816 1211519466 140 19460325 1232474526
======================
   8      48 sdd 9505718 6353 2390875638 20952685 4094707 15781793 2576612888 1212157760 146 19465328 1233114009
======================
   8      48 sdd 9505724 6353 2390875686 20953994 4096796 15781806 2577927576 1212783290 150 19470330 1233740357
======================
   8      48 sdd 9505729 6353 2390875726 20955087 4098879 15781819 2579238424 1213413691 124 19475334 1234372184
======================
   8      48 sdd 9505734 6353 2390875766 20956426 4100953 15781832 2580543768 1214015489 133 19480337 1234975100
======================
   8      48 sdd 9505740 6353 2390875814 20957783 4103051 15781846 2581863336 1214611239 119 19485340 1235571724
======================
   8      48 sdd 9505745 6353 2390875854 20959178 4105151 15781859 2583184808 1215207977 102 19490344 1236168241
======================
   8      48 sdd 9505750 6353 2390875894 20960297 4107241 15781872 2584500136 1215829495 95 19495347 1236790300
======================
   8      48 sdd 9505756 6353 2390875942 20961653 4109331 15781885 2585815336 1216425392 88 19500348 1237386456
======================
   8      48 sdd 9505761 6353 2390875982 20962778 4111424 15781898 2587132456 1217047216 78 19505352 1238008012
======================
   8      48 sdd 9505766 6353 2390876022 20963870 4113513 15781911 2588447144 1217667046 72 19510355 1238628369
======================
   8      48 sdd 9505772 6353 2390876070 20965323 4115603 15781924 2589762472 1218254581 65 19515359 1239216010
======================
   8      48 sdd 9505777 6353 2390876110 20966654 4117688 15781937 2591074600 1218852280 63 19520364 1239814698
======================
   8      48 sdd 9505782 6353 2390876150 20967799 4119762 15781950 2592379688 1219461799 72 19525370 1240427036
======================
   8      48 sdd 9505789 6353 2390876206 20969103 4121861 15781963 2593700776 1220066559 130 19530373 1241038288
======================
   8      48 sdd 9505794 6353 2390876246 20970340 4123962 15781977 2595022896 1220707040 143 19535376 1241680371
======================
   8      48 sdd 9505799 6353 2390876286 20971660 4126051 15781990 2596337584 1221335182 131 19540378 1242307516
======================
   8      48 sdd 9505805 6353 2390876334 20972946 4128142 15782003 2597653904 1221944654 157 19545381 1242917620
======================
   8      48 sdd 9505810 6353 2390876374 20974188 4130237 15782012 2598971160 1222564864 142 19550384 1243534722
======================
   8      48 sdd 9505815 6353 2390876414 20975509 4132326 15782029 2600285848 1223183202 130 19555387 1244148192
======================
   8      48 sdd 9505821 6353 2390876462 20976806 4134417 15782038 2601601560 1223788477 146 19560391 1244757668
======================
   8      48 sdd 9505826 6353 2390876502 20977994 4136511 15782054 2602918208 1224391015 139 19565395 1245372681
======================
   8      48 sdd 9505831 6353 2390876542 20979123 4138601 15782063 2604234136 1225007665 138 19570398 1245987377
======================
   8      48 sdd 9505837 6353 2390876590 20980450 4140691 15782076 2605549208 1225609317 142 19575401 1246588654
======================
   8      48 sdd 9505842 6353 2390876630 20981569 4142785 15782088 2606866456 1226231026 137 19580405 1247212037
======================
   8      48 sdd 9505847 6353 2390876670 20983040 4144877 15782102 2608183072 1226848980 129 19585415 1247832382
======================
   8      48 sdd 9505853 6353 2390876718 20984354 4146966 15782115 2609497128 1227478927 128 19590422 1248463855
======================
   8      48 sdd 9505858 6353 2390876758 20985518 4149058 15782127 2610812840 1228114670 142 19595425 1249099127
======================
   8      48 sdd 9505863 6353 2390876798 20986689 4151145 15782140 2612127440 1228749023 41 19600428 1249726296
======================
   8      48 sdd 9505869 6353 2390876846 20987920 4153234 15782154 2613442128 1229358295 61 19605432 1250340596
======================
   8      48 sdd 9505874 6353 2390876886 20989086 4155326 15782166 2614757472 1229978060 80 19610435 1250965591
======================
   8      48 sdd 9505879 6353 2390876926 20990410 4157414 15782179 2616071264 1230578904 101 19615439 1251570135
======================
   8      48 sdd 9505885 6353 2390876974 20991906 4159504 15782192 2617386592 1231165295 120 19620442 1252159813
======================
   8      48 sdd 9505890 6353 2390877014 20992926 4161596 15782204 2618702560 1231791477 138 19625445 1252787500
======================
   8      48 sdd 9505895 6353 2390877054 20994024 4163684 15782217 2620016608 1232415489 133 19630448 1253412378
======================
   8      48 sdd 9505901 6353 2390877102 20995245 4165772 15782221 2621330400 1233021744 132 19635450 1254020575
======================
   8      48 sdd 9505906 6353 2390877142 20996501 4167867 15782233 2622648288 1233632723 136 19640454 1254632433
======================
   8      48 sdd 9505911 6353 2390877182 20997679 4169957 15782246 2623963616 1234249763 143 19645459 1255251010
======================
   8      48 sdd 9505917 6353 2390877230 20999009 4172046 15782259 2625278048 1234845012 143 19650463 1255847823
======================
   8      48 sdd 9505922 6353 2390877270 21000291 4174138 15782271 2626594016 1235450235 148 19655465 1256454222
======================
   8      48 sdd 9505927 6353 2390877310 21001382 4176228 15782284 2627909344 1236066473 146 19660469 1257071800
======================
   8      48 sdd 9505933 6353 2390877358 21002333 4178318 15782297 2629224672 1236692502 151 19665473 1257698478
======================
   8      48 sdd 9505938 6353 2390877398 21003509 4180412 15782310 2630541040 1237307728 138 19670476 1258314668
======================
   8      48 sdd 9505943 6353 2390877438 21004752 4182502 15782325 2631856384 1237927016 136 19675480 1258935340
======================
   8      48 sdd 9505949 6353 2390877486 21005802 4184593 15782338 2633172352 1238552700 158 19680482 1259561604
======================
   8      48 sdd 9505954 6353 2390877526 21006888 4186690 15782350 2634491264 1239183880 133 19685492 1260193584
======================
   8      48 sdd 9505959 6353 2390877566 21008285 4188780 15782363 2635806592 1239794751 142 19690495 1260806752
======================
   8      48 sdd 9505965 6353 2390877614 21009317 4190871 15782376 2637122560 1240421871 131 19695498 1261434215
======================
   8      48 sdd 9505970 6353 2390877654 21010480 4192964 15782388 2638438912 1241045643 151 19700501 1262059179
======================
   8      48 sdd 9505975 6353 2390877694 21011567 4195054 15782401 2639754240 1241672403 137 19705505 1262687173
======================
   8      48 sdd 9505981 6353 2390877742 21013013 4197148 15782414 2641072128 1242258118 133 19710513 1263274149
======================
   8      48 sdd 9505986 6353 2390877782 21013987 4199240 15782426 2642387840 1242894018 125 19715516 1263910411
======================
   8      48 sdd 9505991 6353 2390877822 21015319 4201329 15782439 2643702528 1243490596 119 19720520 1264508217
started
======================
   8      48 sdd 9506055 6353 2390878328 21015903 4202632 15782462 2644514352 1243869897 0 19723608 1264864303
======================
   8      48 sdd 9510221 6362 2391842976 21025365 4202632 15782462 2644514352 1243869897 1 19728256 1264873805
======================
   8      48 sdd 9515441 6370 2393074336 21035459 4202635 15782464 2644514392 1243869897 2 19733259 1264883940
======================
   8      48 sdd 9520711 6380 2394307232 21045639 4202635 15782464 2644514392 1243869897 1 19738262 1264894127
======================
   8      48 sdd 9525978 6391 2395542432 21055773 4202635 15782464 2644514392 1243869897 1 19743267 1264904286
======================
   8      48 sdd 9531213 6399 2396776352 21065874 4202635 15782464 2644514392 1243869897 1 19748270 1264914421
======================
   8      48 sdd 9536439 6411 2398007200 21075967 4202635 15782464 2644514392 1243869897 2 19753269 1264924526
======================
   8      48 sdd 9541684 6427 2399248256 21086029 4202635 15782464 2644514392 1243869897 2 19758273 1264934603
======================
   8      48 sdd 9547013 6441 2400500352 21096192 4202635 15782464 2644514392 1243869897 2 19763294 1264944823
======================
   8      48 sdd 9552327 6463 2401748440 21106309 4202637 15782464 2644514408 1243869897 2 19768298 1264954950
======================
   8      48 sdd 9557655 6478 2402997888 21116511 4202637 15782464 2644514408 1243869897 2 19773302 1264965215
======================
   8      48 sdd 9562960 6496 2404246912 21126600 4202637 15782464 2644514408 1243869897 2 19778303 1264975316
======================
   8      48 sdd 9568201 6505 2405494144 21136602 4202637 15782464 2644514408 1243869897 2 19783304 1264985322
======================
   8      48 sdd 9573486 6522 2406740584 21146712 4202637 15782464 2644514408 1243869897 1 19788314 1264995490
======================
   8      48 sdd 9578683 6535 2407973480 21156751 4202637 15782464 2644514408 1243869897 2 19793323 1265005579
======================
   8      48 sdd 9583895 6548 2409207656 21166807 4202637 15782464 2644514408 1243869897 2 19798328 1265015658
======================
   8      48 sdd 9589157 6563 2410440040 21176939 4202637 15782464 2644514408 1243869897 2 19803331 1265025827
======================
   8      48 sdd 9594329 6577 2411669608 21186894 4202637 15782464 2644514408 1243869897 3 19808334 1265035800
======================
   8      48 sdd 9599527 6594 2412900968 21196989 4202637 15782464 2644514408 1243869897 2 19813338 1265045944
======================
   8      48 sdd 9604749 6611 2414133864 21207038 4202637 15782464 2644514408 1243869897 2 19818340 1265056043
======================
   8      48 sdd 9609994 6628 2415365688 21217170 4202637 15782464 2644514408 1243869897 2 19823343 1265066223
======================
   8      48 sdd 9615234 6653 2416598608 21227276 4202637 15782464 2644514408 1243869897 2 19828346 1265076353
======================
   8      48 sdd 9620556 6678 2417837984 21237423 4202637 15782464 2644514408 1243869897 2 19833350 1265086521
======================
   8      48 sdd 9625890 6689 2419069344 21247688 4202637 15782464 2644514408 1243869897 2 19838354 1265096894
======================
   8      48 sdd 9631169 6708 2420300448 21257847 4202637 15782464 2644514408 1243869897 2 19843357 1265107073
======================
   8      48 sdd 9636443 6725 2421533600 21267994 4202637 15782464 2644514408 1243869897 2 19848361 1265117254
======================
   8      48 sdd 9641729 6741 2422768800 21278134 4202637 15782464 2644514408 1243869897 2 19853365 1265127418
======================
   8      48 sdd 9646994 6760 2424002976 21288263 4202637 15782464 2644514408 1243869897 2 19858368 1265137586
======================
   8      48 sdd 9652278 6776 2425234360 21298440 4202637 15782464 2644514408 1243869897 3 19863370 1265147795
======================
   8      48 sdd 9657621 6791 2426467744 21308707 4202637 15782464 2644514408 1243869897 2 19868385 1265158087
======================
   8      48 sdd 9662988 6803 2427699616 21319027 4202637 15782464 2644514408 1243869897 2 19873387 1265168463
======================
   8      48 sdd 9668323 6815 2428932256 21329222 4202637 15782464 2644514408 1243869897 2 19878390 1265178684
======================
   8      48 sdd 9673573 6824 2430167968 21339294 4202637 15782464 2644514408 1243869897 2 19883393 1265188774
======================
   8      48 sdd 9678830 6835 2431401120 21349428 4202637 15782464 2644514408 1243869897 4 19888397 1265198949
======================
   8      48 sdd 9684091 6849 2432632480 21359567 4202637 15782464 2644514408 1243869897 2 19893400 1265209133
======================
   8      48 sdd 9689392 6861 2433863072 21369770 4202637 15782464 2644514408 1243869897 2 19898403 1265219379
======================
   8      48 sdd 9694646 6874 2435096480 21379900 4202637 15782464 2644514408 1243869897 2 19903408 1265229535
======================
   8      48 sdd 9700063 6893 2436331424 21390228 4202637 15782464 2644514408 1243869897 2 19908412 1265239914
======================
   8      48 sdd 9705369 6914 2437567136 21400346 4202637 15782464 2644514408 1243869897 2 19913415 1265250050
======================
   8      48 sdd 9710662 6924 2438798496 21410539 4202637 15782464 2644514408 1243869897 2 19918418 1265260254
======================
   8      48 sdd 9715993 6938 2440029856 21420756 4202637 15782464 2644514408 1243869897 2 19923421 1265270495
======================
   8      48 sdd 9721291 6952 2441261728 21430940 4202637 15782464 2644514408 1243869897 2 19928425 1265280727
======================
   8      48 sdd 9726602 6971 2442495392 21441144 4202637 15782464 2644514408 1243869897 2 19933428 1265291009
======================
   8      48 sdd 9731941 6987 2443733664 21451385 4202637 15782464 2644514408 1243869897 2 19938443 1265301257
======================
   8      48 sdd 9737171 6999 2444966816 21461470 4202637 15782464 2644514408 1243869897 2 19943446 1265311350
======================
   8      48 sdd 9742431 7014 2446198688 21471609 4202637 15782464 2644514408 1243869897 2 19948449 1265321501
======================
   8      48 sdd 9747698 7029 2447429536 21481776 4202637 15782464 2644514408 1243869897 2 19953450 1265331745
======================
   8      48 sdd 9753037 7051 2448661664 21491997 4202637 15782464 2644514408 1243869897 2 19958453 1265342004
======================
   8      48 sdd 9758323 7068 2449895072 21502151 4202637 15782464 2644514408 1243869897 4 19963457 1265352193
======================
   8      48 sdd 9763608 7079 2451131296 21512313 4202637 15782464 2644514408 1243869897 1 19968460 1265362366
======================
   8      48 sdd 9768833 7090 2452365984 21522399 4202637 15782464 2644514408 1243869897 2 19973474 1265372473
======================
   8      48 sdd 9773993 7096 2453597344 21532371 4202637 15782464 2644514408 1243869897 2 19978477 1265382459
======================
   8      48 sdd 9779244 7114 2454828448 21542506 4202637 15782464 2644514408 1243869897 2 19983480 1265392606
======================
   8      48 sdd 9784559 7128 2456061600 21552714 4202637 15782464 2644514408 1243869897 2 19988483 1265402854
======================
   8      48 sdd 9789839 7148 2457295776 21562880 4202637 15782464 2644514408 1243869897 2 19993486 1265413031
======================
   8      48 sdd 9795113 7163 2458531232 21573031 4202637 15782464 2644514408 1243869897 2 19998489 1265423189
======================
   8      48 sdd 9800408 7183 2459762592 21583208 4202637 15782464 2644514408 1243869897 11 20003492 1265433414
======================
   8      48 sdd 9805662 7192 2460993184 21593327 4202637 15782464 2644514408 1243869897 2 20008496 1265443562
======================
   8      48 sdd 9810929 7209 2462224544 21603503 4202637 15782464 2644514408 1243869897 2 20013501 1265453775
======================
   8      48 sdd 9816177 7223 2463458208 21613589 4202637 15782464 2644514408 1243869897 2 20018504 1265463874
======================
   8      48 sdd 9821524 7241 2464694176 21623831 4202637 15782464 2644514408 1243869897 2 20023509 1265474127
======================
   8      48 sdd 9826804 7254 2465928096 21633998 4202637 15782464 2644514408 1243869897 2 20028512 1265484374
======================
   8      48 sdd 9832101 7273 2467159712 21644167 4202637 15782464 2644514408 1243869897 2 20033515 1265494582
======================
   8      48 sdd 9837386 7288 2468390560 21654345 4202637 15782464 2644514408 1243869897 2 20038518 1265504816
======================
   8      48 sdd 9842716 7304 2469623456 21664587 4202637 15782464 2644514408 1243869897 1 20043523 1265515067
======================
   8      48 sdd 9847972 7312 2470856864 21674691 4202637 15782464 2644514408 1243869897 2 20048527 1265525210
======================
   8      48 sdd 9853251 7327 2472092576 21684813 4202637 15782464 2644514408 1243869897 2 20053530 1265535357
======================
   8      48 sdd 9858624 7341 2473324960 21695059 4202637 15782464 2644514408 1243869897 7 20058534 1265545645
======================
   8      48 sdd 9863905 7353 2474556064 21705222 4202637 15782464 2644514408 1243869897 2 20063538 1265555831
======================
   8      48 sdd 9869240 7364 2475786928 21715464 4202637 15782464 2644514408 1243869897 2 20068542 1265566076
======================
   8      48 sdd 9874556 7382 2477019808 21725671 4202637 15782464 2644514408 1243869897 1 20073545 1265576333
======================
   8      48 sdd 9879922 7399 2478254752 21735919 4202637 15782464 2644514408 1243869897 2 20078551 1265586602
======================
   8      48 sdd 9885266 7412 2479489440 21746177 4202637 15782464 2644514408 1243869897 2 20083554 1265596928
======================
   8      48 sdd 9890583 7424 2480720552 21756417 4202637 15782464 2644514408 1243869897 2 20088558 1265607196
======================
   8      48 sdd 9895805 7439 2481951960 21766474 4202637 15782464 2644514408 1243869897 3 20093561 1265617273
======================
   8      48 sdd 9901026 7452 2483183784 21776561 4202637 15782464 2644514408 1243869897 2 20098565 1265627400
======================
   8      48 sdd 9906296 7468 2484417448 21786693 4202637 15782464 2644514408 1243869897 2 20103568 1265637594
======================
   8      48 sdd 9911599 7478 2485653160 21796851 4202637 15782464 2644514408 1243869897 2 20108572 1265647820
======================
   8      48 sdd 9917017 7503 2486889896 21807198 4202637 15782464 2644514408 1243869897 2 20113586 1265658195
======================
   8      48 sdd 9922278 7511 2488104872 21817434 4202637 15782464 2644514408 1243869897 2 20118590 1265668445
======================
   8      48 sdd 9927568 7542 2489305000 21827757 4202637 15782464 2644514408 1243869897 2 20123587 1265678815
======================
   8      48 sdd 9932899 7567 2490517992 21838035 4202637 15782464 2644514408 1243869897 2 20128578 1265689132
======================
   8      48 sdd 9938263 7591 2491735464 21848320 4202637 15782464 2644514408 1243869897 2 20133564 1265699445
======================
   8      48 sdd 9943519 7616 2492942408 21858478 4202637 15782464 2644514408 1243869897 1 20138559 1265709628
======================
   8      48 sdd 9948906 7639 2494155008 21868868 4202637 15782464 2644514408 1243869897 2 20143554 1265720059
======================
   8      48 sdd 9954149 7661 2495372136 21879020 4202637 15782464 2644514408 1243869897 2 20148567 1265730233
======================
   8      48 sdd 9959505 7688 2496580552 21889305 4202637 15782464 2644514408 1243869897 2 20153561 1265740552
======================
   8      48 sdd 9964899 7716 2497792864 21899689 4202637 15782464 2644514408 1243869897 2 20158552 1265751059
======================
   8      48 sdd 9970227 7737 2498999240 21909959 4202637 15782464 2644514408 1243869897 2 20163540 1265761370
======================
   8      48 sdd 9975663 7762 2500209664 21920407 4202637 15782464 2644514408 1243869897 2 20168529 1265771858
======================
   8      48 sdd 9980980 7791 2501420456 21930655 4202637 15782464 2644514408 1243869897 2 20173522 1265782122
======================
   8      48 sdd 9986401 7813 2502645792 21941029 4202637 15782464 2644514408 1243869897 1 20178521 1265792552
======================
   8      48 sdd 9991794 7831 2503898656 21951199 4202637 15782464 2644514408 1243869897 2 20183526 1265802755
======================
   8      48 sdd 9997176 7858 2505151008 21961354 4202637 15782464 2644514408 1243869897 2 20188531 1265812934
======================
   8      48 sdd 10002592 7884 2506403616 21971584 4202637 15782464 2644514408 1243869897 2 20193534 1265823206
======================
   8      48 sdd 10008015 7903 2507655968 21981832 4202637 15782464 2644514408 1243869897 2 20198537 1265833514
======================
   8      48 sdd 10013348 7918 2508908064 21991938 4202637 15782464 2644514408 1243869897 2 20203541 1265843663
======================
   8      48 sdd 10018760 7942 2510160416 22002175 4202637 15782464 2644514408 1243869897 2 20208544 1265853954
======================
   8      48 sdd 10024186 7965 2511412512 22012395 4202637 15782464 2644514408 1243869897 2 20213548 1265864238
======================
   8      48 sdd 10029615 7985 2512667168 22022639 4202637 15782464 2644514408 1243869897 2 20218559 1265874514
======================
   8      48 sdd 10035018 8009 2513919520 22032835 4202637 15782464 2644514408 1243869897 2 20223561 1265884722
======================
   8      48 sdd 10040396 8027 2515172128 22043030 4202637 15782464 2644514408 1243869897 2 20228564 1265894928
======================
   8      48 sdd 10045814 8049 2516424736 22053243 4202637 15782464 2644514408 1243869897 2 20233569 1265905183
