======================
   8      16 sdb 23560 0 188228 5222746 15478917 20075092 4888645312 3484116556 32 27420168 3489295029
======================
   8      16 sdb 23685 0 189228 5233295 15481162 20075092 4890060096 3484601656 149 27425057 3489812359
======================
   8      16 sdb 23691 0 189276 5234981 15483561 20075118 4891565160 3485205685 128 27430060 3490415754
======================
   8      16 sdb 23698 0 189332 5237110 15485993 20075133 4893096056 3485732808 141 27435063 3490945356
======================
   8      16 sdb 23704 0 189380 5238845 15488404 20075147 4894612872 3486323838 155 27440065 3491536240
======================
   8      16 sdb 23710 0 189428 5240187 15490807 20075162 4896125464 3486925707 139 27445067 3492135571
======================
   8      16 sdb 23716 0 189476 5242045 15493202 20075177 4897632936 3487477678 118 27450069 3492694373
======================
   8      16 sdb 23722 0 189524 5243813 15495612 20075192 4899149752 3488037599 155 27455070 3493256414
======================
   8      16 sdb 23729 0 189580 5246010 15498003 20075207 4900654920 3488563577 141 27460072 3493780915
======================
   8      16 sdb 23735 0 189628 5247769 15500408 20075221 4902167896 3489152555 141 27465075 3494359463
======================
   8      16 sdb 23740 0 189668 5249067 15502822 20075236 4903687272 3489760085 53 27470078 3494977665
======================
   8      16 sdb 23747 0 189724 5251060 15505259 20075252 4905220744 3490305787 116 27475080 3495531378
======================
   8      16 sdb 23753 0 189772 5253000 15507667 20075267 4906736280 3490863755 145 27480082 3496092996
======================
   8      16 sdb 23759 0 189820 5254918 15509956 20075282 4908176936 3491426758 1 27485086 3496636916
======================
   8      16 sdb 23766 0 189876 5256993 15512488 20075296 4909770168 3491962817 138 27490088 3497188841
======================
   8      16 sdb 23772 0 189924 5258775 15514901 20075311 4911289160 3492517916 145 27495091 3497743819
======================
   8      16 sdb 23778 0 189972 5260650 15517264 20075326 4912776408 3493055241 146 27500094 3498291284
======================
   8      16 sdb 23784 0 190020 5262229 15519681 20075341 4914297576 3493654584 131 27505098 3498894309
======================
   8      16 sdb 23790 0 190068 5264037 15522115 20075356 4915829624 3494231647 141 27510101 3499472521
======================
   8      16 sdb 23797 0 190124 5265987 15524507 20075370 4917334792 3494775105 145 27515103 3500002303
======================
   8      16 sdb 23802 0 190164 5267304 15526938 20075385 4918864792 3495352818 72 27520106 3500592067
======================
   8      16 sdb 23809 0 190220 5269430 15529338 20075401 4920374840 3495887692 139 27525107 3501132715
======================
   8      16 sdb 23815 0 190268 5271096 15531756 20075416 4921896776 3496456349 151 27530109 3501705087
======================
   8      16 sdb 23821 0 190316 5272822 15534178 20075431 4923421272 3497036344 146 27535113 3502287105
======================
   8      16 sdb 23827 0 190364 5274769 15536529 20075445 4924900456 3497580900 37 27540115 3502820258
======================
   8      16 sdb 23833 0 190412 5276590 15538919 20075460 4926404728 3498147678 146 27545118 3503402163
======================
   8      16 sdb 23839 0 190460 5278743 15541144 20075460 4927806712 3498698749 1 27550120 3503932552
======================
   8      16 sdb 23845 0 190508 5280308 15543641 20075475 4929378696 3499274961 3 27555122 3504511081
======================
   8      16 sdb 23851 0 190556 5281805 15546037 20075490 4930886808 3499880092 106 27560123 3505137715
======================
   8      16 sdb 23858 0 190612 5284084 15548383 20075505 4932363176 3500393522 145 27565124 3505655283
======================
   8      16 sdb 23864 0 190660 5285716 15550781 20075519 4933871928 3500989400 152 27570125 3506252758
======================
   8      16 sdb 23869 0 190700 5287342 15553174 20075534 4935378120 3501570722 51 27575128 3506825284
======================
   8      16 sdb 23876 0 190756 5289437 15555535 20075550 4936863720 3502103862 133 27580130 3507370730
======================
   8      16 sdb 23882 0 190804 5290949 15557922 20075565 4938366072 3502689947 130 27585134 3507957535
======================
   8      16 sdb 23888 0 190852 5292762 15560287 20075580 4939854600 3503228285 20 27590137 3508481370
======================
   8      16 sdb 23894 0 190900 5294496 15562686 20075593 4941363984 3503806843 121 27595139 3509078037
======================
   8      16 sdb 23900 0 190948 5296130 15565078 20075606 4942869520 3504378184 143 27600141 3509650111
======================
   8      16 sdb 23905 0 190988 5297761 15567441 20075621 4944356768 3504940991 155 27605142 3510215946
======================
   8      16 sdb 23910 0 191028 5298830 15569839 20075635 4945865520 3505567609 24 27610144 3510827826
======================
   8      16 sdb 23916 0 191076 5300658 15572222 20075650 4947365568 3506139271 140 27615147 3511414675
======================
   8      16 sdb 23923 0 191132 5302587 15574572 20075664 4948844112 3506694977 155 27620149 3511975536
======================
   8      16 sdb 23928 0 191172 5304064 15576918 20075679 4950320480 3507288466 1 27625151 3512547650
======================
   8      16 sdb 23935 0 191228 5306057 15579271 20075694 4951801584 3507845229 147 27630154 3513129516
======================
   8      16 sdb 23941 0 191276 5307937 15581646 20075709 4953295248 3508404626 154 27635155 3513680770
======================
   8      16 sdb 23946 0 191316 5309101 15584001 20075722 4954777360 3509006760 1 27640158 3514270915
======================
   8      16 sdb 23953 0 191372 5311195 15586317 20075736 4956234656 3509517424 142 27645159 3514805984
======================
   8      16 sdb 23959 0 191420 5312818 15588690 20075751 4957728048 3510100154 149 27650163 3515388642
======================
   8      16 sdb 23964 0 191460 5314348 15591039 20075765 4959206584 3510707029 45 27655165 3515987002
======================
   8      16 sdb 23971 0 191516 5316260 15593394 20075777 4960688184 3511239378 139 27660168 3516531183
======================
   8      16 sdb 23977 0 191564 5317990 15595746 20075792 4962168520 3511834628 157 27665171 3517115790
======================
   8      16 sdb 23983 0 191612 5319584 15598106 20075807 4963654104 3512402934 60 27670174 3517691705
======================
   8      16 sdb 23989 0 191660 5321285 15600457 20075822 4965133672 3512964224 137 27675176 3518260726
======================
   8      16 sdb 23995 0 191708 5322748 15602815 20075836 4966617968 3513560938 157 27680179 3518856633
======================
   8      16 sdb 24001 0 191756 5324677 15605145 20075849 4968083072 3514077736 104 27685182 3519375797
======================
   8      16 sdb 24007 0 191804 5326334 15607445 20075864 4969530768 3514652308 149 27690185 3519954093
======================
   8      16 sdb 24012 0 191844 5327688 15609743 20075877 4970977168 3515230853 88 27695187 3520531529
======================
   8      16 sdb 24019 0 191900 5330005 15612032 20075891 4972417184 3515744277 141 27700191 3521049336
======================
   8      16 sdb 24025 0 191948 5331593 15614325 20075906 4973860400 3516341456 151 27705191 3521643709
======================
   8      16 sdb 24031 0 191996 5333492 15616613 20075915 4975301000 3516850208 158 27710193 3522160029
======================
   8      16 sdb 24036 0 192036 5335166 15618906 20075934 4976743616 3517430166 64 27715197 3522734597
======================
   8      16 sdb 24042 0 192084 5337037 15621204 20075945 4978190632 3517994272 135 27720200 3523306855
======================
   8      16 sdb 24048 0 192132 5338601 15623486 20075959 4979627360 3518583939 39 27725203 3523886882
======================
   8      16 sdb 24054 0 192180 5340498 15625794 20075972 4981079272 3519144505 48 27730206 3524451633
======================
   8      16 sdb 24060 0 192228 5342265 15628108 20075986 4982536296 3519709465 25 27735209 3525011024
======================
   8      16 sdb 24066 0 192276 5344209 15630376 20076001 4983963128 3520220433 48 27740212 3525530934
======================
   8      16 sdb 24072 0 192324 5345938 15632685 20076014 4985415304 3520812053 32 27745213 3526115421
======================
   8      16 sdb 24078 0 192372 5347853 15634984 20076028 4986862104 3521342360 128 27750215 3526652793
======================
   8      16 sdb 24083 0 192412 5349342 15637248 20076032 4988287000 3521900376 25 27755218 3527211858
======================
   8      16 sdb 24089 0 192460 5351434 15639571 20076047 4989749160 3522441628 148 27760220 3527772007
======================
   8      16 sdb 24096 0 192516 5353867 15641845 20076061 4991180464 3522941770 150 27765222 3528267987
======================
   8      16 sdb 24101 0 192556 5354963 15644118 20076073 4992610480 3523554263 148 27770225 3528887470
======================
   8      16 sdb 24106 0 192596 5356172 15646412 20076087 4994054072 3524176695 26 27775227 3529495152
======================
   8      16 sdb 24113 0 192652 5358408 15648662 20076100 4995470264 3524676190 130 27780231 3530012981
======================
   8      16 sdb 24118 0 192692 5359895 15650955 20076112 4996912824 3525245006 66 27785234 3530576414
======================
   8      16 sdb 24124 0 192740 5361816 15653246 20076127 4998354760 3525786041 153 27790237 3531120030
======================
   8      16 sdb 24130 0 192788 5363920 15655504 20076141 4999775192 3526314292 100 27795239 3531654325
======================
   8      16 sdb 24136 0 192836 5365784 15657787 20076154 5001212248 3526867919 143 27800242 3532212369
======================
   8      16 sdb 24142 0 192884 5367731 15659985 20076167 5002595416 3527395887 147 27805244 3532722163
======================
   8      16 sdb 24147 0 192924 5369428 15662183 20076181 5003978216 3527955868 87 27810247 3533300455
======================
   8      16 sdb 24153 0 192972 5370844 15664411 20076194 5005380328 3528556187 140 27815249 3533905092
======================
   8      16 sdb 24159 0 193020 5372662 15666608 20076209 5006763128 3529111174 131 27820251 3534462463
======================
   8      16 sdb 24164 0 193060 5374388 15668842 20076221 5008168440 3529660434 94 27825253 3535010543
======================
   8      16 sdb 24170 0 193108 5376326 15671074 20076235 5009573120 3530246212 150 27830256 3535585015
======================
   8      16 sdb 24176 0 193156 5377912 15673278 20076248 5010960384 3530799929 157 27835259 3536156290
======================
   8      16 sdb 24181 0 193196 5379101 15675510 20076260 5012364416 3531405009 92 27840261 3536758680
======================
   8      16 sdb 24187 0 193244 5381285 15677727 20076275 5013759760 3531942113 149 27845262 3537296172
started
======================
   8      16 sdb 24282 0 193998 5382353 15678895 20076296 5014486448 3532220557 0 27847927 3537557196
======================
   8      16 sdb 24282 0 193998 5382353 15681433 20076296 5015146160 3532883970 153 27852769 3538251920
======================
   8      16 sdb 24282 0 193998 5382353 15683148 20076298 5015591392 3533599009 136 27857772 3538971065
======================
   8      16 sdb 24282 0 193998 5382353 15684856 20076299 5016036600 3534322885 158 27862775 3539690064
======================
   8      16 sdb 24282 0 193998 5382353 15686541 20076300 5016480016 3535043658 139 27867779 3540409042
======================
   8      16 sdb 24282 0 193998 5382353 15688253 20076301 5016930080 3535755782 157 27872782 3541127784
======================
   8      16 sdb 24282 0 193998 5382353 15689995 20076302 5017382456 3536484764 145 27877785 3541848248
======================
   8      16 sdb 24282 0 193998 5382353 15691742 20076303 5017834832 3537201270 128 27882788 3542565130
======================
   8      16 sdb 24282 0 193998 5382353 15693408 20076304 5018267752 3537912845 128 27887791 3543284210
======================
   8      16 sdb 24282 0 193998 5382353 15695119 20076305 5018710656 3538632862 147 27892794 3544000385
======================
   8      16 sdb 24282 0 193998 5382353 15696773 20076306 5019141984 3539346575 159 27897797 3544719583
======================
   8      16 sdb 24282 0 193998 5382353 15698419 20076307 5019568000 3540072110 147 27902801 3545438361
======================
   8      16 sdb 24282 0 193998 5382353 15700098 20076308 5020007576 3540790992 134 27907804 3546157086
======================
   8      16 sdb 24282 0 193998 5382353 15701873 20076309 5020467632 3541512165 153 27912807 3546875006
======================
   8      16 sdb 24282 0 193998 5382353 15703569 20076310 5020906440 3542230650 155 27917810 3547594323
======================
   8      16 sdb 24282 0 193998 5382353 15705284 20076311 5021353680 3542950986 137 27922817 3548314301
======================
   8      16 sdb 24282 0 193998 5382353 15706976 20076312 5021793872 3543666869 143 27927829 3549032873
======================
   8      16 sdb 24282 0 193998 5382353 15708627 20076313 5022224488 3544380779 158 27932832 3549751080
======================
   8      16 sdb 24282 0 193998 5382353 15710267 20076313 5022649896 3545101583 151 27937836 3550469859
======================
   8      16 sdb 24282 0 193998 5382353 15712064 20076314 5023113024 3545820318 148 27942839 3551188126
======================
   8      16 sdb 24282 0 193998 5382353 15713800 20076315 5023563352 3546539262 142 27947842 3551907403
======================
   8      16 sdb 24282 0 193998 5382353 15715537 20076316 5024015984 3547259215 135 27952845 3552625232
======================
   8      16 sdb 24282 0 193998 5382353 15717244 20076317 5024457040 3547977999 158 27957849 3553342495
======================
   8      16 sdb 24282 0 193998 5382353 15718929 20076318 5024898664 3548695756 139 27962852 3554062632
======================
   8      16 sdb 24282 0 193998 5382353 15720642 20076319 5025344216 3549411224 156 27967855 3554781722
======================
   8      16 sdb 24282 0 193998 5382353 15722438 20076320 5025811760 3550137651 154 27972858 3555500096
======================
   8      16 sdb 24282 0 193998 5382353 15724230 20076321 5026278984 3550852737 156 27977862 3556218591
======================
   8      16 sdb 24282 0 193998 5382353 15725960 20076322 5026728800 3551570008 156 27982865 3556938047
======================
   8      16 sdb 24282 0 193998 5382353 15727627 20076323 5027159160 3552290837 155 27987868 3557655913
======================
   8      16 sdb 24282 0 193998 5382353 15729256 20076324 5027583368 3553004657 160 27992871 3558375588
======================
   8      16 sdb 24282 0 193998 5382353 15731019 20076325 5028038048 3553727944 159 27997874 3559093063
======================
   8      16 sdb 24282 0 193998 5382353 15732754 20076326 5028489896 3554445400 153 28002877 3559809116
======================
   8      16 sdb 24282 0 193998 5382353 15734467 20076327 5028935104 3555157584 138 28007880 3560525148
======================
   8      16 sdb 24282 0 193998 5382353 15736183 20076327 5029378776 3555876517 151 28012884 3561241536
======================
   8      16 sdb 24282 0 193998 5382353 15737905 20076328 5029825344 3556593332 159 28017887 3561958900
======================
   8      16 sdb 24282 0 193998 5382353 15739586 20076329 5030260000 3557312895 144 28022891 3562678359
======================
   8      16 sdb 24282 0 193998 5382353 15741411 20076330 5030733048 3558031755 145 28027894 3563397276
======================
   8      16 sdb 24282 0 193998 5382353 15743153 20076331 5031186192 3558746735 133 28032897 3564114058
======================
   8      16 sdb 24282 0 193998 5382353 15744858 20076332 5031629096 3559465134 158 28037900 3564831513
======================
   8      16 sdb 24282 0 193998 5382353 15746532 20076333 5032062616 3560180394 150 28042903 3565551029
======================
   8      16 sdb 24282 0 193998 5382353 15748228 20076334 5032500632 3560905065 152 28047907 3566268366
======================
   8      16 sdb 24282 0 193998 5382353 15749896 20076335 5032934064 3561622425 150 28052910 3566986099
======================
   8      16 sdb 24282 0 193998 5382353 15751660 20076336 5033390280 3562339304 148 28057913 3567704714
======================
   8      16 sdb 24282 0 193998 5382353 15753367 20076337 5033835488 3563056915 139 28062916 3568423843
======================
   8      16 sdb 24282 0 193998 5382353 15755048 20076338 5034270200 3563775633 156 28067919 3569142437
======================
   8      16 sdb 24282 0 193998 5382353 15756717 20076339 5034704312 3564492487 153 28072922 3569862173
======================
   8      16 sdb 24282 0 193998 5382353 15758362 20076340 5035134672 3565215045 142 28077925 3570582145
======================
   8      16 sdb 24282 0 193998 5382353 15760049 20076341 5035575272 3565935283 153 28082930 3571300267
======================
   8      16 sdb 24282 0 193998 5382353 15761754 20076342 5036022008 3566647331 146 28087933 3572018517
======================
   8      16 sdb 24282 0 193998 5382353 15763478 20076343 5036473104 3567372971 152 28092936 3572737208
======================
   8      16 sdb 24282 0 193998 5382353 15765190 20076343 5036920344 3568087304 136 28097939 3573457043
======================
   8      16 sdb 24282 0 193998 5382353 15766899 20076344 5037363624 3568810275 157 28102942 3574175719
======================
   8      16 sdb 24282 0 193998 5382353 15768584 20076345 5037798336 3569525331 138 28107946 3574893242
======================
   8      16 sdb 24282 0 193998 5382353 15770348 20076346 5038258136 3570243501 136 28112949 3575611253
======================
   8      16 sdb 24282 0 193998 5382353 15772133 20076347 5038721776 3570961776 145 28117952 3576330511
======================
   8      16 sdb 24282 0 193998 5382353 15773816 20076348 5039161096 3571680523 128 28122955 3577048281
======================
   8      16 sdb 24282 0 193998 5382353 15775550 20076349 5039614376 3572397377 156 28127958 3577766255
======================
   8      16 sdb 24282 0 193998 5382353 15777267 20076350 5040059544 3573118238 137 28132962 3578484787
======================
   8      16 sdb 24282 0 193998 5382353 15778983 20076351 5040506288 3573835673 151 28137965 3579203477
======================
   8      16 sdb 24282 0 193998 5382353 15780772 20076352 5040967112 3574556750 156 28142968 3579921400
======================
   8      16 sdb 24282 0 193998 5382353 15782515 20076353 5041417432 3575272343 143 28147971 3580639171
======================
   8      16 sdb 24282 0 193998 5382353 15784243 20076354 5041867248 3575992969 145 28152975 3581357354
======================
   8      16 sdb 24282 0 193998 5382353 15785972 20076355 5042316024 3576711054 145 28157978 3582074873
======================
   8      16 sdb 24282 0 193998 5382353 15787688 20076355 5042761784 3577426750 158 28162981 3582793353
======================
   8      16 sdb 24282 0 193998 5382353 15789475 20076356 5043227216 3578140781 133 28167985 3583511531
======================
   8      16 sdb 24282 0 193998 5382353 15791310 20076357 5043705448 3578866207 156 28172988 3584230439
======================
   8      16 sdb 24282 0 193998 5382353 15793039 20076358 5044155368 3579583941 157 28177991 3584949672
======================
   8      16 sdb 24282 0 193998 5382353 15794693 20076359 5044586976 3580301039 137 28182994 3585669249
======================
   8      16 sdb 24282 0 193998 5382353 15796439 20076360 5045039096 3581020220 153 28187998 3586388195
======================
   8      16 sdb 24282 0 193998 5382353 15798171 20076361 5045488728 3581743445 151 28193002 3587106868
======================
   8      16 sdb 24282 0 193998 5382353 15799924 20076362 5045942168 3582463059 128 28198005 3587826716
======================
   8      16 sdb 24282 0 193998 5382353 15801722 20076363 5046409104 3583184784 156 28203008 3588544407
======================
   8      16 sdb 24282 0 193998 5382353 15803555 20076364 5046884232 3583897585 149 28208011 3589263193
======================
   8      16 sdb 24282 0 193998 5382353 15805277 20076365 5047331704 3584616515 157 28213016 3589982132
======================
   8      16 sdb 24282 0 193998 5382353 15807000 20076366 5047777424 3585337115 132 28218019 3590702447
======================
   8      16 sdb 24282 0 193998 5382353 15808762 20076367 5048233312 3586054825 132 28223022 3591421485
======================
   8      16 sdb 24282 0 193998 5382353 15810537 20076368 5048693104 3586770245 151 28228025 3592140105
======================
   8      16 sdb 24282 0 193998 5382353 15812257 20076369 5049138816 3587488198 129 28233028 3592857898
======================
   8      16 sdb 24282 0 193998 5382353 15813925 20076370 5049577352 3588206409 158 28238031 3593574026
======================
   8      16 sdb 24282 0 193998 5382353 15815612 20076371 5050015648 3588921697 137 28243035 3594292425
======================
   8      16 sdb 24282 0 193998 5382353 15817304 20076372 5050457272 3589644524 143 28248038 3595010966
======================
   8      16 sdb 24282 0 193998 5382353 15819088 20076372 5050922192 3590365367 152 28253041 3595729930
======================
   8      16 sdb 24282 0 193998 5382353 15820868 20076373 5051386600 3591080918 134 28258044 3596448898
======================
   8      16 sdb 24282 0 193998 5382353 15822653 20076374 5051853056 3591799755 143 28263048 3597168229
======================
   8      16 sdb 24282 0 193998 5382353 15824415 20076375 5052311576 3592520856 143 28268052 3597887057
======================
   8      16 sdb 24282 0 193998 5382353 15826130 20076376 5052761392 3593240110 158 28273055 3598607365
======================
   8      16 sdb 24282 0 193998 5382353 15827889 20076377 5053220168 3593961341 129 28278059 3599327074
======================
   8      16 sdb 24282 0 193998 5382353 15829694 20076378 5053686376 3594680660 150 28283062 3600047448
======================
   8      16 sdb 24282 0 193998 5382353 15831453 20076379 5054143872 3595402090 153 28288065 3600766009
======================
   8      16 sdb 24282 0 193998 5382353 15833155 20076380 5054588312 3596117074 149 28293068 3601484521
======================
   8      16 sdb 24282 0 193998 5382353 15834841 20076381 5055025440 3596835322 129 28298071 3602204072
======================
   8      16 sdb 24282 0 193998 5382353 15836534 20076382 5055465016 3597558133 134 28303075 3602923263
======================
   8      16 sdb 24282 0 193998 5382353 15838248 20076383 5055912520 3598275976 150 28308078 3603640927
======================
   8      16 sdb 24282 0 193998 5382353 15840098 20076384 5056393312 3598994084 158 28313081 3604358764
======================
   8      16 sdb 24282 0 193998 5382353 15841822 20076385 5056838768 3599714295 132 28318084 3605077145
======================
   8      16 sdb 24282 0 193998 5382353 15843551 20076386 5057285240 3600427244 132 28323087 3605795960
======================
   8      16 sdb 24282 0 193998 5382353 15845292 20076387 5057737760 3601145696 153 28328090 3606513677
======================
   8      16 sdb 24282 0 193998 5382353 15847057 20076387 5058198072 3601866674 149 28333094 3607231640
======================
   8      16 sdb 24282 0 193998 5382353 15848857 20076388 5058667088 3602585431 143 28338097 3607949798
======================
   8      16 sdb 24282 0 193998 5382353 15850584 20076389 5059115624 3603297650 146 28343100 3608668994
======================
   8      16 sdb 24282 0 193998 5382353 15852337 20076390 5059572864 3604018978 155 28348103 3609387266
======================
   8      16 sdb 24282 0 193998 5382353 15854039 20076391 5060016792 3604735761 151 28353106 3610104734
======================
   8      16 sdb 24282 0 193998 5382353 15855713 20076392 5060456112 3605452373 143 28358110 3610824317
======================
   8      16 sdb 24282 0 193998 5382353 15857484 20076393 5060917704 3606175132 134 28363113 3611542635
======================
   8      16 sdb 24282 0 193998 5382353 15859275 20076394 5061386720 3606892345 137 28368116 3612260709
======================
   8      16 sdb 24282 0 193998 5382353 15860957 20076395 5061823632 3607611706 153 28373119 3612977588
======================
   8      16 sdb 24282 0 193998 5382353 15862680 20076396 5062270120 3608327518 128 28378123 3613694217
======================
   8      16 sdb 24282 0 193998 5382353 15864404 20076397 5062716952 3609044341 134 28383126 3614413944
======================
   8      16 sdb 24282 0 193998 5382353 15866080 20076398 5063149104 3609767004 156 28388129 3615133877
======================
   8      16 sdb 24282 0 193998 5382353 15867842 20076399 5063604040 3610488024 156 28393132 3615852083
======================
   8      16 sdb 24282 0 193998 5382353 15869633 20076400 5064068696 3611206530 159 28398136 3616569553
======================
   8      16 sdb 24282 0 193998 5382353 15871377 20076401 5064520408 3611923384 145 28403139 3617286815
======================
   8      16 sdb 24282 0 193998 5382353 15873070 20076402 5064958688 3612636693 149 28408142 3618006461
======================
   8      16 sdb 24282 0 193998 5382353 15874796 20076402 5065409952 3613358973 152 28413145 3618726466
======================
   8      16 sdb 24282 0 193998 5382353 15876605 20076403 5065883064 3614079121 137 28418148 3619444252
======================
   8      16 sdb 24282 0 193998 5382353 15878347 20076404 5066338000 3614795299 157 28423151 3620162770
======================
   8      16 sdb 24282 0 193998 5382353 15880027 20076405 5066776808 3615515578 143 28428154 3620882375
======================
   8      16 sdb 24282 0 193998 5382353 15881768 20076406 5067231744 3616239417 132 28433157 3621602307
======================
   8      16 sdb 24282 0 193998 5382353 15883527 20076407 5067689240 3616957532 135 28438161 3622320884
======================
   8      16 sdb 24282 0 193998 5382353 15885219 20076408 5068130096 3617668996 141 28443164 3623040202
======================
   8      16 sdb 24282 0 193998 5382353 15887030 20076409 5068606792 3618391913 156 28448167 3623757284
======================
   8      16 sdb 24282 0 193998 5382353 15888786 20076410 5069065312 3619107433 130 28453170 3624474937
======================
   8      16 sdb 24282 0 193998 5382353 15890533 20076411 5069521528 3619823768 145 28458174 3625193567
======================
   8      16 sdb 24282 0 193998 5382353 15892242 20076412 5069965200 3620546972 134 28463177 3625912465
======================
   8      16 sdb 24282 0 193998 5382353 15893976 20076413 5070416808 3621267675 130 28468180 3626631119
======================
   8      16 sdb 24282 0 193998 5382353 15895655 20076414 5070852288 3621985785 149 28473183 3627350314
======================
   8      16 sdb 24282 0 193998 5382353 15897434 20076415 5071314648 3622703172 132 28478186 3628067606
======================
   8      16 sdb 24282 0 193998 5382353 15899152 20076416 5071762920 3623423581 144 28483190 3628786621
======================
   8      16 sdb 24282 0 193998 5382353 15900892 20076417 5072216048 3624139086 133 28488193 3629506227
======================
   8      16 sdb 24282 0 193998 5382353 15902600 20076418 5072660488 3624858860 155 28493196 3630225628
======================
   8      16 sdb 24282 0 193998 5382353 15904342 20076419 5073115168 3625574491 143 28498199 3630944098
======================
   8      16 sdb 24282 0 193998 5382353 15906125 20076419 5073576152 3626298936 153 28503203 3631663130
======================
   8      16 sdb 24282 0 193998 5382353 15907939 20076420 5074047472 3627017025 133 28508206 3632382598
======================
   8      16 sdb 24282 0 193998 5382353 15909654 20076421 5074491912 3627736115 148 28513210 3633102698
======================
   8      16 sdb 24282 0 193998 5382353 15911417 20076422 5074947360 3628457545 147 28518213 3633821559
======================
   8      16 sdb 24282 0 193998 5382353 15913130 20076423 5075391800 3629172278 132 28523217 3634541863
======================
   8      16 sdb 24282 0 193998 5382353 15914815 20076424 5075830448 3629894490 145 28528220 3635261429
======================
   8      16 sdb 24282 0 193998 5382353 15916609 20076425 5076298440 3630612625 145 28533223 3635979365
======================
   8      16 sdb 24282 0 193998 5382353 15918392 20076426 5076761760 3631331244 156 28538227 3636697998
======================
   8      16 sdb 24282 0 193998 5382353 15920158 20076427 5077217976 3632051850 152 28543231 3637417796
======================
   8      16 sdb 24282 0 193998 5382353 15921896 20076428 5077670608 3632769547 144 28548234 3638135523
======================
   8      16 sdb 24282 0 193998 5382353 15923672 20076429 5078131096 3633486844 130 28553237 3638852384
======================
   8      16 sdb 24282 0 193998 5382353 15925462 20076430 5078594480 3634209342 134 28558240 3639572861
======================
   8      16 sdb 24282 0 193998 5382353 15927212 20076431 5079049408 3634917909 146 28563244 3640290930
======================
   8      16 sdb 24282 0 193998 5382353 15928937 20076432 5079500824 3635645222 151 28568247 3641008997
======================
   8      16 sdb 24282 0 193998 5382353 15930735 20076433 5079968384 3636359266 147 28573251 3641725665
======================
   8      16 sdb 24282 0 193998 5382353 15932411 20076434 5080403512 3637074215 136 28578254 3642443368
======================
   8      16 sdb 24282 0 193998 5382353 15934179 20076434 5080862624 3637795384 129 28583258 3643162494
======================
   8      16 sdb 24282 0 193998 5382353 15935920 20076435 5081317816 3638517638 150 28588261 3643882031
======================
   8      16 sdb 24282 0 193998 5382353 15937693 20076436 5081777360 3639234808 139 28593265 3644601110
======================
   8      16 sdb 24282 0 193998 5382353 15939450 20076437 5082234344 3639952873 144 28598268 3645318053
======================
   8      16 sdb 24282 0 193998 5382353 15941195 20076438 5082687744 3640674510 129 28603271 3646036148
======================
   8      16 sdb 24282 0 193998 5382353 15942827 20076439 5083115032 3641381737 131 28608274 3646756161
======================
   8      16 sdb 24282 0 193998 5382353 15944651 20076440 5083590192 3642111584 133 28613277 3647474822
======================
   8      16 sdb 24282 0 193998 5382353 15946522 20076441 5084076360 3642827399 152 28618281 3648193510
======================
   8      16 sdb 24282 0 193998 5382353 15948300 20076442 5084540256 3643544798 136 28623285 3648911941
======================
   8      16 sdb 24282 0 193998 5382353 15950021 20076443 5084990584 3644263516 145 28628288 3649632155
======================
   8      16 sdb 24282 0 193998 5382353 15951760 20076444 5085441936 3644982108 136 28633292 3650350318
======================
   8      16 sdb 24282 0 193998 5382353 15953428 20076445 5085874088 3645703667 134 28638295 3651068228
======================
   8      16 sdb 24282 0 193998 5382353 15955206 20076446 5086340288 3646423464 150 28643298 3651786383
======================
   8      16 sdb 24282 0 193998 5382353 15956906 20076447 5086788560 3647133956 148 28648301 3652504807
======================
   8      16 sdb 24282 0 193998 5382353 15958657 20076448 5087244008 3647856762 159 28653304 3653223235
======================
   8      16 sdb 24282 0 193998 5382353 15960332 20076449 5087680000 3648576655 150 28658326 3653944240
======================
   8      16 sdb 24282 0 193998 5382353 15962042 20076450 5088127752 3649286738 137 28663333 3654664398
======================
   8      16 sdb 24282 0 193998 5382353 15963733 20076451 5088568096 3650018930 144 28668336 3655383126
======================
   8      16 sdb 24282 0 193998 5382353 15965492 20076452 5089023544 3650735883 147 28673339 3656102525
======================
   8      16 sdb 24282 0 193998 5382353 15967275 20076452 5089487696 3651454588 157 28678364 3656822524
======================
   8      16 sdb 24282 0 193998 5382353 15968975 20076453 5089933416 3652175801 155 28683369 3657542193
======================
   8      16 sdb 24282 0 193998 5382353 15970657 20076454 5090368640 3652895656 139 28688372 3658260912
======================
   8      16 sdb 24282 0 193998 5382353 15972349 20076455 5090808216 3653613815 145 28693376 3658979329
======================
   8      16 sdb 24282 0 193998 5382353 15974103 20076456 5091262640 3654330415 153 28698380 3659696422
======================
   8      16 sdb 24282 0 193998 5382353 15975910 20076457 5091733448 3655047706 140 28703384 3660413854
======================
   8      16 sdb 24282 0 193998 5382353 15977671 20076458 5092192736 3655768596 141 28708387 3661133625
======================
   8      16 sdb 24282 0 193998 5382353 15979404 20076459 5092644080 3656483614 138 28713390 3661851953
======================
   8      16 sdb 24282 0 193998 5382353 15981193 20076460 5093108560 3657205382 143 28718394 3662570463
======================
   8      16 sdb 24282 0 193998 5382353 15982899 20076461 5093547720 3657922397 135 28723397 3663287588
======================
   8      16 sdb 24282 0 193998 5382353 15984653 20076462 5094001120 3658639807 143 28728400 3664005632
======================
   8      16 sdb 24282 0 193998 5382353 15986349 20076463 5094442744 3659358483 145 28733404 3664722844
======================
   8      16 sdb 24282 0 193998 5382353 15988101 20076464 5094898200 3660072367 155 28738407 3665441324
======================
   8      16 sdb 24282 0 193998 5382353 15989822 20076465 5095343080 3660793853 132 28743411 3666158592
======================
   8      16 sdb 24282 0 193998 5382353 15991533 20076466 5095787416 3661507152 151 28748414 3666876307
======================
   8      16 sdb 24282 0 193998 5382353 15993300 20076467 5096251552 3662228328 145 28753418 3667594438
======================
   8      16 sdb 24282 0 193998 5382353 15995099 20076468 5096721848 3662945534 140 28758422 3668313235
======================
   8      16 sdb 24282 0 193998 5382353 15996763 20076469 5097156304 3663664516 142 28763425 3669032038
======================
   8      16 sdb 24282 0 193998 5382353 15998471 20076469 5097599976 3664375294 131 28768429 3669749969
======================
   8      16 sdb 24282 0 193998 5382353 16000230 20076470 5098060288 3665103202 134 28773434 3670468676
======================
   8      16 sdb 24282 0 193998 5382353 16001944 20076471 5098505496 3665822672 150 28778437 3671189487
======================
   8      16 sdb 24282 0 193998 5382353 16003681 20076472 5098959664 3666540217 143 28783440 3671907044
======================
   8      16 sdb 24282 0 193998 5382353 16005481 20076473 5099430264 3667261259 137 28788444 3672626326
======================
   8      16 sdb 24282 0 193998 5382353 16007217 20076474 5099879568 3667978438 131 28793447 3673345098
======================
   8      16 sdb 24282 0 193998 5382353 16008875 20076475 5100308384 3668698016 139 28798450 3674062915
======================
   8      16 sdb 24282 0 193998 5382353 16010592 20076476 5100753848 3669417035 152 28803453 3674781129
======================
   8      16 sdb 24282 0 193998 5382353 16012349 20076477 5101209296 3670133163 157 28808457 3675497933
======================
   8      16 sdb 24282 0 193998 5382353 16014147 20076478 5101675496 3670850765 153 28813461 3676215419
======================
   8      16 sdb 24282 0 193998 5382353 16015926 20076479 5102137808 3671571089 136 28818465 3676934560
======================
   8      16 sdb 24282 0 193998 5382353 16017685 20076480 5102593776 3672287478 139 28823468 3677651965
======================
   8      16 sdb 24282 0 193998 5382353 16019397 20076481 5103041280 3672997156 157 28828472 3678370100
======================
   8      16 sdb 24282 0 193998 5382353 16021073 20076482 5103477144 3673724109 147 28833475 3679088269
======================
   8      16 sdb 24282 0 193998 5382353 16022833 20076483 5103937456 3674441421 149 28838478 3679805021
======================
   8      16 sdb 24282 0 193998 5382353 16024642 20076484 5104404936 3675156683 134 28843481 3680522395
======================
   8      16 sdb 24282 0 193998 5382353 16026435 20076485 5104869840 3675873193 134 28848484 3681240064
======================
   8      16 sdb 24282 0 193998 5382353 16028196 20076485 5105327848 3676590044 134 28853488 3681958982
======================
   8      16 sdb 24282 0 193998 5382353 16029877 20076486 5105766912 3677309719 151 28858492 3682676529
======================
   8      16 sdb 24282 0 193998 5382353 16031618 20076487 5106223768 3678026229 140 28863495 3683393025
======================
   8      16 sdb 24282 0 193998 5382353 16033352 20076488 5106676912 3678744486 136 28868499 3684110724
======================
   8      16 sdb 24282 0 193998 5382353 16035104 20076489 5107131080 3679462554 146 28873502 3684827381
======================
   8      16 sdb 24282 0 193998 5382353 16036821 20076490 5107578032 3680183219 132 28878505 3685545270
======================
   8      16 sdb 24282 0 193998 5382353 16038564 20076491 5108030664 3680897266 146 28883509 3686264378
======================
   8      16 sdb 24282 0 193998 5382353 16040227 20076492 5108461792 3681614913 149 28888513 3686982984
======================
   8      16 sdb 24282 0 193998 5382353 16041999 20076493 5108920056 3682339798 139 28893516 3687700706
======================
   8      16 sdb 24282 0 193998 5382353 16043775 20076494 5109380624 3683056513 157 28898519 3688418613
======================
   8      16 sdb 24282 0 193998 5382353 16045536 20076495 5109836232 3683773021 158 28903523 3689135993
======================
   8      16 sdb 24282 0 193998 5382353 16047247 20076496 5110280408 3684481520 145 28908526 3689854629
======================
   8      16 sdb 24282 0 193998 5382353 16048915 20076497 5110715632 3685208132 143 28913529 3690573290
======================
   8      16 sdb 24282 0 193998 5382353 16050615 20076498 5111156472 3685925277 140 28918534 3691292647
======================
   8      16 sdb 24282 0 193998 5382353 16052397 20076499 5111620368 3686648278 152 28923537 3692012154
======================
   8      16 sdb 24282 0 193998 5382353 16054132 20076499 5112070440 3687362837 146 28928541 3692728624
======================
   8      16 sdb 24282 0 193998 5382353 16055859 20076500 5112518352 3688083305 149 28933544 3693447064
======================
   8      16 sdb 24282 0 193998 5382353 16057612 20076501 5112974312 3688801064 158 28938548 3694166377
======================
   8      16 sdb 24282 0 193998 5382353 16059338 20076502 5113422592 3689519136 130 28943551 3694884007
======================
   8      16 sdb 24282 0 193998 5382353 16061138 20076503 5113889304 3690238662 156 28948554 3695602641
======================
   8      16 sdb 24282 0 193998 5382353 16062841 20076504 5114335280 3690953731 151 28953557 3696320961
======================
   8      16 sdb 24282 0 193998 5382353 16064585 20076505 5114790984 3691675856 137 28958561 3697040340
======================
   8      16 sdb 24282 0 193998 5382353 16066332 20076506 5115244760 3692398847 152 28963564 3697759601
======================
   8      16 sdb 24282 0 193998 5382353 16068068 20076507 5115695856 3693108643 146 28968568 3698478240
======================
   8      16 sdb 24282 0 193998 5382353 16069716 20076508 5116122488 3693832409 132 28973571 3699197887
======================
   8      16 sdb 24282 0 193998 5382353 16071444 20076509 5116571280 3694548114 134 28978575 3699914385
======================
   8      16 sdb 24282 0 193998 5382353 16073274 20076510 5117046728 3695266189 130 28983578 3700631382
======================
   8      16 sdb 24282 0 193998 5382353 16075046 20076511 5117505376 3695985067 152 28988582 3701349464
======================
   8      16 sdb 24282 0 193998 5382353 16076757 20076512 5117950584 3696700866 139 28993585 3702067774
======================
   8      16 sdb 24282 0 193998 5382353 16078532 20076513 5118410624 3697416538 157 28998588 3702786369
======================
   8      16 sdb 24282 0 193998 5382353 16080289 20076513 5118864000 3698140948 129 29003591 3703503812
======================
   8      16 sdb 24282 0 193998 5382353 16082106 20076514 5119333576 3698860442 138 29008595 3704222481
======================
   8      16 sdb 24282 0 193998 5382353 16083847 20076515 5119783904 3699568381 159 29013599 3704940804
======================
   8      16 sdb 24282 0 193998 5382353 16085586 20076516 5120236024 3700297032 150 29018602 3705659592
======================
   8      16 sdb 24282 0 193998 5382353 16087371 20076517 5120697912 3701011478 144 29023605 3706376543
======================
   8      16 sdb 24282 0 193998 5382353 16089120 20076518 5121150440 3701729647 140 29028610 3707096261
======================
   8      16 sdb 24282 0 193998 5382353 16090880 20076519 5121605384 3702446010 142 29033613 3707815916
======================
   8      16 sdb 24282 0 193998 5382353 16092664 20076520 5122067696 3703169986 152 29038616 3708534449
======================
   8      16 sdb 24282 0 193998 5382353 16094427 20076521 5122523752 3703884843 151 29043620 3709252669
======================
   8      16 sdb 24282 0 193998 5382353 16096149 20076522 5122972544 3704608158 159 29048623 3709971205
======================
   8      16 sdb 24282 0 193998 5382353 16097903 20076523 5123426216 3705323371 135 29053626 3710688792
======================
   8      16 sdb 24282 0 193998 5382353 16099620 20076524 5123870512 3706046279 148 29058630 3711408688
======================
   8      16 sdb 24282 0 193998 5382353 16101429 20076525 5124339736 3706764689 133 29063633 3712127496
======================
   8      16 sdb 24282 0 193998 5382353 16103219 20076526 5124803016 3707477716 137 29068636 3712844984
======================
   8      16 sdb 24282 0 193998 5382353 16105023 20076527 5125269728 3708200441 159 29073640 3713562854
======================
   8      16 sdb 24282 0 193998 5382353 16106687 20076528 5125700704 3708909980 160 29078643 3714282276
======================
   8      16 sdb 24282 0 193998 5382353 16108406 20076529 5126146792 3709635695 139 29083646 3715000859
======================
   8      16 sdb 24282 0 193998 5382353 16110230 20076529 5126619392 3710353549 140 29088649 3715718359
======================
   8      16 sdb 24282 0 193998 5382353 16112024 20076530 5127088664 3711073408 140 29093652 3716438149
======================
   8      16 sdb 24282 0 193998 5382353 16113798 20076531 5127545392 3711794905 128 29098656 3717157248
======================
   8      16 sdb 24282 0 193998 5382353 16115520 20076532 5127996488 3712514468 136 29103659 3717876647
======================
   8      16 sdb 24282 0 193998 5382353 16117232 20076533 5128443488 3713228052 154 29108662 3718594596
======================
   8      16 sdb 24282 0 193998 5382353 16118956 20076534 5128890488 3713953358 128 29113665 3719314243
======================
   8      16 sdb 24282 0 193998 5382353 16120794 20076535 5129371536 3714670315 148 29118670 3720033609
======================
   8      16 sdb 24282 0 193998 5382353 16122536 20076536 5129823400 3715385738 136 29123673 3720753139
======================
   8      16 sdb 24282 0 193998 5382353 16124260 20076537 5130272192 3716105709 142 29128676 3721471692
======================
   8      16 sdb 24282 0 193998 5382353 16126003 20076538 5130726616 3716828464 129 29133680 3722192117
======================
   8      16 sdb 24282 0 193998 5382353 16127713 20076539 5131170600 3717544359 149 29138683 3722910741
======================
   8      16 sdb 24282 0 193998 5382353 16129505 20076540 5131634240 3718264081 151 29143687 3723628504
======================
   8      16 sdb 24282 0 193998 5382353 16131238 20076541 5132086352 3718981814 148 29148690 3724348195
======================
   8      16 sdb 24282 0 193998 5382353 16133010 20076542 5132545384 3719700145 138 29153694 3725066544
======================
   8      16 sdb 24282 0 193998 5382353 16134760 20076543 5133001424 3720419465 149 29158697 3725783594
======================
   8      16 sdb 24282 0 193998 5382353 16136494 20076543 5133449648 3721136142 144 29163701 3726501649
======================
   8      16 sdb 24282 0 193998 5382353 16138234 20076544 5133900488 3721853402 134 29168705 3727220120
======================
   8      16 sdb 24282 0 193998 5382353 16140020 20076545 5134363360 3722577111 142 29173708 3727938095
======================
   8      16 sdb 24282 0 193998 5382353 16141777 20076546 5134820856 3723288985 147 29178712 3728657393
======================
   8      16 sdb 24282 0 193998 5382353 16143520 20076547 5135271344 3724010896 134 29183715 3729376601
======================
   8      16 sdb 24282 0 193998 5382353 16145265 20076548 5135723208 3724731659 151 29188718 3730096097
======================
   8      16 sdb 24282 0 193998 5382353 16147027 20076549 5136178912 3725448593 151 29193721 3730814006
======================
   8      16 sdb 24282 0 193998 5382353 16148882 20076550 5136661752 3726167194 154 29198725 3731532195
======================
   8      16 sdb 24282 0 193998 5382353 16150651 20076551 5137119504 3726884066 147 29203728 3732251031
======================
   8      16 sdb 24282 0 193998 5382353 16152428 20076552 5137581352 3727609344 132 29208731 3732970822
