======================
   8      48 sdd 20716 0 165518 2856965 55682186 23722315 4463873272 2171692799 0 17440322 2174510127
======================
   8      48 sdd 20729 0 165622 2858000 55684269 23722315 4465185912 2172263073 157 17444895 2175107334
======================
   8      48 sdd 20734 0 165662 2859166 55686377 23722347 4466504696 2172906195 130 17449900 2175750118
======================
   8      48 sdd 20740 0 165710 2860618 55688463 23722360 4467817464 2173512546 152 17454903 2176357253
======================
   8      48 sdd 20745 0 165750 2861804 55690554 23722372 4469132792 2174128479 141 17459906 2176975809
======================
   8      48 sdd 20750 0 165790 2862837 55692641 23722385 4470445944 2174770330 128 17464909 2177617784
======================
   8      48 sdd 20756 0 165838 2863937 55694727 23722398 4471758712 2175388337 152 17469912 2178237128
======================
   8      48 sdd 20761 0 165878 2864820 55696819 23722410 4473074680 2176030143 140 17474915 2178879957
======================
   8      48 sdd 20766 0 165918 2866176 55698905 23722423 4474387448 2176628893 135 17479916 2179479900
======================
   8      48 sdd 20772 0 165966 2867338 55700990 23722436 4475699576 2177243944 139 17484917 2180096267
======================
   8      48 sdd 20777 0 166006 2868260 55703078 23722448 4477012984 2177877763 130 17489919 2180730668
======================
   8      48 sdd 20782 0 166046 2869680 55705165 23722462 4478326144 2178502768 156 17494922 2181357025
======================
   8      48 sdd 20788 0 166094 2870945 55707249 23722475 4479637632 2179129813 135 17499925 2181985825
======================
   8      48 sdd 20793 0 166134 2872134 55709342 23722488 4480953616 2179767585 139 17504929 2182624524
======================
   8      48 sdd 20798 0 166174 2873327 55711428 23722501 4482266384 2180384636 140 17509930 2183242956
======================
   8      48 sdd 20804 0 166222 2874752 55713509 23722514 4483575952 2180984231 120 17514932 2183842817
======================
   8      48 sdd 20809 0 166262 2875942 55715596 23722526 4484888720 2181604408 117 17519935 2184464241
======================
   8      48 sdd 20814 0 166302 2877292 55717682 23722539 4486201488 2182204809 114 17524938 2185065535
======================
   8      48 sdd 20820 0 166350 2879049 55719768 23722552 4487514256 2182767596 111 17529938 2185630051
======================
   8      48 sdd 20825 0 166390 2880125 55721856 23722564 4488827664 2183394142 107 17534941 2186257421
======================
   8      48 sdd 20831 0 166438 2881438 55723938 23722577 4490137872 2184005186 153 17539943 2186872210
======================
   8      48 sdd 20837 0 166486 2882683 55726028 23722590 4491452944 2184616458 155 17544946 2187482121
======================
   8      48 sdd 20842 0 166526 2883835 55728115 23722602 4492765712 2185227462 144 17549948 2188095376
======================
   8      48 sdd 20847 0 166566 2884974 55730201 23722615 4494078480 2185843058 136 17554951 2188712906
======================
   8      48 sdd 20853 0 166614 2886283 55732287 23722628 4495391248 2186451466 154 17559955 2189316739
======================
   8      48 sdd 20857 0 166646 2887135 55734381 23722642 4496707880 2187080896 57 17564958 2189943751
======================
   8      48 sdd 20862 0 166686 2888412 55736464 23722655 4498018728 2187708210 57 17569961 2190572650
======================
   8      48 sdd 20869 0 166742 2889805 55738547 23722668 4499329576 2188313299 145 17574964 2191186444
======================
   8      48 sdd 20873 0 166774 2890742 55740640 23722680 4500645928 2188949973 48 17579967 2191814576
======================
   8      48 sdd 20879 0 166822 2892187 55742723 23722693 4501956776 2189552840 158 17584970 2192428851
======================
   8      48 sdd 20885 0 166870 2893675 55744807 23722706 4503268264 2190139558 133 17589973 2193016204
======================
   8      48 sdd 20889 0 166902 2894413 55746899 23722718 4504584232 2190785010 39 17594975 2193651310
======================
   8      48 sdd 20894 0 166942 2895616 55748983 23722731 4505895720 2191405668 38 17599978 2194272681
======================
   8      48 sdd 20901 0 166998 2896921 55751067 23722744 4507207208 2192014408 156 17604981 2194894323
======================
   8      48 sdd 20905 0 167030 2897708 55753160 23722756 4508523816 2192655420 28 17609984 2195521910
======================
   8      48 sdd 20910 0 167070 2898852 55755247 23722769 4509836968 2193270071 24 17614987 2196136612
======================
   8      48 sdd 20917 0 167126 2900356 55757333 23722782 4511149736 2193874620 140 17619990 2196746932
======================
   8      48 sdd 20922 0 167166 2901537 55759426 23722796 4512465728 2194498208 142 17624993 2197382477
======================
   8      48 sdd 20927 0 167206 2902809 55761512 23722809 4513778496 2195143327 152 17629997 2198012034
======================
   8      48 sdd 20933 0 167254 2904016 55763599 23722822 4515091904 2195734748 154 17634998 2198621462
======================
   8      48 sdd 20938 0 167294 2905215 55765686 23722834 4516404672 2196374667 146 17640000 2199245402
======================
   8      48 sdd 20943 0 167334 2906403 55767749 23722847 4517702720 2196987968 158 17645003 2199862340
======================
   8      48 sdd 20949 0 167382 2907690 55769835 23722860 4519015488 2197577991 136 17650005 2200468411
======================
   8      48 sdd 20953 0 167414 2908762 55771935 23722872 4520336576 2198204445 4 17655008 2201074388
======================
   8      48 sdd 20958 0 167454 2910092 55774021 23722885 4521649088 2198805990 1 17660011 2201676336
======================
   8      48 sdd 20965 0 167510 2911741 55776111 23722898 4522964416 2199388773 145 17665012 2202280018
======================
   8      48 sdd 20970 0 167550 2912882 55778202 23722910 4524279744 2200013185 149 17670016 2202898449
======================
   8      48 sdd 20975 0 167590 2914181 55780288 23722923 4525592512 2200615739 145 17675018 2203503320
======================
   8      48 sdd 20981 0 167638 2915359 55782375 23722936 4526905920 2201212191 137 17680022 2204111196
======================
   8      48 sdd 20986 0 167678 2916509 55784467 23722949 4528221008 2201833939 153 17685026 2204728415
======================
   8      48 sdd 20991 0 167718 2917630 55786555 23722962 4529535056 2202449122 134 17690030 2205342475
======================
   8      48 sdd 20997 0 167766 2918673 55788640 23722975 4530847184 2203064860 154 17695032 2205967661
======================
   8      48 sdd 21002 0 167806 2919851 55790730 23722988 4532161880 2203707988 135 17700035 2206612571
======================
   8      48 sdd 21007 0 167846 2921038 55792818 23723001 4533475928 2204343463 156 17705038 2207248508
======================
   8      48 sdd 21013 0 167894 2922536 55794904 23723014 4534788696 2204954606 154 17710041 2207861268
======================
   8      48 sdd 21018 0 167934 2923784 55796994 23723027 4536104368 2205567325 143 17715044 2208475515
======================
   8      48 sdd 21023 0 167974 2925122 55799081 23723040 4537417176 2206180490 133 17720047 2209089035
======================
   8      48 sdd 21029 0 168022 2926496 55801162 23723053 4538727344 2206775361 136 17725050 2209685353
======================
   8      48 sdd 21034 0 168062 2927905 55803252 23723066 4540042072 2207369646 155 17730054 2210279591
======================
   8      48 sdd 21039 0 168102 2929020 55805336 23723075 4541354160 2207988279 131 17735058 2210901428
======================
   8      48 sdd 21045 0 168150 2930404 55807423 23723093 4542666344 2208583185 150 17740061 2211498070
======================
   8      48 sdd 21050 0 168190 2931542 55809514 23723102 4543982656 2209200852 138 17745065 2212116869
======================
   8      48 sdd 21055 0 168230 2932680 55811600 23723119 4545295424 2209814336 129 17750068 2212731044
======================
   8      48 sdd 21061 0 168278 2933862 55813687 23723128 4546608832 2210424241 148 17755071 2213342565
======================
   8      48 sdd 21066 0 168318 2935014 55815777 23723145 4547924160 2211039330 150 17760075 2213956987
======================
   8      48 sdd 21071 0 168358 2936257 55817863 23723154 4549236928 2211675658 143 17765077 2214596338
======================
   8      48 sdd 21077 0 168406 2937541 55819952 23723168 4550551624 2212288090 131 17770080 2215209409
======================
   8      48 sdd 21082 0 168446 2938720 55822042 23723180 4551866056 2212905368 151 17775082 2215826388
======================
   8      48 sdd 21087 0 168486 2939977 55824125 23723194 4553176912 2213525528 145 17780085 2216444861
======================
   8      48 sdd 21093 0 168534 2941315 55826214 23723207 4554490968 2214134028 134 17785089 2217050901
======================
   8      48 sdd 21098 0 168574 2942493 55828299 23723219 4555802456 2214762400 147 17790092 2217674588
======================
   8      48 sdd 21103 0 168614 2943825 55830387 23723232 4557116504 2215376568 148 17795094 2218284186
======================
   8      48 sdd 21109 0 168662 2945132 55832471 23723246 4558429184 2215990343 36 17800096 2218905883
======================
   8      48 sdd 21114 0 168702 2946687 55834563 23723258 4559744528 2216580193 29 17805099 2219495421
======================
   8      48 sdd 21119 0 168742 2948074 55836652 23723271 4561058960 2217181421 49 17810102 2220102887
======================
   8      48 sdd 21125 0 168790 2949174 55838738 23723284 4562371728 2217801000 72 17815105 2220727991
======================
   8      48 sdd 21130 0 168830 2950383 55840829 23723296 4563687056 2218416495 91 17820108 2221347676
======================
   8      48 sdd 21135 0 168870 2951641 55842916 23723309 4565000464 2219026197 87 17825111 2221958316
======================
   8      48 sdd 21141 0 168918 2952853 55844994 23723322 4566308112 2219630353 92 17830113 2222564287
======================
   8      48 sdd 21146 0 168958 2953961 55847081 23723334 4567620880 2220249970 115 17835116 2223187932
======================
   8      48 sdd 21151 0 168998 2955088 55849166 23723347 4568933008 2220870304 139 17840119 2223809809
======================
   8      48 sdd 21157 0 169046 2956255 55851251 23723360 4570245136 2221479903 137 17845122 2224420480
======================
   8      48 sdd 21162 0 169086 2957390 55853337 23723363 4571557264 2222094616 137 17850125 2225037390
======================
   8      48 sdd 21167 0 169126 2958591 55855424 23723376 4572870416 2222702557 151 17855127 2225644822
======================
   8      48 sdd 21173 0 169174 2959586 55857507 23723390 4574181272 2223338640 141 17860130 2226282608
======================
   8      48 sdd 21178 0 169214 2960837 55859595 23723402 4575494048 2223979717 157 17865133 2226924978
======================
   8      48 sdd 21183 0 169254 2962235 55861682 23723415 4576807456 2224594321 148 17870137 2227540866
======================
   8      48 sdd 21189 0 169302 2963250 55863767 23723428 4578119584 2225227951 132 17875140 2228175921
======================
   8      48 sdd 21194 0 169342 2964716 55865857 23723440 4579434272 2225821719 139 17880143 2228771328
======================
   8      48 sdd 21199 0 169382 2965953 55867939 23723453 4580744480 2226440799 138 17885146 2229391533
======================
   8      48 sdd 21205 0 169430 2967199 55870028 23723466 4582059168 2227052538 155 17890147 2230004205
======================
   8      48 sdd 21210 0 169470 2968591 55872117 23723478 4583373088 2227649794 146 17895150 2230602886
======================
   8      48 sdd 21215 0 169510 2969864 55874189 23723491 4584677024 2228253580 135 17900154 2231208143
======================
   8      48 sdd 21220 0 169550 2970767 55876267 23723504 4585985312 2228886302 131 17905157 2231841120
======================
   8      48 sdd 21225 0 169590 2971894 55878358 23723516 4587300000 2229501390 146 17910160 2232457515
======================
   8      48 sdd 21230 0 169630 2973030 55880452 23723529 4588617632 2230117928 139 17915164 2233074988
======================
   8      48 sdd 21235 0 169670 2974138 55882205 23723559 4589715056 2230611717 0 17919353 2233545262
started
======================
   8      48 sdd 21368 0 170728 2974232 55887252 23723559 4590041120 2230807375 142 17920748 2233743787
======================
   8      48 sdd 21368 0 170728 2974232 55907262 23723561 4591340896 2231527951 135 17925786 2234464267
======================
   8      48 sdd 21368 0 170728 2974232 55927101 23723562 4592633432 2232243676 138 17930790 2235180070
======================
   8      48 sdd 21368 0 170728 2974232 55946869 23723563 4593925360 2232959533 148 17935793 2235895836
======================
   8      48 sdd 21368 0 170728 2974232 55966640 23723564 4595217696 2233674894 155 17940798 2236611107
======================
   8      48 sdd 21368 0 170728 2974232 55986390 23723565 4596508296 2234390570 151 17945801 2237326896
======================
   8      48 sdd 21368 0 170728 2974232 56006164 23723566 4597800664 2235106432 155 17950805 2238042765
======================
   8      48 sdd 21368 0 170728 2974232 56025961 23723567 4599092512 2235821503 136 17955809 2238757765
======================
   8      48 sdd 21368 0 170728 2974232 56045703 23723568 4600383672 2236536001 140 17960812 2239472219
======================
   8      48 sdd 21368 0 170728 2974232 56065462 23723569 4601675664 2237251999 143 17965815 2240188031
======================
   8      48 sdd 21368 0 170728 2974232 56085190 23723570 4602966312 2237967229 145 17970819 2240903388
======================
   8      48 sdd 21368 0 170728 2974232 56104911 23723571 4604256000 2238682186 138 17975822 2241618276
======================
   8      48 sdd 21368 0 170728 2974232 56124690 23723572 4605549432 2239397552 137 17980825 2242333623
======================
   8      48 sdd 21368 0 170728 2974232 56144473 23723573 4606840200 2240112582 132 17985828 2243048445
======================
   8      48 sdd 21368 0 170728 2974232 56164257 23723574 4608131648 2240827469 147 17990831 2243763342
======================
   8      48 sdd 21368 0 170728 2974232 56184034 23723575 4609423776 2241542413 144 17995835 2244478350
======================
   8      48 sdd 21368 0 170728 2974232 56203797 23723576 4610715320 2242257084 142 18000837 2245192956
======================
   8      48 sdd 21368 0 170728 2974232 56223569 23723577 4612008928 2242972060 148 18005841 2245907981
======================
   8      48 sdd 21368 0 170728 2974232 56243316 23723578 4613299832 2243687336 147 18010844 2246623187
======================
   8      48 sdd 21368 0 170728 2974232 56263092 23723579 4614591744 2244402588 149 18015847 2247338508
======================
   8      48 sdd 21368 0 170728 2974232 56282875 23723580 4615884504 2245118330 144 18020850 2248054197
======================
   8      48 sdd 21368 0 170728 2974232 56302659 23723581 4617175408 2245833318 138 18025853 2248769124
======================
   8      48 sdd 21368 0 170728 2974232 56322433 23723582 4618468552 2246548769 142 18030857 2249484615
======================
   8      48 sdd 21368 0 170728 2974232 56342211 23723583 4619759840 2247264432 142 18035861 2250200253
======================
   8      48 sdd 21368 0 170728 2974232 56361962 23723584 4621051192 2247979414 137 18040864 2250915046
======================
   8      48 sdd 21368 0 170728 2974232 56381754 23723585 4622344128 2248694364 155 18045867 2251630039
======================
   8      48 sdd 21368 0 170728 2974232 56401479 23723586 4623633496 2249409734 144 18050870 2252345368
======================
   8      48 sdd 21368 0 170728 2974232 56421231 23723587 4624925568 2250125068 138 18055874 2253060622
======================
   8      48 sdd 21368 0 170728 2974232 56440989 23723588 4626218264 2250839668 158 18060878 2253775372
======================
   8      48 sdd 21368 0 170728 2974232 56460744 23723589 4627509232 2251554655 149 18065881 2254490223
======================
   8      48 sdd 21368 0 170728 2974232 56480503 23723590 4628801608 2252269385 136 18070884 2255205024
======================
   8      48 sdd 21368 0 170728 2974232 56500271 23723591 4630093088 2252984204 146 18075888 2255919704
======================
   8      48 sdd 21368 0 170728 2974232 56520009 23723592 4631384632 2253698852 154 18080891 2256634748
======================
   8      48 sdd 21368 0 170728 2974232 56539752 23723593 4632678776 2254414862 157 18085894 2257350145
======================
   8      48 sdd 21368 0 170728 2974232 56559526 23723594 4633970320 2255130265 129 18090897 2258065528
======================
   8      48 sdd 21368 0 170728 2974232 56579301 23723595 4635261504 2255845053 132 18095900 2258780316
======================
   8      48 sdd 21368 0 170728 2974232 56599052 23723596 4636554040 2256560630 159 18100903 2259496002
======================
   8      48 sdd 21368 0 170728 2974232 56618803 23723597 4637844736 2257276053 154 18105907 2260211428
======================
   8      48 sdd 21368 0 170728 2974232 56638565 23723598 4639137336 2257991556 138 18110911 2260926774
======================
   8      48 sdd 21368 0 170728 2974232 56658307 23723599 4640428416 2258706641 142 18115914 2261641789
======================
   8      48 sdd 21368 0 170728 2974232 56678116 23723600 4641721368 2259421556 143 18120919 2262356743
======================
   8      48 sdd 21368 0 170728 2974232 56697861 23723601 4643012880 2260137151 144 18125922 2263072479
======================
   8      48 sdd 21368 0 170728 2974232 56717642 23723602 4644303976 2260852666 141 18130926 2263787881
======================
   8      48 sdd 21368 0 170728 2974232 56737388 23723603 4645595584 2261567330 141 18135929 2264502612
======================
   8      48 sdd 21368 0 170728 2974232 56757116 23723604 4646885472 2262281644 159 18140932 2265216859
======================
   8      48 sdd 21368 0 170728 2974232 56776794 23723605 4648173880 2262996973 131 18145935 2265932187
======================
   8      48 sdd 21368 0 170728 2974232 56796550 23723606 4649465800 2263712183 153 18150939 2266647371
======================
   8      48 sdd 21368 0 170728 2974232 56816270 23723607 4650755744 2264427180 147 18155942 2267362274
======================
   8      48 sdd 21368 0 170728 2974232 56835746 23723608 4652029072 2265142875 129 18160946 2268077971
======================
   8      48 sdd 21368 0 170728 2974232 56855539 23723609 4653324328 2265857819 146 18165950 2268792849
======================
   8      48 sdd 21368 0 170728 2974232 56875367 23723610 4654620520 2266572879 128 18170952 2269507798
======================
   8      48 sdd 21368 0 170728 2974232 56895147 23723611 4655913536 2267287913 133 18175956 2270222783
======================
   8      48 sdd 21368 0 170728 2974232 56914912 23723612 4657204768 2268002849 139 18180960 2270937810
======================
   8      48 sdd 21368 0 170728 2974232 56934678 23723613 4658495856 2268718049 151 18185963 2271652950
======================
   8      48 sdd 21368 0 170728 2974232 56954478 23723614 4659787568 2269432844 128 18190966 2272367680
======================
   8      48 sdd 21368 0 170728 2974232 56974252 23723614 4661079240 2270147624 131 18195970 2273082464
======================
   8      48 sdd 21368 0 170728 2974232 56993949 23723615 4662368848 2270862708 148 18200972 2273797510
======================
   8      48 sdd 21368 0 170728 2974232 57013735 23723616 4663662376 2271577949 140 18205978 2274512761
======================
   8      48 sdd 21368 0 170728 2974232 57033506 23723617 4664953104 2272293029 147 18210981 2275227642
======================
   8      48 sdd 21368 0 170728 2974232 57053234 23723618 4666244968 2273008157 133 18215985 2275942844
======================
   8      48 sdd 21368 0 170728 2974232 57072978 23723619 4667535768 2273723528 135 18220988 2276658187
======================
   8      48 sdd 21368 0 170728 2974232 57092781 23723620 4668828208 2274438628 142 18225992 2277373364
======================
   8      48 sdd 21368 0 170728 2974232 57112518 23723621 4670120560 2275154393 151 18230995 2278088979
======================
   8      48 sdd 21368 0 170728 2974232 57132264 23723622 4671411144 2275869292 151 18235998 2278804479
======================
   8      48 sdd 21368 0 170728 2974232 57151997 23723623 4672702368 2276584577 132 18241001 2279519018
======================
   8      48 sdd 21368 0 170728 2974232 57171736 23723624 4673995448 2277299478 139 18246005 2280234003
======================
   8      48 sdd 21368 0 170728 2974232 57191482 23723625 4675286936 2278014827 139 18251008 2280949368
======================
   8      48 sdd 21368 0 170728 2974232 57211235 23723626 4676577456 2278730034 132 18256010 2281664358
======================
   8      48 sdd 21368 0 170728 2974232 57231008 23723627 4677870080 2279445021 137 18261013 2282379432
======================
   8      48 sdd 21368 0 170728 2974232 57250722 23723628 4679158672 2280160482 137 18266016 2283094822
======================
   8      48 sdd 21368 0 170728 2974232 57270495 23723629 4680451816 2280875534 142 18271019 2283809874
======================
   8      48 sdd 21368 0 170728 2974232 57290256 23723630 4681743120 2281590744 143 18276023 2284525107
======================
   8      48 sdd 21368 0 170728 2974232 57310017 23723631 4683033896 2282306347 144 18281026 2285240648
======================
   8      48 sdd 21368 0 170728 2974232 57329805 23723632 4684325880 2283021522 134 18286030 2285955882
======================
   8      48 sdd 21368 0 170728 2974232 57349516 23723633 4685616248 2283736939 137 18291033 2286671280
======================
   8      48 sdd 21368 0 170728 2974232 57369247 23723634 4686908560 2284452613 152 18296037 2287387007
======================
   8      48 sdd 21368 0 170728 2974232 57389032 23723635 4688200872 2285167934 145 18301040 2288102203
======================
   8      48 sdd 21368 0 170728 2974232 57408763 23723636 4689490432 2285883262 128 18306045 2288817581
======================
   8      48 sdd 21368 0 170728 2974232 57428548 23723637 4690783768 2286598438 153 18311048 2289532731
======================
   8      48 sdd 21368 0 170728 2974232 57448319 23723638 4692074552 2287313725 128 18316052 2290247950
======================
   8      48 sdd 21368 0 170728 2974232 57468042 23723639 4693366928 2288029408 151 18321056 2290963698
======================
   8      48 sdd 21368 0 170728 2974232 57487835 23723640 4694658720 2288744447 136 18326059 2291678696
======================
   8      48 sdd 21368 0 170728 2974232 57507564 23723641 4695949296 2289459168 153 18331062 2292393426
======================
   8      48 sdd 21368 0 170728 2974232 57527303 23723642 4697241616 2290174191 129 18336065 2293108243
======================
   8      48 sdd 21368 0 170728 2974232 57547045 23723643 4698533880 2290889084 132 18341069 2293823196
======================
   8      48 sdd 21368 0 170728 2974232 57566796 23723644 4699826192 2291603826 154 18346073 2294537850
======================
   8      48 sdd 21368 0 170728 2974232 57586570 23723645 4701117848 2292318757 131 18351076 2295252766
======================
   8      48 sdd 21368 0 170728 2974232 57606336 23723646 4702409840 2293033440 143 18356080 2295967451
======================
   8      48 sdd 21368 0 170728 2974232 57626100 23723647 4703699400 2293748294 151 18361083 2296682337
======================
   8      48 sdd 21368 0 170728 2974232 57645836 23723648 4704992288 2294462505 135 18366086 2297396564
======================
   8      48 sdd 21368 0 170728 2974232 57665540 23723649 4706280264 2295177653 145 18371089 2298111749
======================
   8      48 sdd 21368 0 170728 2974232 57685252 23723650 4707569120 2295892522 147 18376092 2298826539
======================
   8      48 sdd 21368 0 170728 2974232 57705002 23723651 4708858736 2296607435 143 18381095 2299541373
======================
   8      48 sdd 21368 0 170728 2974232 57724743 23723652 4710148560 2297322125 148 18386099 2300256756
======================
   8      48 sdd 21368 0 170728 2974232 57744473 23723653 4711438184 2298037598 132 18391102 2300971478
======================
   8      48 sdd 21368 0 170728 2974232 57764230 23723654 4712728728 2298752371 153 18396105 2301686218
