5739.960
5107.509
5218.896
6332.873
5472.789
5319.741
5591.563
5930.563
6288.557
5715.601
6500.636
5995.019
5862.389
6053.887
6265.197
6177.711
5490.386
6018.011
5346.008
6267.938
5859.628
5897.529
5273.279
6194.283
5527.993
5785.394
5575.655
5854.919
6471.722
6407.103
6057.871
5665.436
6362.832
6833.453
6404.717
6459.652
6354.506
6562.835
5836.135
6331.483
6089.925
5823.307
6115.085
6002.214
6382.234
6250.920
6258.222
5293.299
6168.649
6160.043
5563.341
6345.092
6144.653
5978.355
5598.426
6059.047
5603.345
6000.611
5742.744
5591.550
6179.719
5889.859
6198.599
6545.319
5401.736
6223.296
5840.050
5648.596
5938.036
6241.501
5489.597
5299.994
5233.629
6081.659
5942.990
5600.590
6255.283
5832.977
6161.097
5418.711
6529.368
6394.888
5623.009
6022.348
6288.295
5368.970
5364.413
6705.825
6011.224
5645.047
5518.803
6350.012
6005.892
5555.799
5842.620
6116.345
6517.783
6105.104
6213.098
6166.612
5831.336
6036.682
5685.397
6246.782
6376.439
5188.686
6287.691
6118.370
6269.244
6034.425
6347.833
5777.092
6101.997
6478.482
5812.473
6300.119
6261.920
6332.123
5411.934
6063.572
5793.424
5445.425
6136.294
5637.873
6195.640
5570.506
6277.602
6330.010
6041.219
6145.195
5452.349
5534.639
5946.531
6308.849
6343.442
5207.779
6000.103
6157.566
5504.324
6166.642
5464.288
5792.119
6130.775
5466.759
6243.950
6479.224
5590.370
5793.005
6189.667
5308.764
5333.754
5162.272
5518.242
5354.449
6242.984
5824.584
5552.344
6001.546
6105.939
5662.943
5820.905
6358.076
5707.902
5707.865
5942.970
6099.129
6430.767
6082.590
5150.088
6142.204
5979.926
6063.597
6350.363
5476.351
5983.988
5976.820
6149.853
5493.420
5186.347
5606.192
5446.273
5818.036
6362.439
5945.122
5068.731
5523.586
6163.487
5502.010
6065.681
6025.615
6110.540
5348.711
6144.557
5557.690
5947.330
5963.815
5813.742
6358.582
5997.598
5959.797
6273.005
5803.758
4626.093
