======================
   8      48 sdd 25855 5548 251210 118061 16109752 7747763 190860120 41835494 0 543156 41959869
======================
   8      48 sdd 25860 5548 251250 118063 16109752 7747763 190860120 41835494 0 543158 41959871
======================
   8      48 sdd 25874 5548 251362 118067 16109808 7752026 190894672 41839706 0 543372 41964087
======================
   8      48 sdd 25874 5548 251362 118067 16109893 7756245 190929104 41840953 0 543403 41965334
======================
started
   8      48 sdd 25874 5548 251362 118067 16109899 7756251 190929200 41840954 0 543404 41965335
======================
   8      48 sdd 25966 5548 252098 118148 16116393 7756251 190981152 41853355 0 543569 41977812
======================
   8      48 sdd 26033 5548 252634 118158 16132937 7758684 191132968 41855099 0 543858 41979564
======================
   8      48 sdd 26089 5548 253082 118559 16199263 7768759 191744176 42000184 131 545239 42125514
======================
   8      48 sdd 26133 5548 253434 118757 16216177 7776190 191938936 42102638 0 546075 42227855
======================
   8      48 sdd 26175 5548 253770 118981 16252272 7787580 192318824 42152915 12 546862 42278426
======================
   8      48 sdd 26217 5548 254106 119262 16292445 7792235 192677440 42195532 0 547782 42321310
======================
   8      48 sdd 26290 5548 254690 122213 16364546 7804252 193350384 42407058 0 549804 42535939
======================
   8      48 sdd 26368 5548 255314 122263 16364628 7810482 193400880 42409381 0 549889 42538309
======================
   8      48 sdd 26408 5548 255634 122644 16435577 7820545 194048976 42567393 0 551625 42696738
======================
   8      48 sdd 26456 5548 256018 122843 16440885 7826932 194142536 42582074 0 552009 42711643
======================
   8      48 sdd 26500 5548 256370 123089 16472305 7837932 194481896 42634096 0 552720 42763921
======================
   8      48 sdd 26547 5548 256746 123434 16518828 7842433 194890088 42694715 0 553767 42824872
======================
   8      48 sdd 26593 5548 257114 124025 16578103 7855768 195470968 42878724 0 555640 43009439
======================
   8      48 sdd 26641 5548 257498 124210 16601410 7861830 195705920 42915617 0 556177 43046507
======================
   8      48 sdd 26680 5548 257810 124548 16646839 7874191 196168240 42956781 0 557410 43087979
======================
   8      48 sdd 26720 5548 258130 124678 16669935 7879209 196393152 42990181 103 557888 43121615
======================
   8      48 sdd 26758 5548 258434 124929 16715558 7891451 196841936 43045943 23 558984 43177638
======================
   8      48 sdd 26807 5549 258834 125336 16782102 7901662 197438072 43139249 66 560642 43271451
======================
   8      48 sdd 26850 5549 259178 125544 16784342 7905616 197499960 43166649 32 560978 43299021
======================
   8      48 sdd 26889 5549 259490 125627 16801943 7915710 197741224 43188087 81 561458 43320462
======================
   8      48 sdd 26932 5550 259842 125922 16849370 7920995 198162920 43235106 0 562551 43367706
======================
   8      48 sdd 27005 5550 260426 126138 16873103 7931091 198433552 43256607 0 563201 43389408
======================
   8      48 sdd 27095 5585 261426 126394 16913055 7935777 198790656 43283157 0 564146 43416195
======================
   8      48 sdd 27129 5585 261698 126681 16974792 7947471 199378104 43338701 1 565832 43472079
======================
   8      48 sdd 27171 5585 262034 126712 16974826 7949941 199398136 43339096 0 565878 43472499
======================
   8      48 sdd 27207 5585 262322 127034 17035407 7962166 199980584 43402687 0 567321 43536493
======================
   8      48 sdd 27245 5585 262626 127113 17042371 7964907 200058224 43410404 60 567532 43544337
======================
   8      48 sdd 27282 5585 262922 127222 17072835 7975395 200385840 43453573 84 568193 43587621
======================
   8      48 sdd 27323 5589 263282 127536 17104458 7983795 200706024 43505144 1 569098 43639468
======================
   8      48 sdd 27381 5602 263850 127891 17167983 7990105 201264704 43577589 0 570668 43712236
======================
   8      48 sdd 27421 5602 264170 127985 17173428 8001256 201397472 43594574 61 570906 43729314
======================
   8      48 sdd 27483 5611 264738 128577 17228977 8006976 201887624 43626928 0 572385 43762226
======================
   8      48 sdd 27523 5611 265058 128705 17242754 8016275 202072232 43649120 1 572823 43784545
======================
   8      48 sdd 27562 5611 265370 128998 17291891 8021617 202508064 43708154 0 573857 43843943
======================
   8      48 sdd 27599 5611 265666 129279 17348621 8033061 203032752 43855243 192 575351 44008400
======================
   8      48 sdd 27643 5611 266018 129526 17354331 8035937 203122144 43889648 0 575824 44025950
======================
   8      48 sdd 27678 5611 266298 129595 17377369 8045992 203386888 43902648 96 576338 44039126
======================
   8      48 sdd 27758 5612 266946 129832 17416249 8050780 203736232 43951355 1 577218 44087956
======================
   8      48 sdd 27865 5630 267946 130326 17478896 8062807 204333624 44043263 0 578805 44180371
======================
   8      48 sdd 27901 5630 268234 130428 17478926 8064980 204351248 44043561 0 578925 44180771
======================
   8      48 sdd 28014 5710 269778 130697 17541063 8077038 204944808 44088596 0 580351 44226136
======================
   8      48 sdd 28051 5710 270074 130882 17544772 8079266 204992304 44089182 3 580619 44226906
======================
   8      48 sdd 28118 5727 270746 131042 17574276 8089699 205311800 44109297 38 581262 44247197
======================
   8      48 sdd 28208 5809 272122 131406 17610940 8094076 205640128 44136789 2 582248 44275013
======================
   8      48 sdd 28249 5809 272450 131706 17671744 8106660 206227232 44260630 0 583835 44399222
======================
   8      48 sdd 28287 5809 272754 131860 17677769 8109334 206296824 44261501 0 584110 44400255
======================
   8      48 sdd 28358 5840 273570 132188 17737268 8121837 206872840 44353075 1 585655 44492324
======================
   8      48 sdd 28394 5840 273858 132309 17740066 8124067 206913072 44354419 1 585871 44493779
======================
   8      48 sdd 28459 5853 274482 132550 17801741 8136267 207504064 44418733 0 587322 44558310
======================
   8      48 sdd 28498 5853 274794 132640 17807878 8139001 207575032 44426920 0 587536 44566583
======================
   8      48 sdd 28535 5853 275090 132836 17837554 8149883 207899496 44462212 0 588272 44602058
======================
   8      48 sdd 28574 5853 275402 133031 17869450 8153892 208186736 44504519 13 588995 44644655
======================
   8      48 sdd 28609 5853 275682 133412 17934794 8166063 208806856 44683657 0 590808 44824312
======================
   8      48 sdd 28644 5853 275962 133444 17935681 8168369 208832400 44684110 5 590881 44824798
======================
   8      48 sdd 28713 5853 276514 133825 17999094 8180869 209439704 44757529 0 592663 44898573
======================
   8      48 sdd 28784 5853 277082 133854 17999126 8183219 209458760 44757887 0 592697 44898960
======================
   8      48 sdd 28821 5853 277378 134097 18060745 8195529 210042376 44873725 150 594242 45032737
======================
   8      48 sdd 28860 5856 277714 134351 18063610 8197821 210091448 44902442 0 594556 45044019
======================
   8      48 sdd 28895 5856 277994 134435 18096256 8208204 210435680 44917841 0 595268 45059495
======================
   8      48 sdd 29010 5975 279866 134639 18129328 8212480 210734464 44934056 14 596097 45075895
======================
   8      48 sdd 29043 5975 280130 134974 18191701 8224764 211331720 45094405 0 597785 45236638
======================
   8      48 sdd 29081 5975 280434 135126 18191732 8227049 211350248 45094732 0 597956 45237117
======================
   8      48 sdd 29150 5998 281170 135376 18254780 8239462 211948832 45184834 169 599446 45355644
======================
   8      48 sdd 29187 5998 281466 135691 18256406 8241692 211984784 45222896 0 599679 45365856
======================
   8      48 sdd 29223 5998 281754 135755 18288660 8251923 212324664 45241835 0 600363 45384849
======================
   8      48 sdd 29308 6040 282770 136183 18321289 8260263 212652416 45272626 0 601294 45416091
======================
   8      48 sdd 29413 6075 283890 136628 18389527 8268536 213264504 45417944 0 603067 45561864
======================
   8      48 sdd 29450 6075 284186 136752 18389557 8270756 213282504 45418274 0 603208 45562317
======================
   8      48 sdd 29544 6206 285986 137388 18455062 8283118 213905440 45510067 0 604860 45654784
======================
   8      48 sdd 29582 6206 286290 137577 18455093 8285366 213923672 45510390 0 605067 45655296
======================
   8      48 sdd 29618 6206 286578 137639 18481884 8298144 214240224 45532360 0 605646 45677333
======================
   8      48 sdd 29748 6226 287778 138346 18521403 8303937 214602720 45562384 0 606874 45708123
======================
   8      48 sdd 29816 6259 288586 138834 18548913 8307638 214852408 45579395 0 607733 45725623
======================
   8      48 sdd 29861 6267 289010 139146 18590485 8318902 215275096 45649307 0 608830 45795834
======================
   8      48 sdd 29917 6291 289650 139275 18613584 8321972 215484448 45668882 14 609367 45815646
======================
   8      48 sdd 29974 6312 290274 139789 18659763 8333453 215945728 45703517 0 610649 45850836
======================
   8      48 sdd 30044 6375 291338 139912 18677748 8336338 216112688 45719873 1 611090 45867316
======================
   8      48 sdd 30086 6385 291754 140178 18727537 8347061 216596784 45763714 0 612311 45911430
======================
   8      48 sdd 30148 6441 292698 140331 18754941 8350335 216842208 45778800 94 613006 45926812
======================
   8      48 sdd 30183 6441 292978 140640 18795954 8361541 217259960 45871684 0 614212 46019964
======================
   8      48 sdd 30222 6441 293290 140715 18805814 8364041 217358840 45872716 0 614509 46021067
======================
   8      48 sdd 30301 6467 294130 141139 18864570 8375932 217924016 46026851 0 616131 46175607
======================
   8      48 sdd 30334 6467 294394 141239 18864600 8378110 217941680 46027157 0 616249 46176012
======================
   8      48 sdd 30405 6521 295394 141739 18930837 8390308 218569160 46134059 0 617851 46283386
======================
   8      48 sdd 30443 6521 295698 141853 18930868 8392554 218587376 46134383 0 617983 46283824
======================
   8      48 sdd 30478 6521 295978 141958 18977819 8403639 219051664 46180620 118 619057 46330439
======================
   8      48 sdd 30529 6538 296522 142544 18997254 8407485 219237912 46218786 0 619795 46369005
======================
   8      48 sdd 30601 6538 297098 142798 19026464 8417655 219552952 46263361 0 620517 46413925
======================
   8      48 sdd 30776 6659 299466 144018 19060953 8422139 219864736 46298689 0 621573 46450560
======================
   8      48 sdd 30812 6659 299754 144439 19127729 8434053 220494256 46468421 0 623422 46620676
======================
   8      48 sdd 30850 6659 300058 144564 19127760 8436335 220512760 46468755 0 623566 46621135
======================
   8      48 sdd 30904 6670 300578 144812 19182621 8448206 221046616 46528277 150 624816 46681167
======================
   8      48 sdd 30993 6670 301290 145343 19194526 8451797 221170584 46579306 0 625357 46732453
======================
   8      48 sdd 31041 6670 301674 145542 19219189 8462346 221452280 46608891 0 626047 46762227
======================
   8      48 sdd 31111 6694 302426 146141 19260245 8467076 221818568 46641140 0 627385 46795136
======================
   8      48 sdd 31205 6783 303890 146974 19326174 8479106 222442240 46778701 0 629313 46933493
======================
   8      48 sdd 31258 6783 304314 147111 19326204 8481341 222460360 46779021 0 629456 46933950
======================
   8      48 sdd 31329 6803 305042 147465 19393179 8493422 223092808 46849262 0 631112 47004565
======================
   8      48 sdd 31366 6803 305338 147498 19393210 8495660 223110960 46849601 0 631163 47004937
======================
   8      48 sdd 31406 6803 305658 147680 19418143 8505927 223392560 46878890 0 631858 47034394
======================
   8      48 sdd 31515 6890 307226 148019 19460169 8510740 223767272 46909505 0 632930 47065372
======================
   8      48 sdd 31556 6908 307698 148176 19484372 8520936 224042464 46946492 0 633513 47102525
======================
   8      48 sdd 31680 7058 309890 148560 19527699 8525869 224428544 46982122 0 634556 47138517
======================
   8      48 sdd 31776 7128 311218 149945 19570332 8537071 224859224 47052381 0 635813 47210221
======================
   8      48 sdd 31868 7220 312690 150226 19608766 8541235 225200008 47119222 13 636656 47277393
======================
   8      48 sdd 31904 7220 312978 150477 19619257 8551382 225365112 47183236 0 637277 47341743
======================
   8      48 sdd 32004 7300 314418 150655 19644294 8554804 225592784 47195355 0 637983 47354045
======================
   8      48 sdd 32040 7300 314706 150940 19690839 8564838 226045416 47263511 0 639153 47422480
======================
   8      48 sdd 32112 7307 315338 151105 19710912 8568151 226232504 47282996 0 639697 47442117
======================
   8      48 sdd 32171 7363 316258 151351 19760774 8580247 226728168 47348405 0 640796 47507954
======================
   8      48 sdd 32232 7423 317226 151446 19778002 8583262 226890112 47367536 0 641173 47527176
======================
   8      48 sdd 32298 7439 317882 151697 19822967 8593972 227335512 47441253 151 642170 47601663
======================
   8      48 sdd 32348 7439 318282 152130 19830767 8602096 227462904 47474843 0 642816 47635345
======================
   8      48 sdd 32454 7671 320986 152382 19872337 8606414 227830008 47494045 0 643809 47654784
======================
   8      48 sdd 32489 7671 321266 152652 19902372 8616577 228151592 47521188 0 644662 47682185
======================
   8      48 sdd 32593 7749 322722 153072 19965027 8625161 228721504 47597249 0 646267 47758640
======================
   8      48 sdd 32632 7749 323034 153109 19970405 8627412 228782536 47604187 0 646399 47765612
======================
   8      48 sdd 32665 7749 323298 153452 20031080 8639601 229365448 47706882 0 647972 47868767
======================
   8      48 sdd 32704 7749 323610 153473 20037704 8641962 229437328 47717220 71 648126 47879257
======================
   8      48 sdd 32732 7749 323834 153779 20077795 8648472 229810136 47840294 0 649263 48002605
