======================
   8      48 sdd 1052 0 8404 119061 220251 1577000 138609688 65676531 0 525880 65794518
started
======================
   8      48 sdd 1060 0 8468 119506 221745 1577009 139545008 66039751 129 528834 66182258
======================
   8      48 sdd 1067 0 8524 120711 223852 1577027 140868096 66674804 138 533869 66818157
======================
   8      48 sdd 1072 0 8564 121827 225938 1577040 142180864 67293107 136 538871 67437493
======================
   8      48 sdd 1077 0 8604 122740 228028 1577053 143495936 67916120 22 543872 68044536
======================
   8      48 sdd 1083 0 8652 124188 230116 1577066 144809984 68509701 149 548874 68655749
======================
   8      48 sdd 1088 0 8692 125283 232202 1577081 146122768 69148609 148 553877 69285809
======================
   8      48 sdd 1094 0 8740 126483 234293 1577093 147438096 69760624 141 558881 69900526
======================
   8      48 sdd 1099 0 8780 127647 236382 1577106 148752528 70377371 129 563885 70520591
======================
   8      48 sdd 1104 0 8820 128729 238468 1577119 150065296 70997007 149 568888 71149149
======================
   8      48 sdd 1110 0 8868 130053 240558 1577131 151379984 71609314 138 573892 71758840
======================
   8      48 sdd 1115 0 8908 131220 242646 1577144 152694032 72233328 150 578895 72385277
======================
   8      48 sdd 1120 0 8948 132456 244733 1577157 154007440 72849718 151 583898 73004096
======================
   8      48 sdd 1126 0 8996 133657 246823 1577170 155321504 73463241 144 588900 73619433
======================
   8      48 sdd 1131 0 9036 134744 248912 1577183 156635936 74088854 129 593905 74246689
======================
   8      48 sdd 1136 0 9076 136210 250998 1577196 157948704 74684467 156 598908 74843771
======================
   8      48 sdd 1142 0 9124 137261 253088 1577208 159263392 75312206 154 603910 75472902
======================
   8      48 sdd 1147 0 9164 138599 255175 1577221 160576800 75912364 145 608912 76074528
======================
   8      48 sdd 1152 0 9204 139718 257261 1577234 161889568 76530499 145 613915 76693819
======================
   8      48 sdd 1158 0 9252 141051 259352 1577246 163204640 77125449 140 618919 77289969
======================
   8      48 sdd 1163 0 9292 141961 261440 1577259 164518688 77763867 148 623923 77929079
======================
   8      48 sdd 1168 0 9332 143125 263526 1577273 165831464 78407273 143 628927 78573924
======================
   8      48 sdd 1174 0 9380 144354 265617 1577284 167146784 79043741 139 633929 79211294
======================
   8      48 sdd 1179 0 9420 145517 267703 1577297 168459552 79680984 129 638931 79849527
======================
   8      48 sdd 1184 0 9460 146760 269788 1577310 169771680 80297650 130 643935 80468201
======================
   8      48 sdd 1190 0 9508 148222 271878 1577323 171085744 80886286 151 648936 81057850
======================
   8      48 sdd 1195 0 9548 149626 273965 1577336 172398896 81483467 141 653940 81656499
======================
   8      48 sdd 1200 0 9588 150674 276049 1577349 173710384 82112053 150 658944 82286969
======================
   8      48 sdd 1206 0 9636 151896 278142 1577361 175026992 82725984 148 663946 82901327
======================
   8      48 sdd 1211 0 9676 153031 280200 1577374 176321968 83339119 157 668948 83516125
======================
   8      48 sdd 1216 0 9716 154341 282299 1577387 177642928 83952640 152 673951 84130434
======================
   8      48 sdd 1222 0 9764 155542 284401 1577399 178965296 84560109 145 678955 84739091
======================
   8      48 sdd 1227 0 9804 156668 286488 1577412 180278448 85174157 154 683957 85354222
======================
   8      48 sdd 1232 0 9844 157789 288574 1577425 181591216 85793341 132 688961 85974880
======================
   8      48 sdd 1238 0 9892 159025 290664 1577437 182905904 86395712 139 693963 86578507
======================
   8      48 sdd 1243 0 9932 160112 292751 1577451 184219320 87034823 147 698967 87218624
======================
   8      48 sdd 1248 0 9972 161268 294837 1577464 185532088 87675423 157 703970 87859850
======================
   8      48 sdd 1254 0 10020 162315 296929 1577477 186847432 88303255 148 708973 88488939
======================
   8      48 sdd 1259 0 10060 163497 299017 1577490 188161224 88922074 131 713976 89108417
======================
   8      48 sdd 1264 0 10100 164728 301104 1577503 189474632 89538018 151 718981 89726052
======================
   8      48 sdd 1270 0 10148 165912 303195 1577515 190789960 90155930 137 723984 90345294
======================
   8      48 sdd 1275 0 10188 167302 305281 1577528 192102728 90751776 129 728986 90941935
======================
   8      48 sdd 1280 0 10228 168646 307368 1577541 193416136 91355012 135 733990 91546587
======================
   8      48 sdd 1286 0 10276 169835 309459 1577553 194731208 91962674 130 738993 92154859
======================
   8      48 sdd 1291 0 10316 170957 311547 1577566 196045256 92581763 125 743997 92775000
======================
   8      48 sdd 1296 0 10356 172078 313633 1577579 197358024 93196541 122 749001 93390659
======================
   8      48 sdd 1302 0 10404 173051 315723 1577591 198672712 93820420 90 754004 94012837
======================
   8      48 sdd 1308 0 10452 174268 317806 1577604 199983560 94435665 130 759007 94632188
======================
   8      48 sdd 1312 0 10484 175409 319892 1577618 201296336 95079187 87 764010 95273623
======================
   8      48 sdd 1319 0 10540 176831 321979 1577631 202610352 95700231 150 769012 95897108
======================
   8      48 sdd 1324 0 10580 177989 324061 1577640 203919288 96323550 154 774015 96521237
======================
   8      48 sdd 1328 0 10612 179053 326149 1577653 205233336 96944786 80 779027 97142049
======================
   8      48 sdd 1335 0 10668 180339 328235 1577666 206545848 97558148 147 784030 97758008
======================
   8      48 sdd 1339 0 10700 181406 330321 1577678 207857976 98176313 75 789033 98374846
======================
   8      48 sdd 1344 0 10740 182639 332407 1577691 209170744 98796987 72 794036 98996238
======================
   8      48 sdd 1350 0 10788 184011 334495 1577704 210484792 99401468 67 799038 99600250
======================
   8      48 sdd 1355 0 10828 185398 336580 1577716 211796280 100001641 66 804041 100201834
======================
   8      48 sdd 1360 0 10868 186782 338664 1577729 213107768 100606901 65 809045 100805889
======================
   8      48 sdd 1367 0 10924 188071 340753 1577742 214422456 101224882 145 814048 101428180
======================
   8      48 sdd 1372 0 10964 189184 342841 1577754 215735864 101846916 141 819050 102052031
======================
   8      48 sdd 1376 0 10996 190248 344927 1577767 217048376 102478207 52 824054 102670087
======================
   8      48 sdd 1382 0 11044 191308 347017 1577781 218363712 103101539 45 829056 103292022
======================
   8      48 sdd 1387 0 11084 192433 349104 1577793 219677040 103721049 15 834058 103916691
======================
   8      48 sdd 1392 0 11124 193527 351191 1577806 220990448 104335392 11 839060 104530567
======================
   8      48 sdd 1398 0 11172 194534 353282 1577819 222306416 104961686 30 844063 105163673
======================
   8      48 sdd 1404 0 11220 195785 355366 1577832 223617272 105605628 55 849067 105814201
======================
   8      48 sdd 1408 0 11252 196928 357451 1577836 224929144 106226709 1 854069 106422266
======================
   8      48 sdd 1415 0 11308 198511 359538 1577849 226242552 106837683 139 859071 107058179
======================
   8      48 sdd 1420 0 11348 199893 361624 1577862 227555320 107456055 130 864073 107670436
======================
   8      48 sdd 1426 0 11396 201333 363711 1577876 228868104 108061414 139 869077 108266198
======================
   8      48 sdd 1431 0 11436 202451 365801 1577889 230183432 108665336 158 874080 108887896
======================
   8      48 sdd 1436 0 11476 203564 367888 1577902 231496840 109295392 143 879083 109511373
======================
   8      48 sdd 1442 0 11524 204821 369976 1577915 232810632 109904142 153 884087 110116273
======================
   8      48 sdd 1447 0 11564 205948 372063 1577929 234123416 110510847 132 889090 110732077
======================
   8      48 sdd 1452 0 11604 207086 374131 1577942 235424920 111132688 139 894093 111353708
======================
   8      48 sdd 1458 0 11652 208289 376208 1577955 236731928 111749993 139 899095 111960070
======================
   8      48 sdd 1463 0 11692 209385 378303 1577968 238050456 112355669 155 904104 112587802
======================
   8      48 sdd 1468 0 11732 210507 380404 1577981 239373208 112972943 142 909107 113206439
======================
   8      48 sdd 1474 0 11780 211988 382496 1577995 240689184 113598159 133 914109 113822674
======================
   8      48 sdd 1479 0 11820 213155 384587 1578007 242004256 114212911 151 919119 114443850
======================
   8      48 sdd 1484 0 11860 214423 386648 1578020 243301280 114835366 134 924123 115064042
======================
   8      48 sdd 1490 0 11908 215511 388738 1578033 244616608 115469285 142 929126 115695384
======================
   8      48 sdd 1495 0 11948 216525 390838 1578045 245937440 116100760 132 934130 116336753
======================
   8      48 sdd 1500 0 11988 217914 392926 1578058 247251488 116714616 145 939133 116950418
======================
   8      48 sdd 1506 0 12036 219116 395012 1578071 248564896 117329467 148 944136 117564056
======================
   8      48 sdd 1511 0 12076 220283 397104 1578084 249879600 117943463 135 949139 118182893
======================
   8      48 sdd 1516 0 12116 221516 399193 1578097 251194288 118561769 155 954148 118803906
======================
   8      48 sdd 1522 0 12164 222743 401280 1578110 252507440 119177989 129 959150 119418475
======================
   8      48 sdd 1527 0 12204 223905 403373 1578122 253824048 119795844 146 964161 120042063
======================
   8      48 sdd 1532 0 12244 225446 405461 1578135 255138096 120387013 158 969164 120634762
======================
   8      48 sdd 1538 0 12292 226760 407547 1578148 256450864 120986350 147 974167 121233872
======================
   8      48 sdd 1543 0 12332 227919 409638 1578160 257765936 121603932 133 979169 121853961
======================
   8      48 sdd 1548 0 12372 228810 411722 1578173 259077424 122239806 140 984171 122492145
======================
   8      48 sdd 1554 0 12420 230036 413812 1578186 260392752 122843443 129 989174 123094561
======================
   8      48 sdd 1559 0 12460 231068 415901 1578198 261706800 123468444 143 994177 123722404
======================
   8      48 sdd 1564 0 12500 232271 417985 1578211 263018288 124075536 152 999180 124331165
