32697.577
15553.790
15682.125
15992.019
15974.114
15890.428
15865.980
15915.747
16037.750
16121.522
16055.507
16029.069
16033.542
16080.585
15943.597
16131.317
16050.604
16067.856
16086.095
15997.979
16006.809
16128.008
16012.344
16097.722
16031.942
16074.166
16076.621
16048.823
16027.164
16065.915
15863.373
16211.153
16062.709
16035.609
16081.494
16047.083
16005.626
16017.293
16064.102
16031.714
16057.660
16050.769
16081.893
16061.877
15995.666
16017.762
16057.373
15957.569
16084.035
16044.273
16077.132
16062.963
16019.998
15981.811
16045.899
16025.803
16013.627
16045.438
16035.640
16044.914
16045.251
16001.454
15990.552
16026.472
16008.947
16065.985
16031.472
16072.924
16052.934
16132.451
16066.057
16035.361
16011.492
16057.111
16026.204
16077.322
16037.600
16098.891
16085.855
16010.286
16033.353
16064.734
16029.520
16089.567
16049.340
16062.536
16068.424
16091.422
16007.753
16031.337
16061.570
16017.676
16063.724
16104.528
16075.371
16071.613
16014.378
3867.804
