211.965
1561.538
1423.412
699.650
1699.393
1676.557
847.979
874.870
799.979
2522.872
848.081
928.465
199.969
2554.877
891.062
1224.336
528.913
999.858
2022.135
1337.598
843.578
196.072
2435.006
864.547
1688.716
110.884
899.936
2256.616
1119.873
841.945
80.686
2539.328
849.346
910.600
199.954
1583.505
1712.518
839.248
831.740
32.093
1699.769
1635.289
825.712
138.469
485.008
2114.376
1317.145
1096.673
85.681
2488.073
829.823
828.427
252.842
99.877
2499.678
1141.975
1341.117
78.886
1997.664
1366.791
831.286
140.878
1599.798
1728.869
844.740
829.033
96.578
2482.061
834.422
882.829
799.841
102.077
2391.335
826.362
1707.564
72.083
200.760
2496.253
830.021
871.917
790.727
109.077
2395.523
903.857
1577.391
122.471
100.877
2471.738
828.038
824.923
75.083
2587.280
828.936
826.826
156.067
349.226
2248.857
1664.710
828.830
106.077
899.806
2302.183
946.001
450.904
199.862
2487.440
827.921
983.914
300.337
1908.489
1344.808
830.122
829.323
602.367
1971.986
828.525
982.587
199.457
2500.541
829.820
835.315
831.929
614.272
1875.446
927.920
1082.371
101.078
2263.195
669.473
865.620
1000.000
99.979
2691.403
826.727
830.522
828.136
22.197
2478.249
829.151
693.693
98.585
2068.876
968.401
1346.834
829.116
85.281
1771.177
1549.821
827.828
150.265
899.719
1599.795
1659.084
828.278
12.298
2099.664
1224.942
830.652
143.874
100.282
2495.778
833.838
870.445
798.619
899.905
1598.179
901.416
799.829
101.575
2502.654
839.603
855.604
899.877
100.385
2490.885
908.030
999.996
101.780
2398.229
824.526
874.628
799.927
199.855
2385.968
829.926
1083.378
199.957
1263.584
3463.165
