======================
   8      48 sdd 72337814 13853 5894464990 282221920 10048896 37881215 6321715192 2970136313 0 58242030 3252231550
======================
   8      48 sdd 72337823 13853 5894465062 282222116 10049945 37881215 6322376312 2970288089 134 58243346 3252408259
======================
   8      48 sdd 72337829 13853 5894465110 282223299 10052042 37881248 6323692464 2970896688 95 58248349 3253014808
======================
   8      48 sdd 72337835 13853 5894465158 282224545 10054136 37881263 6325007200 2971528604 157 58253351 3253648305
======================
   8      48 sdd 72337841 13853 5894465206 282225794 10056229 37881275 6326322320 2972156811 149 58258353 3254277339
======================
   8      48 sdd 72337846 13853 5894465246 282226964 10058319 37881288 6327638248 2972775165 143 58263356 3254897171
======================
   8      48 sdd 72337851 13853 5894465286 282228150 10060406 37881297 6328951656 2973411996 135 58268360 3255521640
======================
   8      48 sdd 72337857 13853 5894465334 282229388 10062496 37881313 6330266984 2974003417 137 58273362 3256130915
======================
   8      48 sdd 72337862 13853 5894465374 282230604 10064588 37881322 6331582696 2974615621 146 58278365 3256742666
======================
   8      48 sdd 72337867 13853 5894465414 282231756 10066675 37881335 6332896104 2975230692 137 58283368 3257356765
======================
   8      48 sdd 72337873 13853 5894465462 282233000 10068765 37881348 6334211432 2975839902 143 58288372 3257966164
======================
   8      48 sdd 72337878 13853 5894465502 282234412 10070857 37881360 6335527400 2976458110 153 58293375 3258583969
======================
   8      48 sdd 72337883 13853 5894465542 282235593 10072945 37881374 6336841200 2977095758 138 58298378 3259219552
======================
   8      48 sdd 72337889 13853 5894465590 282236868 10075036 37881388 6338157176 2977724026 153 58303381 3259836957
======================
   8      48 sdd 72337894 13853 5894465630 282238059 10077126 37881400 6339471232 2978340391 158 58308383 3260468949
======================
   8      48 sdd 72337899 13853 5894465670 282239246 10079213 37881413 6340785832 2978979201 57 58313386 3261107095
======================
   8      48 sdd 72337905 13853 5894465718 282240518 10081303 37881426 6342100904 2979590911 76 58318390 3261723513
======================
   8      48 sdd 72337910 13853 5894465758 282241856 10083395 37881438 6343416872 2980192433 94 58323392 3262328975
======================
   8      48 sdd 72337915 13853 5894465798 282243269 10085483 37881451 6344730920 2980790958 115 58328395 3262931004
======================
   8      48 sdd 72337921 13853 5894465846 282244282 10087572 37881464 6346045608 2981418030 135 58333398 3263559949
======================
   8      48 sdd 72337926 13853 5894465886 282245425 10089664 37881467 6347361320 2982037842 145 58338401 3264180470
======================
   8      48 sdd 72337931 13853 5894465926 282246548 10091748 37881480 6348672808 2982655794 142 58343403 3264800246
======================
   8      48 sdd 72337937 13853 5894465974 282247603 10093837 37881493 6349987496 2983281433 131 58348406 3265426457
======================
   8      48 sdd 72337942 13853 5894466014 282248898 10095929 37881505 6351303464 2983887098 132 58353409 3266033323
======================
   8      48 sdd 72337947 13853 5894466054 282249781 10098017 37881518 6352617512 2984521499 132 58358413 3266668978
======================
   8      48 sdd 72337953 13853 5894466102 282251227 10100108 37881533 6353933240 2985127750 134 58363415 3267276598
======================
   8      48 sdd 72337958 13853 5894466142 282252644 10102201 37881546 6355249224 2985738226 137 58368418 3267888539
======================
   8      48 sdd 72337963 13853 5894466182 282253827 10104289 37881559 6356563272 2986357355 131 58373420 3268508448
======================
   8      48 sdd 72337969 13853 5894466230 282254834 10106377 37881572 6357877320 2986986050 134 58378424 3269138429
======================
   8      48 sdd 72337974 13853 5894466270 282256173 10108468 37881584 6359192392 2987591381 138 58383426 3269745211
======================
   8      48 sdd 72337979 13853 5894466310 282257500 10110539 37881597 6360495816 2988196944 142 58388429 3270352676
======================
   8      48 sdd 72337985 13853 5894466358 282258740 10112624 37881610 6361807944 2988805562 135 58393432 3270962086
======================
   8      48 sdd 72337990 13853 5894466398 282260139 10114724 37881622 6363128776 2989409701 151 58398436 3271567053
======================
   8      48 sdd 72337995 13853 5894466438 282261426 10116816 37881635 6364445384 2990014691 129 58403439 3272173481
======================
   8      48 sdd 72338001 13853 5894466486 282262492 10118908 37881648 6365761736 2990634892 132 58408442 3272794559
======================
   8      48 sdd 72338006 13853 5894466526 282263623 10120999 37881660 6367077064 2991253788 136 58413446 3273414490
======================
   8      48 sdd 72338011 13853 5894466566 282264785 10123086 37881673 6368390344 2991862467 143 58418449 3274024499
======================
   8      48 sdd 72338017 13853 5894466614 282265991 10125176 37881686 6369705800 2992466370 136 58423452 3274629890
======================
   8      48 sdd 72338022 13853 5894466654 282267402 10127268 37881700 6371020896 2993089080 129 58428455 3275254004
======================
   8      48 sdd 72338027 13853 5894466694 282268667 10129357 37881713 6372335584 2993723627 123 58433458 3275889208
======================
   8      48 sdd 72338031 13853 5894466726 282269825 10131448 37881726 6373651552 2994340757 89 58438462 3276504518
======================
   8      48 sdd 72338036 13853 5894466766 282271018 10133539 37881739 6374967520 2994957653 81 58443464 3277121687
======================
   8      48 sdd 72338041 13853 5894466806 282272120 10135627 37881752 6376281312 2995579266 76 58448465 3277743367
======================
   8      48 sdd 72338047 13853 5894466854 282273495 10137718 37881765 6377597280 2996173628 68 58453468 3278337739
======================
   8      48 sdd 72338052 13853 5894466894 282274834 10139806 37881778 6378911328 2996772604 63 58458472 3278937524
======================
   8      48 sdd 72338057 13853 5894466934 282276264 10141887 37881791 6380220896 2997368228 65 58463475 3279535038
======================
   8      48 sdd 72338063 13853 5894466982 282277380 10143979 37881804 6381537504 2997989873 30 58468479 3280149342
======================
   8      48 sdd 72338069 13853 5894467030 282278839 10146064 37881817 6382849632 2998579492 134 58473482 3280756047
======================
   8      48 sdd 72338074 13853 5894467070 282279986 10148151 37881830 6384162784 2999196683 133 58478485 3281373338
======================
   8      48 sdd 72338079 13853 5894467110 282280908 10150243 37881844 6385478768 2999818842 16 58483488 3281977489
======================
   8      48 sdd 72338084 13853 5894467150 282282285 10152330 37881857 6386792176 3000410930 12 58488490 3282570078
======================
   8      48 sdd 72338090 13853 5894467198 282283653 10154416 37881870 6388104944 3001030035 155 58493493 3283191350
======================
   8      48 sdd 72338096 13853 5894467246 282284968 10156506 37881883 6389419640 3001646391 23 58498495 3283804829
======================
   8      48 sdd 72338101 13853 5894467286 282286152 10158595 37881896 6390734072 3002281444 150 58503498 3284443923
======================
   8      48 sdd 72338106 13853 5894467326 282287336 10160682 37881909 6392047480 3002896568 154 58508501 3285059324
======================
   8      48 sdd 72338112 13853 5894467374 282288848 10162774 37881921 6393363448 3003472619 139 58513504 3285641380
======================
   8      48 sdd 72338117 13853 5894467414 282289949 10164863 37881934 6394678136 3004076734 153 58518506 3286264291
======================
   8      48 sdd 72338122 13853 5894467454 282291287 10166950 37881947 6395991288 3004676957 149 58523508 3286865655
======================
   8      48 sdd 72338128 13853 5894467502 282292543 10169042 37881959 6397307256 3005286317 136 58528512 3287476268
======================
   8      48 sdd 72338133 13853 5894467542 282293835 10171132 37881972 6398622584 3005903617 139 58533515 3288085147
======================
   8      48 sdd 72338138 13853 5894467582 282294968 10173220 37881985 6399936632 3006518873 155 58538517 3288697771
======================
   8      48 sdd 72338144 13853 5894467630 282296224 10175313 37881998 6401252360 3007126000 133 58543520 3289310910
======================
   8      48 sdd 72338149 13853 5894467670 282297228 10177402 37882011 6402567048 3007744669 146 58548522 3289939383
======================
   8      48 sdd 72338154 13853 5894467710 282298605 10179489 37882024 6403880456 3008344646 130 58553524 3290532686
======================
   8      48 sdd 72338160 13853 5894467758 282299839 10181577 37882036 6405193864 3008952910 146 58558526 3291144942
======================
   8      48 sdd 72338165 13853 5894467798 282300937 10183652 37882049 6406499592 3009568273 146 58563529 3291765226
======================
   8      48 sdd 72338170 13853 5894467838 282302350 10185724 37882063 6407803664 3010193093 144 58568532 3292388069
======================
   8      48 sdd 72338176 13853 5894467886 282303558 10187826 37882075 6409125776 3010816820 148 58573534 3293016327
======================
   8      48 sdd 72338181 13853 5894467926 282304801 10189927 37882088 6410447888 3011430680 157 58578538 3293632441
======================
   8      48 sdd 72338186 13853 5894467966 282306210 10192019 37882102 6411763872 3012026851 142 58583542 3294230124
======================
   8      48 sdd 72338192 13853 5894468014 282307387 10194110 37882114 6413079200 3012630315 137 58588544 3294834847
======================
   8      48 sdd 72338197 13853 5894468054 282308606 10196201 37882127 6414394912 3013246170 155 58593548 3295451693
======================
   8      48 sdd 72338202 13853 5894468094 282309790 10198288 37882140 6415708320 3013850518 133 58598549 3296057315
======================
   8      48 sdd 72338208 13853 5894468142 282311175 10200379 37882153 6417023024 3014444866 139 58603552 3296653465
======================
   8      48 sdd 72338213 13853 5894468182 282312293 10202468 37882166 6418337712 3015056981 152 58608555 3297266594
======================
   8      48 sdd 72338218 13853 5894468222 282313346 10204557 37882179 6419652144 3015676156 147 58613558 3297886514
======================
   8      48 sdd 72338224 13853 5894468270 282314346 10206648 37882191 6420967472 3016298708 141 58618559 3298510161
======================
   8      48 sdd 72338229 13853 5894468310 282315525 10208738 37882206 6422282816 3016933178 128 58623563 3299145397
======================
   8      48 sdd 72338234 13853 5894468350 282316788 10210826 37882219 6423596864 3017547944 157 58628565 3299761652
======================
   8      48 sdd 72338240 13853 5894468398 282317916 10212917 37882231 6424911936 3018169999 144 58633568 3300384984
======================
   8      48 sdd 72338245 13853 5894468438 282319325 10215007 37882244 6426227264 3018779394 132 58638571 3300995746
======================
   8      48 sdd 72338250 13853 5894468478 282320665 10217070 37882257 6427525568 3019379659 153 58643572 3301597721
======================
   8      48 sdd 72338256 13853 5894468526 282321793 10219158 37882269 6428838976 3019996922 148 58648575 3302215611
======================
   8      48 sdd 72338261 13853 5894468566 282323190 10221246 37882282 6430153024 3020590603 138 58653577 3302810824
======================
   8      48 sdd 72338266 13853 5894468606 282324348 10223344 37882295 6431473216 3021210357 144 58658579 3303431935
======================
   8      48 sdd 72338272 13853 5894468654 282325325 10225439 37882308 6432790480 3021838249 138 58663582 3304060403
======================
   8      48 sdd 72338277 13853 5894468694 282326473 10227528 37882321 6434105512 3022452677 128 58668585 3304675635
======================
   8      48 sdd 72338282 13853 5894468734 282327608 10229617 37882334 6435419600 3023071297 149 58673588 3305295753
======================
   8      48 sdd 72338288 13853 5894468782 282328608 10231706 37882346 6436734888 3023693152 138 58678591 3305918870
======================
   8      48 sdd 72338293 13853 5894468822 282329776 10233797 37882360 6438049496 3024337860 131 58683594 3306564439
======================
   8      48 sdd 72338298 13853 5894468862 282331040 10235883 37882373 6439362992 3024972186 154 58688597 3307200370
======================
   8      48 sdd 72338304 13853 5894468910 282332250 10237976 37882382 6440679984 3025584266 132 58693600 3307813205
======================
   8      48 sdd 72338309 13853 5894468950 282333593 10240065 37882394 6441994032 3026201852 139 58698603 3308432776
======================
   8      48 sdd 72338314 13853 5894468990 282334755 10242151 37882407 6443306800 3026816547 138 58703606 3309047984
======================
   8      48 sdd 72338320 13853 5894469038 282336035 10244245 37882420 6444624432 3027425813 130 58708610 3309658257
======================
   8      48 sdd 72338325 13853 5894469078 282337212 10246332 37882432 6445937200 3028045204 127 58713612 3310278035
======================
   8      48 sdd 72338330 13853 5894469118 282338698 10248419 37882449 6447251280 3028653746 123 58718615 3310880746
started
======================
   8      48 sdd 72339834 13853 5894821168 282341820 10248921 37882462 6447557048 3028780125 2 58721183 3310994254
======================
   8      48 sdd 72344712 13853 5896071504 282351249 10248924 37882464 6447557088 3028780125 2 58726193 3311003679
======================
   8      48 sdd 72348841 13854 5897128944 282360890 10248924 37882464 6447557088 3028780125 2 58731189 3311013318
======================
   8      48 sdd 72353677 13854 5898369776 282370294 10248924 37882464 6447557088 3028780125 1 58736184 3311022712
======================
   8      48 sdd 72358538 13854 5899616880 282379690 10248924 37882464 6447557088 3028780125 2 58741178 3311032099
======================
   8      48 sdd 72363397 13854 5900861040 282389040 10248924 37882464 6447557088 3028780125 1 58746172 3311041442
======================
   8      48 sdd 72368228 13854 5902102528 282398463 10248924 37882464 6447557088 3028780125 2 58751157 3311050858
======================
   8      48 sdd 72373088 13854 5903351552 282407883 10248924 37882464 6447557088 3028780125 2 58756152 3311060275
======================
   8      48 sdd 72377926 13854 5904592072 282417310 10248926 37882464 6447557104 3028780125 1 58761141 3311069693
======================
   8      48 sdd 72382756 13854 5905829064 282426591 10248926 37882464 6447557104 3028780125 2 58766129 3311078968
======================
   8      48 sdd 72387598 13855 5907072560 282436030 10248926 37882464 6447557104 3028780125 2 58771112 3311088395
======================
   8      48 sdd 72392446 13855 5908313624 282445364 10248926 37882464 6447557104 3028780125 2 58776105 3311097729
======================
   8      48 sdd 72397308 13855 5909562136 282454731 10248926 37882464 6447557104 3028780125 2 58781100 3311107086
======================
   8      48 sdd 72402143 13855 5910802536 282464057 10248926 37882464 6447557104 3028780125 2 58786086 3311116403
======================
   8      48 sdd 72406997 13856 5912045328 282473414 10248926 37882464 6447557104 3028780125 2 58791081 3311125748
======================
   8      48 sdd 72411853 13857 5913288672 282482701 10248926 37882464 6447557104 3028780125 1 58796065 3311135024
======================
   8      48 sdd 72416662 13857 5914531728 282492254 10248926 37882464 6447557104 3028780125 2 58801044 3311144570
======================
   8      48 sdd 72421511 13857 5915773040 282501547 10248926 37882464 6447557104 3028780125 2 58806035 3311153856
======================
   8      48 sdd 72426364 13857 5917015920 282510843 10248926 37882464 6447557104 3028780125 3 58811024 3311163144
======================
   8      48 sdd 72431209 13857 5918256752 282520146 10248926 37882464 6447557104 3028780125 2 58816016 3311172442
======================
   8      48 sdd 72436058 13858 5919503376 282529606 10248926 37882464 6447557104 3028780125 1 58821002 3311181893
======================
   8      48 sdd 72440908 13858 5920748096 282539001 10248926 37882464 6447557104 3028780125 2 58825993 3311191279
======================
   8      48 sdd 72445764 13858 5921996024 282548361 10248926 37882464 6447557104 3028780125 2 58830985 3311200635
======================
   8      48 sdd 72450595 13861 5923245072 282557789 10248926 37882464 6447557104 3028780125 2 58835966 3311210062
======================
   8      48 sdd 72455418 13861 5924482192 282567130 10248926 37882464 6447557104 3028780125 3 58840944 3311219398
======================
   8      48 sdd 72460270 13861 5925723904 282576389 10248926 37882464 6447557104 3028780125 1 58845937 3311228650
======================
   8      48 sdd 72465121 13861 5926966016 282585688 10248926 37882464 6447557104 3028780125 2 58850927 3311237938
======================
   8      48 sdd 72469968 13861 5928209320 282594926 10248926 37882464 6447557104 3028780125 2 58855923 3311247172
======================
   8      48 sdd 72474756 13861 5929447304 282604336 10248926 37882464 6447557104 3028780125 2 58860906 3311256574
======================
   8      48 sdd 72479605 13861 5930689896 282613609 10248926 37882464 6447557104 3028780125 3 58865896 3311265848
======================
   8      48 sdd 72484432 13861 5931932416 282623055 10248926 37882464 6447557104 3028780125 2 58870882 3311275287
======================
   8      48 sdd 72489292 13861 5933179200 282632441 10248926 37882464 6447557104 3028780125 2 58875874 3311284670
======================
   8      48 sdd 72494131 13861 5934419376 282641793 10248926 37882464 6447557104 3028780125 2 58880863 3311294019
======================
   8      48 sdd 72498982 13861 5935664784 282651130 10248926 37882464 6447557104 3028780125 2 58885853 3311303348
======================
   8      48 sdd 72503808 13861 5936901520 282660454 10248926 37882464 6447557104 3028780125 2 58890834 3311312660
======================
   8      48 sdd 72508645 13861 5938144504 282669855 10248926 37882464 6447557104 3028780125 2 58895822 3311322057
======================
   8      48 sdd 72513490 13861 5939388032 282679195 10248926 37882464 6447557104 3028780125 1 58900814 3311331390
======================
   8      48 sdd 72518326 13861 5940633888 282688597 10248926 37882464 6447557104 3028780125 2 58905790 3311340791
======================
   8      48 sdd 72523166 13861 5941880576 282698037 10248926 37882464 6447557104 3028780125 2 58910771 3311350222
======================
   8      48 sdd 72527981 13861 5943116512 282707351 10248926 37882464 6447557104 3028780125 2 58915754 3311359530
======================
   8      48 sdd 72532819 13861 5944356400 282716652 10248926 37882464 6447557104 3028780125 2 58920742 3311368829
======================
   8      48 sdd 72537667 13861 5945599120 282726014 10248926 37882464 6447557104 3028780125 2 58925730 3311378183
======================
   8      48 sdd 72542498 13861 5946842880 282735429 10248926 37882464 6447557104 3028780125 1 58930716 3311387599
======================
   8      48 sdd 72547316 13861 5948081800 282744805 10248926 37882464 6447557104 3028780125 2 58935706 3311396963
======================
   8      48 sdd 72552137 13861 5949316632 282754140 10248926 37882464 6447557104 3028780125 2 58940697 3311406289
======================
   8      48 sdd 72556954 13861 5950558080 282763601 10248926 37882464 6447557104 3028780125 2 58945683 3311415743
======================
   8      48 sdd 72561764 13861 5951795152 282772952 10248926 37882464 6447557104 3028780125 2 58950664 3311425086
======================
   8      48 sdd 72566584 13864 5953034600 282782448 10248926 37882464 6447557104 3028780125 1 58955644 3311434577
======================
   8      48 sdd 72571383 13864 5954271288 282791870 10248926 37882464 6447557104 3028780125 2 58960631 3311443993
======================
   8      48 sdd 72576185 13865 5955509040 282801323 10248926 37882464 6447557104 3028780125 2 58965617 3311453435
======================
   8      48 sdd 72580987 13865 5956746456 282810737 10248926 37882464 6447557104 3028780125 2 58970603 3311462842
======================
   8      48 sdd 72585813 13865 5957987048 282820187 10248926 37882464 6447557104 3028780125 2 58975590 3311472281
======================
   8      48 sdd 72590652 13865 5959227512 282829546 10248926 37882464 6447557104 3028780125 2 58980580 3311481631
======================
   8      48 sdd 72595485 13865 5960472120 282838937 10248926 37882464 6447557104 3028780125 2 58985557 3311491015
======================
   8      48 sdd 72600326 13865 5961712600 282848251 10248926 37882464 6447557104 3028780125 2 58990540 3311500322
======================
   8      48 sdd 72605174 13865 5962953952 282857547 10248926 37882464 6447557104 3028780125 3 58995529 3311509616
======================
   8      48 sdd 72610030 13865 5964196376 282866880 10248926 37882464 6447557104 3028780125 2 59000521 3311518943
======================
   8      48 sdd 72614875 13865 5965436888 282876568 10248926 37882464 6447557104 3028780125 2 59005504 3311528624
======================
   8      48 sdd 72619681 13865 5966676704 282885979 10248926 37882464 6447557104 3028780125 2 59010490 3311538027
======================
   8      48 sdd 72624515 13865 5967918688 282895343 10248926 37882464 6447557104 3028780125 2 59015477 3311547381
======================
   8      48 sdd 72629348 13865 5969157672 282904706 10248926 37882464 6447557104 3028780125 2 59020465 3311556741
======================
   8      48 sdd 72634193 13865 5970397968 282914009 10248926 37882464 6447557104 3028780125 1 59025453 3311566035
======================
   8      48 sdd 72639024 13865 5971634856 282923317 10248926 37882464 6447557104 3028780125 2 59030447 3311575337
======================
   8      48 sdd 72643843 13865 5972877160 282932823 10248926 37882464 6447557104 3028780125 2 59035431 3311584834
======================
   8      48 sdd 72648654 13865 5974117744 282942342 10248926 37882464 6447557104 3028780125 1 59040418 3311594343
======================
   8      48 sdd 72653442 13865 5975355136 282951797 10248926 37882464 6447557104 3028780125 1 59045394 3311603787
======================
   8      48 sdd 72658269 13865 5976597288 282961248 10248926 37882464 6447557104 3028780125 2 59050384 3311613232
======================
   8      48 sdd 72663063 13865 5977833616 282970716 10248926 37882464 6447557104 3028780125 1 59055371 3311622695
======================
   8      48 sdd 72667879 13865 5979074280 282980146 10248926 37882464 6447557104 3028780125 2 59060346 3311632122
======================
   8      48 sdd 72672728 13865 5980315560 282989507 10248926 37882464 6447557104 3028780125 2 59065338 3311641475
======================
   8      48 sdd 72677590 13865 5981559928 282998769 10248926 37882464 6447557104 3028780125 2 59070333 3311650728
======================
   8      48 sdd 72682417 13865 5982802064 283008184 10248926 37882464 6447557104 3028780125 2 59075316 3311660137
======================
   8      48 sdd 72687258 13865 5984041176 283017455 10248926 37882464 6447557104 3028780125 2 59080304 3311669397
======================
   8      48 sdd 72692095 13865 5985281072 283026741 10248926 37882464 6447557104 3028780125 2 59085295 3311678672
======================
   8      48 sdd 72696923 13865 5986522232 283036059 10248926 37882464 6447557104 3028780125 2 59090279 3311687983
======================
   8      48 sdd 72701751 13865 5987761568 283045414 10248926 37882464 6447557104 3028780125 2 59095266 3311697331
======================
   8      48 sdd 72706562 13866 5988997888 283054803 10248926 37882464 6447557104 3028780125 2 59100256 3311706715
======================
   8      48 sdd 72711358 13866 5990233760 283064281 10248926 37882464 6447557104 3028780125 3 59105233 3311716181
======================
   8      48 sdd 72716217 13866 5991476984 283073628 10248926 37882464 6447557104 3028780125 2 59110223 3311725516
======================
   8      48 sdd 72721070 13866 5992718472 283082929 10248926 37882464 6447557104 3028780125 1 59115221 3311734810
======================
   8      48 sdd 72725930 13866 5993961720 283092247 10248926 37882464 6447557104 3028780125 2 59120210 3311744125
======================
   8      48 sdd 72730785 13866 5995205584 283101654 10248926 37882464 6447557104 3028780125 2 59125204 3311753523
======================
   8      48 sdd 72735624 13866 5996443856 283110931 10248926 37882464 6447557104 3028780125 1 59130196 3311762796
======================
   8      48 sdd 72740460 13867 5997682560 283120281 10248926 37882464 6447557104 3028780125 2 59135184 3311772141
======================
   8      48 sdd 72745283 13868 5998922184 283129678 10248926 37882464 6447557104 3028780125 2 59140166 3311781530
======================
   8      48 sdd 72750092 13868 6000159952 283139155 10248926 37882464 6447557104 3028780125 2 59145144 3311791004
======================
   8      48 sdd 72754954 13868 6001402048 283148496 10248926 37882464 6447557104 3028780125 3 59150134 3311800342
======================
   8      48 sdd 72759753 13868 6002630064 283157828 10248926 37882464 6447557104 3028780125 2 59155132 3311809662
======================
   8      48 sdd 72764482 13868 6003838032 283167102 10248926 37882464 6447557104 3028780125 1 59160099 3311818928
======================
   8      48 sdd 72769203 13868 6005046544 283176425 10248926 37882464 6447557104 3028780125 2 59165072 3311828251
======================
   8      48 sdd 72773915 13868 6006251536 283185681 10248926 37882464 6447557104 3028780125 2 59170041 3311837505
======================
   8      48 sdd 72778741 13868 6007485472 283194992 10248926 37882464 6447557104 3028780125 2 59175031 3311846818
======================
   8      48 sdd 72783592 13868 6008725248 283204315 10248926 37882464 6447557104 3028780125 2 59180024 3311856133
======================
   8      48 sdd 72788437 13868 6009961544 283213522 10248926 37882464 6447557104 3028780125 2 59185016 3311865341
======================
   8      48 sdd 72793283 13868 6011200040 283222741 10248926 37882464 6447557104 3028780125 2 59190005 3311874551
======================
   8      48 sdd 72798138 13868 6012440792 283232014 10248926 37882464 6447557104 3028780125 2 59195000 3311883818
======================
   8      48 sdd 72802986 13868 6013681456 283241304 10248926 37882464 6447557104 3028780125 1 59199993 3311893106
======================
   8      48 sdd 72807845 13868 6014925208 283250610 10248926 37882464 6447557104 3028780125 2 59204987 3311902409
======================
   8      48 sdd 72812694 13868 6016165800 283259883 10248926 37882464 6447557104 3028780125 2 59209980 3311911669
======================
   8      48 sdd 72817533 13868 6017403176 283269200 10248926 37882464 6447557104 3028780125 2 59214970 3311920980
======================
   8      48 sdd 72822390 13868 6018644808 283278523 10248926 37882464 6447557104 3028780125 1 59219971 3311930292
======================
   8      48 sdd 72827239 13868 6019884800 283287766 10248926 37882464 6447557104 3028780125 3 59224964 3311939531
======================
   8      48 sdd 72832067 13868 6021127936 283297238 10248926 37882464 6447557104 3028780125 1 59229952 3311948991
======================
   8      48 sdd 72836909 13868 6022367384 283306528 10248926 37882464 6447557104 3028780125 2 59234944 3311958278
======================
   8      48 sdd 72841756 13868 6023610672 283315933 10248926 37882464 6447557104 3028780125 3 59239934 3311967666
======================
   8      48 sdd 72846608 13868 6024851960 283325240 10248926 37882464 6447557104 3028780125 2 59244924 3311976965
======================
   8      48 sdd 72851458 13868 6026092368 283334502 10248926 37882464 6447557104 3028780125 2 59249917 3311986218
======================
   8      48 sdd 72856307 13868 6027332664 283343784 10248926 37882464 6447557104 3028780125 2 59254908 3311995491
======================
   8      48 sdd 72860188 13868 6028329352 283351313 10248926 37882464 6447557104 3028780125 0 59258906 3312003010
