======================
   8      48 sdd 2252312 3732 18048214 1116325 55772109 31091797 694911512 436628561 0 4867384 437755944
======================
   8      48 sdd 2252323 3732 18048302 1116328 55778541 31091797 694962968 436641069 0 4867487 437768453
======================
   8      48 sdd 2252336 3732 18048406 1116449 55835219 31098849 695472808 436771530 115 4868840 437899475
======================
   8      48 sdd 2252350 3732 18048518 1116619 55933133 31110685 696350808 436931426 0 4870632 438059342
======================
   8      48 sdd 2252362 3732 18048614 1116848 56013537 31140327 697231176 437113459 0 4872353 438241711
======================
   8      48 sdd 2252374 3732 18048710 1117032 56102526 31156472 698072248 437334089 0 4874306 438462863
======================
   8      48 sdd 2252386 3732 18048806 1117185 56170185 31173158 698747008 437549289 0 4876098 438678197
======================
   8      48 sdd 2252397 3732 18048894 1117305 56258147 31197294 699643792 437774466 0 4878041 438903464
======================
   8      48 sdd 2252409 3732 18048990 1117495 56334278 31228334 700501160 437936009 0 4879718 439065262
======================
   8      48 sdd 2252421 3732 18049086 1117685 56400245 31250645 701207384 438066432 0 4881064 439195914
======================
   8      48 sdd 2252432 3732 18049174 1117838 56482717 31278467 702089744 438241217 110 4882693 439370967
======================
   8      48 sdd 2252444 3732 18049270 1118083 56565743 31308547 702994584 438430247 0 4884677 439560197
======================
   8      48 sdd 2252455 3732 18049358 1118291 56636027 31331315 703739000 438608904 60 4886371 439739041
======================
   8      48 sdd 2252465 3732 18049438 1118463 56714300 31360903 704601888 438765647 0 4888021 439895930
======================
   8      48 sdd 2252471 3732 18049486 1118550 56782565 31386897 705355960 438909955 0 4889786 440040282
started
======================
   8      48 sdd 2293485 3732 18377592 1149274 56782571 31386897 705356008 438909958 31 4891655 440071027
======================
   8      48 sdd 2313839 3732 18540424 1162192 56782620 31390561 705385712 438910721 0 4893952 440084671
======================
   8      48 sdd 2319823 3732 18588296 1164034 56782689 31395930 705429216 438912203 0 4895328 440087993
======================
   8      48 sdd 2324364 3732 18624624 1165217 56782750 31400638 705467368 438913376 0 4896469 440090345
======================
   8      48 sdd 2328257 3732 18655768 1166154 56782803 31404695 705500248 438914253 0 4897415 440092154
======================
   8      48 sdd 2331737 3732 18683608 1167005 56782849 31408229 705528888 438914949 0 4898288 440093698
======================
   8      48 sdd 2334627 3732 18706728 1167869 56792081 31416197 705666488 438970705 1 4899362 440150301
======================
   8      48 sdd 2337406 3732 18728960 1168740 56792116 31418882 705688248 438971149 0 4900233 440151612
======================
   8      48 sdd 2340070 3732 18750272 1169279 56793443 31421468 705719552 438976178 0 4900824 440157176
======================
   8      48 sdd 2342471 3732 18769480 1169962 56793475 31423864 705738976 438976548 0 4901484 440158229
======================
   8      48 sdd 2344715 3732 18787432 1170440 56794618 31426118 705766152 438980736 0 4901997 440162887
======================
   8      48 sdd 2346673 3732 18803096 1171133 56801547 31431534 705864912 439002915 0 4902746 440185748
======================
   8      48 sdd 2348465 3732 18817432 1171887 56805976 31434101 705920880 439016922 0 4903543 440200630
======================
   8      48 sdd 2350295 3732 18832072 1172299 56806000 31435897 705935440 439017150 0 4903959 440201269
======================
   8      48 sdd 2352010 3732 18845792 1172757 56806023 31437627 705949464 439017336 0 4904418 440201911
======================
   8      48 sdd 2353547 3732 18858088 1173254 56806046 31439209 705962304 439017527 0 4904921 440202595
======================
   8      48 sdd 2355080 3732 18870352 1173685 56806066 31440688 705974296 439017684 0 4905329 440203181
======================
   8      48 sdd 2356448 3732 18881296 1174229 56812457 31443217 706045656 439042526 1 4905939 440228563
======================
   8      48 sdd 2357505 3732 18889752 1174561 56812475 31444491 706055992 439042649 0 4906276 440229016
======================
   8      48 sdd 2358813 3732 18900216 1174891 56812490 31445527 706064400 439042736 0 4906611 440229432
======================
   8      48 sdd 2360052 3732 18910128 1175166 56812508 31446782 706074584 439042854 0 4906894 440229825
======================
   8      48 sdd 2361224 3732 18919504 1175466 56812524 31447963 706084160 439042955 0 4907200 440230226
======================
   8      48 sdd 2362355 3732 18928552 1175771 56812541 31449099 706093384 439043053 0 4907507 440230626
======================
   8      48 sdd 2363513 3732 18937816 1176167 56818288 31451146 706155736 439064721 0 4907962 440252683
======================
   8      48 sdd 2364669 3732 18947064 1176499 56818305 31452278 706164928 439064824 0 4908299 440253117
======================
   8      48 sdd 2365736 3732 18955600 1176765 56818320 31453383 706173888 439064917 0 4908568 440253474
======================
   8      48 sdd 2366727 3732 18963528 1177045 56818335 31454399 706182136 439064995 0 4908853 440253832
======================
   8      48 sdd 2367665 3732 18971032 1177306 56818349 31455358 706189920 439065072 0 4909117 440254167
======================
   8      48 sdd 2368598 3732 18978496 1177558 56818362 31456258 706197224 439065135 0 4909373 440254481
======================
   8      48 sdd 2369491 3732 18985640 1177803 56818376 31457153 706204496 439065199 0 4909621 440254787
======================
   8      48 sdd 2370342 3732 18992448 1178166 56824058 31458912 706264024 439086149 0 4910054 440276090
======================
   8      48 sdd 2371189 3732 18999224 1178427 56824071 31459732 706270688 439086205 0 4910320 440276406
======================
   8      48 sdd 2371871 3732 19004680 1178622 56824083 31460558 706277392 439086259 0 4910521 440276655
======================
   8      48 sdd 2372722 3732 19011488 1178851 56824094 31461230 706282856 439086295 0 4910750 440276915
======================
   8      48 sdd 2373547 3732 19018088 1179073 56824106 31462060 706289592 439086351 0 4910976 440277191
======================
   8      48 sdd 2374340 3732 19024432 1179421 56827684 31463135 706326816 439097834 0 4911373 440289017
======================
   8      48 sdd 2375146 3732 19030880 1179640 56827696 31463900 706333032 439097889 0 4911598 440289291
======================
   8      48 sdd 2375949 3732 19037304 1179900 56827707 31464677 706339336 439097934 0 4911863 440289595
======================
   8      48 sdd 2376764 3732 19043824 1180153 56827720 31465468 706345768 439097987 0 4912122 440289901
======================
   8      48 sdd 2377633 3732 19050776 1180432 56830612 31466468 706376904 439107160 0 4912441 440299348
======================
   8      48 sdd 2378427 3732 19057128 1180670 56830624 31467318 706383800 439107214 0 4912683 440299638
======================
   8      48 sdd 2379193 3732 19063256 1180884 56830635 31468087 706390040 439107258 0 4912901 440299894
======================
   8      48 sdd 2379968 3732 19069456 1181053 56830646 31468833 706396096 439107302 0 4913075 440300106
======================
   8      48 sdd 2380728 3732 19075536 1181279 56830658 31469590 706402248 439107346 0 4913305 440300375
======================
   8      48 sdd 2381528 3732 19081936 1181494 56830669 31470354 706408448 439107390 0 4913525 440300633
======================
   8      48 sdd 2382302 3732 19088128 1181784 56834737 31471576 706450768 439121160 0 4913867 440314823
======================
   8      48 sdd 2383078 3732 19094336 1182026 56834748 31472320 706456808 439121204 0 4914116 440315109
======================
   8      48 sdd 2383822 3732 19100288 1182223 56834760 31473079 706462976 439121246 0 4914319 440315347
======================
   8      48 sdd 2384577 3732 19106328 1182407 56834771 31473808 706468896 439121290 0 4914507 440315573
======================
   8      48 sdd 2385296 3732 19112080 1182612 56834781 31474514 706474624 439121329 0 4914714 440315813
======================
   8      48 sdd 2385994 3732 19117664 1182851 56838084 31475462 706508632 439132040 0 4914994 440326752
======================
   8      48 sdd 2386679 3732 19123144 1183051 56838094 31476124 706514008 439132077 0 4915200 440326988
======================
   8      48 sdd 2387370 3732 19128672 1183227 56838105 31476789 706519416 439132109 0 4915378 440327193
======================
   8      48 sdd 2388075 3732 19134312 1183391 56838114 31477411 706524464 439132139 0 4915546 440327385
======================
   8      48 sdd 2388778 3732 19139936 1183571 56838124 31478105 706530096 439132173 0 4915731 440327598
======================
   8      48 sdd 2389483 3732 19145576 1183748 56838134 31478779 706535568 439132211 0 4915910 440327809
======================
   8      48 sdd 2390248 3732 19151696 1183936 56838144 31479480 706541256 439132251 0 4916103 440328035
======================
   8      48 sdd 2390900 3732 19156912 1184204 56842272 31480692 706583976 439146802 0 4916431 440342846
======================
   8      48 sdd 2391546 3732 19162080 1184389 56842281 31481316 706589040 439146829 0 4916620 440343057
======================
   8      48 sdd 2392193 3732 19167256 1184571 56842290 31481946 706594152 439146861 0 4916808 440343271
======================
   8      48 sdd 2392858 3732 19172576 1184749 56842300 31482585 706599344 439146896 0 4916990 440343482
======================
   8      48 sdd 2393485 3732 19177592 1184922 56842311 31483228 706604576 439146933 0 4917168 440343691
======================
   8      48 sdd 2394115 3732 19182632 1185073 56842320 31483842 706609560 439146964 1 4917322 440343870
======================
   8      48 sdd 2394721 3732 19187480 1185242 56842329 31484445 706614456 439146994 0 4917495 440344068
======================
   8      48 sdd 2395347 3732 19192488 1185465 56846192 31485420 706653160 439160125 0 4917770 440357416
======================
   8      48 sdd 2395934 3732 19197184 1185653 56846201 31486012 706657968 439160154 0 4917963 440357633
======================
   8      48 sdd 2396529 3732 19201944 1185813 56846210 31486583 706662608 439160181 0 4918128 440357820
======================
   8      48 sdd 2397134 3732 19206784 1185968 56846219 31487168 706667360 439160207 0 4918287 440358000
======================
   8      48 sdd 2397722 3732 19211488 1186139 56846228 31487753 706672112 439160235 0 4918462 440358198
======================
   8      48 sdd 2398330 3732 19216352 1186303 56846237 31488330 706676800 439160264 0 4918630 440358390
======================
   8      48 sdd 2398923 3732 19221096 1186460 56846246 31488926 706681640 439160290 0 4918793 440358573
======================
   8      48 sdd 2399490 3732 19225632 1186663 56849894 31489843 706718160 439172515 0 4919048 440370997
======================
   8      48 sdd 2400072 3732 19230288 1186817 56849902 31490388 706722584 439172538 0 4919207 440371174
======================
   8      48 sdd 2400620 3732 19234672 1187003 56849911 31490945 706727112 439172566 0 4919398 440371388
======================
   8      48 sdd 2401183 3732 19239176 1187166 56849920 31491486 706731512 439172586 0 4919564 440371570
======================
   8      48 sdd 2401788 3732 19244016 1187318 56849929 31492042 706736032 439172615 0 4919720 440371750
======================
   8      48 sdd 2402369 3732 19248664 1187495 56849938 31492616 706740696 439172643 0 4919869 440371953
======================
   8      48 sdd 2402901 3732 19252920 1187629 56849946 31493140 706744952 439172663 0 4920005 440372105
======================
   8      48 sdd 2403434 3732 19257184 1187812 56853398 31493919 706778800 439184348 0 4920242 440383971
======================
   8      48 sdd 2403959 3732 19261384 1187984 56853406 31494437 706783008 439184369 0 4920418 440384163
======================
   8      48 sdd 2404498 3732 19265696 1188144 56853414 31494955 706787216 439184392 0 4920581 440384344
======================
   8      48 sdd 2405073 3732 19270296 1188299 56853422 31495491 706791568 439184415 0 4920740 440384521
======================
   8      48 sdd 2405639 3732 19274824 1188437 56853431 31496070 706796272 439184443 0 4920882 440384686
======================
   8      48 sdd 2406206 3732 19279360 1188593 56853439 31496618 706800720 439184464 0 4921041 440384861
======================
   8      48 sdd 2406757 3732 19283768 1188728 56853447 31497160 706805120 439184486 0 4921179 440385016
======================
   8      48 sdd 2407277 3732 19287928 1188922 56856840 31497985 706838864 439195604 0 4921426 440396325
======================
   8      48 sdd 2407799 3732 19292104 1189059 56856848 31498491 706842976 439195626 0 4921568 440396484
======================
   8      48 sdd 2408301 3732 19296120 1189198 56856856 31498991 706847040 439195645 0 4921711 440396642
======================
   8      48 sdd 2408809 3732 19300184 1189340 56856864 31499487 706851072 439195663 0 4921856 440396801
======================
   8      48 sdd 2409336 3732 19304400 1189465 56856873 31499988 706855152 439195684 0 4921985 440396946
======================
   8      48 sdd 2409844 3732 19308464 1189586 56856881 31500510 706859392 439195707 0 4922110 440397089
======================
   8      48 sdd 2410368 3732 19312656 1189742 56856889 31500995 706863336 439195727 0 4922270 440397265
======================
   8      48 sdd 2410859 3732 19316584 1189918 56860071 31501725 706894632 439206103 0 4922496 440407811
======================
   8      48 sdd 2411352 3732 19320528 1190060 56860079 31502200 706898496 439206122 0 4922642 440407972
======================
   8      48 sdd 2411861 3732 19324600 1190179 56860087 31502692 706902496 439206143 0 4922764 440408111
======================
   8      48 sdd 2412374 3732 19328704 1190312 56860095 31503182 706906480 439206161 0 4922900 440408261
======================
   8      48 sdd 2412869 3732 19332664 1190465 56860103 31503672 706910464 439206181 0 4923057 440408434
======================
   8      48 sdd 2413368 3732 19336656 1190598 56860111 31504174 706914544 439206202 0 4923195 440408588
======================
   8      48 sdd 2413879 3732 19340744 1190736 56860119 31504656 706918464 439206223 0 4923336 440408746
======================
   8      48 sdd 2414371 3732 19344680 1190931 56863252 31505396 706949448 439216522 0 4923573 440419236
======================
   8      48 sdd 2414864 3732 19348624 1191082 56863259 31505852 706953152 439216537 0 4923728 440419402
======================
   8      48 sdd 2415363 3732 19352616 1191211 56863266 31506321 706956960 439216551 0 4923861 440419545
======================
   8      48 sdd 2415751 3732 19355720 1191307 56863274 31506819 706961008 439216572 0 4923961 440419661
======================
   8      48 sdd 2416267 3732 19359848 1191438 56863280 31507205 706964144 439216582 0 4924094 440419801
======================
   8      48 sdd 2416744 3732 19363664 1191587 56863288 31507704 706968200 439216604 0 4924245 440419970
======================
   8      48 sdd 2417230 3732 19367552 1191735 56863296 31508167 706971968 439216621 0 4924394 440420132
======================
   8      48 sdd 2417713 3732 19371416 1191896 56866291 31508853 707001416 439226242 0 4924600 440429910
======================
   8      48 sdd 2418193 3732 19375256 1192025 56866298 31509304 707005080 439226255 0 4924732 440430052
======================
   8      48 sdd 2418690 3732 19379232 1192147 56866305 31509761 707008792 439226271 0 4924858 440430190
======================
   8      48 sdd 2419163 3732 19383016 1192268 56866312 31510225 707012560 439226285 0 4924983 440430325
======================
   8      48 sdd 2419648 3732 19386896 1192386 56866319 31510696 707016384 439226301 0 4925104 440430458
======================
   8      48 sdd 2420114 3732 19390624 1192529 56866326 31511169 707020224 439226315 0 4925249 440430613
======================
   8      48 sdd 2420587 3732 19394408 1192667 56866333 31511625 707023928 439226328 0 4925390 440430764
======================
   8      48 sdd 2421034 3732 19397984 1192826 56869295 31512285 707052904 439235711 0 4925589 440440303
======================
   8      48 sdd 2421515 3732 19401832 1192957 56869302 31512734 707056552 439235724 0 4925722 440440446
======================
   8      48 sdd 2421976 3732 19405520 1193115 56869309 31513193 707060280 439235737 0 4925880 440440614
======================
   8      48 sdd 2422338 3732 19408416 1193218 56869316 31513625 707063792 439235754 0 4925986 440440733
======================
   8      48 sdd 2422802 3732 19412128 1193352 56869323 31514072 707067424 439235770 0 4926124 440440883
======================
   8      48 sdd 2423276 3732 19415920 1193502 56869330 31514544 707071256 439235786 0 4926277 440441048
======================
   8      48 sdd 2423744 3732 19419664 1193623 56869337 31515007 707075016 439235799 0 4926401 440441182
======================
   8      48 sdd 2424199 3732 19423304 1193760 56871854 31515610 707099976 439243634 0 4926578 440449148
======================
   8      48 sdd 2424670 3732 19427072 1193901 56871861 31516061 707103640 439243649 0 4926722 440449303
======================
   8      48 sdd 2425132 3732 19430768 1194023 56871868 31516524 707107400 439243666 0 4926846 440449440
======================
   8      48 sdd 2425599 3732 19434504 1194142 56871875 31516968 707111008 439243680 0 4926967 440449572
======================
   8      48 sdd 2426056 3732 19438160 1194274 56871883 31517427 707114744 439243698 0 4927103 440449721
======================
   8      48 sdd 2426525 3732 19441912 1194403 56871890 31517887 707118480 439243715 0 4927235 440449866
======================
   8      48 sdd 2426889 3732 19444824 1194496 56871896 31518248 707121416 439243726 0 4927330 440449969
======================
   8      48 sdd 2427337 3732 19448408 1194647 56874721 31518884 707149104 439252703 0 4927528 440459092
======================
   8      48 sdd 2427790 3732 19452032 1194774 56874728 31519317 707152624 439252722 0 4927659 440459237
======================
   8      48 sdd 2428218 3732 19455456 1194920 56874735 31519758 707156208 439252735 0 4927808 440459396
======================
   8      48 sdd 2428677 3732 19459128 1195038 56874742 31520197 707159776 439252748 0 4927928 440459526
======================
   8      48 sdd 2429127 3732 19462728 1195165 56874749 31520650 707163456 439252761 0 4928058 440459666
======================
   8      48 sdd 2429594 3732 19466464 1195298 56874756 31521091 707167040 439252778 0 4928193 440459814
======================
   8      48 sdd 2430036 3732 19470000 1195406 56874763 31521531 707170616 439252792 0 4928302 440459934
======================
   8      48 sdd 2430478 3732 19473536 1195576 56877593 31522167 707198344 439261970 0 4928511 440469279
======================
   8      48 sdd 2430927 3732 19477128 1195702 56877600 31522608 707201928 439261983 0 4928640 440469418
======================
   8      48 sdd 2431375 3732 19480712 1195836 56877607 31523041 707205448 439261999 0 4928777 440469567
======================
   8      48 sdd 2431816 3732 19484240 1195945 56877614 31523469 707208928 439262016 0 4928889 440469692
======================
   8      48 sdd 2432254 3732 19487744 1196048 56877621 31523905 707212472 439262028 0 4928994 440469806
======================
   8      48 sdd 2432694 3732 19491264 1196169 56877628 31524344 707216040 439262044 0 4929119 440469943
======================
   8      48 sdd 2433128 3732 19494736 1196285 56877635 31524770 707219504 439262056 1 4929233 440470066
======================
   8      48 sdd 2433560 3732 19498192 1196439 56880432 31525381 707246768 439271097 0 4929439 440479259
======================
   8      48 sdd 2433989 3732 19501624 1196585 56880439 31525800 707250176 439271110 0 4929585 440479415
======================
   8      48 sdd 2434423 3732 19505096 1196709 56880446 31526219 707253584 439271122 0 4929711 440479550
======================
   8      48 sdd 2434853 3732 19508536 1196823 56880453 31526639 707257000 439271135 0 4929827 440479676
======================
   8      48 sdd 2435281 3732 19511960 1196914 56880461 31527066 707260480 439271150 0 4929922 440479782
======================
   8      48 sdd 2435710 3732 19515392 1197023 56880468 31527482 707263864 439271167 0 4930032 440479905
======================
   8      48 sdd 2436123 3732 19518696 1197162 56880475 31527890 707267184 439271180 0 4930173 440480056
======================
   8      48 sdd 2436547 3732 19522088 1197312 56883177 31528481 707293528 439279963 0 4930369 440488982
======================
   8      48 sdd 2436974 3732 19525504 1197451 56883184 31528893 707296880 439279975 0 4930510 440489132
======================
   8      48 sdd 2437401 3732 19528920 1197572 56883191 31529305 707300232 439279991 0 4930632 440489266
======================
   8      48 sdd 2437821 3732 19532280 1197686 56883198 31529733 707303712 439280004 0 4930749 440489392
======================
   8      48 sdd 2438241 3732 19535640 1197803 56883205 31530135 707306984 439280016 0 4930867 440489519
======================
   8      48 sdd 2438664 3732 19539024 1197957 56883212 31530549 707310352 439280029 0 4931023 440489685
======================
   8      48 sdd 2439076 3732 19542320 1198070 56883219 31530961 707313704 439280041 0 4931139 440489810
======================
   8      48 sdd 2439506 3732 19545760 1198196 56885903 31531529 707339720 439288488 0 4931313 440498383
======================
   8      48 sdd 2439905 3732 19548952 1198309 56885910 31531932 707343000 439288502 0 4931427 440498508
======================
   8      48 sdd 2440317 3732 19552248 1198437 56885917 31532341 707346328 439288519 0 4931559 440498653
======================
   8      48 sdd 2440729 3732 19555544 1198552 56885924 31532746 707349624 439288533 0 4931676 440498781
======================
   8      48 sdd 2441136 3732 19558800 1198689 56885931 31533143 707352856 439288548 0 4931815 440498932
======================
   8      48 sdd 2441551 3732 19562120 1198812 56885938 31533542 707356104 439288562 0 4931941 440499068
======================
   8      48 sdd 2441954 3732 19565344 1198925 56885945 31533947 707359400 439288580 0 4932058 440499199
======================
   8      48 sdd 2442354 3732 19568544 1199048 56888583 31534502 707384944 439297070 0 4932236 440507808
======================
   8      48 sdd 2442759 3732 19571784 1199157 56888589 31534895 707388136 439297085 0 4932349 440507932
======================
   8      48 sdd 2443157 3732 19574968 1199254 56888595 31535290 707391344 439297098 0 4932449 440508041
======================
   8      48 sdd 2443554 3732 19578144 1199399 56888602 31535679 707394512 439297107 0 4932597 440508195
======================
   8      48 sdd 2443951 3732 19581320 1199510 56888608 31536068 707397672 439297121 0 4932712 440508320
======================
   8      48 sdd 2444356 3732 19584560 1199608 56888614 31536463 707400880 439297131 0 4932813 440508428
======================
   8      48 sdd 2444750 3732 19587712 1199721 56888620 31536830 707403864 439297143 0 4932928 440508552
======================
   8      48 sdd 2445149 3732 19590904 1199881 56891144 31537369 707428368 439305293 0 4933131 440516860
======================
   8      48 sdd 2445546 3732 19594080 1200011 56891151 31537766 707431600 439305310 0 4933263 440517005
======================
   8      48 sdd 2445926 3732 19597120 1200106 56891157 31538142 707434656 439305320 0 4933361 440517110
======================
   8      48 sdd 2446317 3732 19600248 1200193 56891163 31538528 707437792 439305332 0 4933450 440517208
======================
   8      48 sdd 2446720 3732 19603472 1200294 56891169 31538915 707440936 439305344 0 4933554 440517321
======================
   8      48 sdd 2447096 3732 19606480 1200397 56891175 31539298 707444048 439305354 0 4933660 440517434
======================
   8      48 sdd 2447489 3732 19609624 1200517 56891181 31539680 707447152 439305364 0 4933783 440517564
======================
   8      48 sdd 2447871 3732 19612680 1200643 56893678 31540196 707471256 439313287 0 4933955 440525609
======================
   8      48 sdd 2448251 3732 19615720 1200768 56893684 31540574 707474328 439313299 0 4934083 440525746
======================
   8      48 sdd 2448636 3732 19618800 1200877 56893690 31540952 707477400 439313310 0 4934194 440525865
======================
   8      48 sdd 2449040 3732 19622032 1200979 56893696 31541343 707480576 439313321 0 4934297 440525976
======================
   8      48 sdd 2449439 3732 19625224 1201085 56893702 31541735 707483760 439313335 0 4934406 440526095
======================
   8      48 sdd 2449839 3732 19628424 1201207 56893709 31542131 707486984 439313349 0 4934532 440526231
======================
   8      48 sdd 2450238 3732 19631616 1201308 56893715 31542517 707490120 439313361 0 4934636 440526344
======================
   8      48 sdd 2450631 3732 19634760 1201425 56896212 31543060 707514440 439321131 0 4934802 440534227
======================
   8      48 sdd 2451022 3732 19637888 1201538 56896218 31543449 707517600 439321141 0 4934917 440534349
======================
   8      48 sdd 2451414 3732 19641024 1201636 56896224 31543828 707520680 439321154 0 4935016 440534458
======================
   8      48 sdd 2451811 3732 19644200 1201738 56896230 31544216 707523832 439321166 0 4935121 440534572
======================
   8      48 sdd 2452200 3732 19647312 1201826 56896236 31544605 707526992 439321178 0 4935212 440534672
======================
   8      48 sdd 2452598 3732 19650496 1201918 56896243 31544984 707530080 439321191 0 4935308 440534777
======================
   8      48 sdd 2452975 3732 19653512 1202029 56896249 31545365 707533176 439321205 0 4935421 440534900
======================
   8      48 sdd 2453364 3732 19656624 1202139 56898772 31545869 707557392 439329046 0 4935577 440542846
======================
   8      48 sdd 2453746 3732 19659680 1202281 56898778 31546245 707560448 439329057 0 4935722 440542999
======================
   8      48 sdd 2454137 3732 19662808 1202388 56898784 31546637 707563632 439329071 0 4935832 440543119
======================
   8      48 sdd 2454529 3732 19665944 1202499 56898790 31547015 707566704 439329082 0 4935946 440543241
======================
   8      48 sdd 2454910 3732 19668992 1202601 56898796 31547395 707569792 439329092 0 4936049 440543351
======================
   8      48 sdd 2455296 3732 19672080 1202685 56898802 31547781 707572928 439329104 0 4936137 440543447
======================
   8      48 sdd 2455663 3732 19675016 1202806 56898808 31548138 707575832 439329113 0 4936260 440543576
======================
   8      48 sdd 2456025 3732 19677912 1202938 56901285 31548640 707599664 439337020 0 4936437 440551608
======================
   8      48 sdd 2456390 3732 19680832 1203032 56901291 31548999 707602584 439337030 0 4936532 440551710
======================
   8      48 sdd 2456751 3732 19683720 1203166 56901297 31549352 707605456 439337038 0 4936666 440551850
======================
   8      48 sdd 2457115 3732 19686632 1203269 56901303 31549714 707608400 439337050 0 4936773 440551965
======================
   8      48 sdd 2457473 3732 19689496 1203360 56901309 31550062 707611232 439337060 0 4936867 440552066
======================
   8      48 sdd 2457836 3732 19692400 1203454 56901315 31550420 707614144 439337069 0 4936964 440552169
======================
   8      48 sdd 2458189 3732 19695224 1203565 56901321 31550767 707616968 439337077 0 4937077 440552288
======================
   8      48 sdd 2458558 3732 19698176 1203703 56903662 31551234 707639432 439344469 0 4937256 440559816
======================
   8      48 sdd 2458910 3732 19700992 1203811 56903668 31551589 707642320 439344478 0 4937367 440559933
======================
   8      48 sdd 2459264 3732 19703824 1203902 56903674 31551939 707645168 439344489 0 4937459 440560033
======================
   8      48 sdd 2459620 3732 19706672 1203991 56903680 31552285 707647984 439344501 0 4937551 440560134
======================
   8      48 sdd 2459979 3732 19709544 1204088 56903686 31552637 707650848 439344511 0 4937650 440560240
======================
   8      48 sdd 2460330 3732 19712352 1204181 56903692 31552991 707653728 439344521 0 4937746 440560343
======================
   8      48 sdd 2460702 3732 19715328 1204293 56903698 31553334 707656520 439344533 0 4937858 440560466
======================
   8      48 sdd 2461075 3732 19718312 1204446 56905980 31553811 707678592 439352026 0 4938034 440568105
======================
   8      48 sdd 2461423 3732 19721096 1204551 56905986 31554149 707681344 439352034 0 4938138 440568215
======================
   8      48 sdd 2461805 3732 19724152 1204645 56905992 31554498 707684184 439352046 0 4938229 440568321
======================
   8      48 sdd 2462194 3732 19727264 1204742 56905998 31554839 707686960 439352058 0 4938329 440568430
======================
   8      48 sdd 2462588 3732 19730416 1204852 56906004 31555187 707689792 439352067 0 4938421 440568549
======================
   8      48 sdd 2462939 3732 19733224 1204949 56906010 31555525 707692544 439352076 0 4938518 440568655
======================
   8      48 sdd 2463308 3732 19736176 1205084 56906016 31555867 707695328 439352086 0 4938652 440568800
======================
   8      48 sdd 2463693 3732 19739256 1205227 56908270 31556317 707716960 439359079 0 4938804 440575933
======================
   8      48 sdd 2464047 3732 19742088 1205359 56908276 31556658 707719736 439359088 0 4938939 440576074
======================
   8      48 sdd 2464409 3732 19744984 1205435 56908282 31557003 707722544 439359097 0 4939016 440576157
======================
   8      48 sdd 2464765 3732 19747832 1205519 56908288 31557336 707725256 439359105 0 4939102 440576249
======================
   8      48 sdd 2465145 3732 19750872 1205625 56908294 31557673 707728000 439359116 0 4939195 440576366
======================
   8      48 sdd 2465571 3732 19754280 1205787 56908300 31558015 707730784 439359124 0 4939282 440576536
======================
   8      48 sdd 2465948 3732 19757296 1205924 56908306 31558355 707733552 439359134 0 4939413 440576682
======================
   8      48 sdd 2466347 3732 19760488 1206044 56910524 31558814 707754968 439365896 0 4939547 440583560
======================
   8      48 sdd 2466721 3732 19763480 1206143 56910530 31559145 707757664 439365906 0 4939649 440583669
======================
   8      48 sdd 2467083 3732 19766376 1206233 56910536 31559477 707760368 439365914 0 4939740 440583766
======================
   8      48 sdd 2467482 3732 19769568 1206343 56910542 31559808 707763064 439365922 0 4939831 440583884
======================
   8      48 sdd 2467845 3732 19772472 1206421 56910548 31560151 707765856 439365931 0 4939911 440583970
======================
   8      48 sdd 2468213 3732 19775416 1206534 56910554 31560480 707768536 439365943 0 4940004 440584095
======================
   8      48 sdd 2468580 3732 19778352 1206636 56910559 31560810 707771216 439365953 0 4940103 440584207
======================
   8      48 sdd 2468920 3732 19781072 1206728 56912757 31560913 707789624 439372800 0 4940234 440591145
======================
   8      48 sdd 2469256 3732 19783760 1206838 56912763 31561245 707792328 439372812 0 4940347 440591267
======================
   8      48 sdd 2469589 3732 19786424 1206937 56912769 31561570 707794976 439372820 0 4940448 440591374
======================
   8      48 sdd 2469932 3732 19789168 1207024 56912775 31561897 707797640 439372830 0 4940537 440591470
======================
   8      48 sdd 2470285 3732 19791992 1207114 56912781 31562225 707800312 439372841 0 4940630 440591571
======================
   8      48 sdd 2470611 3732 19794600 1207198 56912788 31562561 707803056 439372849 0 4940715 440591662
======================
   8      48 sdd 2470942 3732 19797248 1207309 56912793 31562876 707805616 439372857 0 4940825 440591781
======================
   8      48 sdd 2471274 3732 19799904 1207418 56914935 31563313 707826248 439379394 0 4940975 440598424
======================
   8      48 sdd 2471616 3732 19802640 1207512 56914941 31563638 707828896 439379407 0 4941065 440598530
======================
   8      48 sdd 2471953 3732 19805336 1207617 56914947 31563963 707831544 439379419 0 4941172 440598646
======================
   8      48 sdd 2472284 3732 19807984 1207714 56914953 31564287 707834184 439379429 0 4941271 440598752
======================
   8      48 sdd 2472624 3732 19810704 1207808 56914959 31564615 707836856 439379439 0 4941367 440598856
======================
   8      48 sdd 2472956 3732 19813360 1207888 56914965 31564942 707839520 439379448 0 4941450 440598945
======================
   8      48 sdd 2473282 3732 19815968 1207979 56914971 31565268 707842176 439379457 0 4941542 440599043
======================
   8      48 sdd 2473620 3732 19818672 1208095 56917116 31565689 707862704 439386193 0 4941698 440605893
======================
   8      48 sdd 2473954 3732 19821344 1208184 56917122 31566005 707865280 439386204 0 4941790 440605992
======================
   8      48 sdd 2474288 3732 19824016 1208269 56917128 31566333 707867952 439386212 0 4941875 440606085
======================
   8      48 sdd 2474619 3732 19826664 1208361 56917134 31566654 707870568 439386220 0 4941968 440606184
======================
   8      48 sdd 2474943 3732 19829256 1208445 56917140 31566974 707873176 439386230 0 4942050 440606276
======================
   8      48 sdd 2475271 3732 19831880 1208521 56917145 31567284 707875696 439386236 0 4942126 440606356
======================
   8      48 sdd 2475604 3732 19834544 1208616 56917151 31567600 707878272 439386244 0 4942223 440606459
======================
   8      48 sdd 2475917 3732 19837048 1208728 56919251 31568044 707898624 439392690 0 4942375 440613012
======================
   8      48 sdd 2476243 3732 19839656 1208833 56919256 31568354 707901144 439392698 0 4942482 440613124
======================
   8      48 sdd 2476597 3732 19842488 1208925 56919262 31568673 707903744 439392706 0 4942560 440613224
======================
   8      48 sdd 2476916 3732 19845040 1209013 56919268 31568989 707906320 439392714 0 4942648 440613318
======================
   8      48 sdd 2477234 3732 19847584 1209102 56919273 31569304 707908880 439392720 0 4942739 440613413
======================
   8      48 sdd 2477571 3732 19850280 1209192 56919278 31569619 707911440 439392728 0 4942824 440613509
======================
   8      48 sdd 2477886 3732 19852800 1209297 56919283 31569931 707913976 439392737 0 4942930 440613622
======================
   8      48 sdd 2478205 3732 19855352 1209386 56921372 31570319 707933792 439399132 0 4943059 440620102
======================
   8      48 sdd 2478540 3732 19858032 1209488 56921377 31570631 707936328 439399139 0 4943163 440620211
======================
   8      48 sdd 2478853 3732 19860536 1209579 56921382 31570943 707938864 439399147 0 4943257 440620310
======================
   8      48 sdd 2479168 3732 19863056 1209652 56921387 31571255 707941400 439399153 0 4943331 440620388
======================
   8      48 sdd 2479488 3732 19865616 1209749 56921392 31571562 707943896 439399161 0 4943427 440620492
======================
   8      48 sdd 2479803 3732 19868136 1209849 56921398 31571870 707946408 439399167 0 4943529 440620598
======================
   8      48 sdd 2480119 3732 19870664 1209946 56921403 31572177 707948904 439399173 0 4943628 440620701
======================
   8      48 sdd 2480433 3732 19873176 1210033 56923423 31572597 707968424 439405310 0 4943753 440626924
======================
   8      48 sdd 2480756 3732 19875760 1210121 56923428 31572912 707970984 439405319 0 4943842 440627019
======================
   8      48 sdd 2481079 3732 19878344 1210177 56923433 31573219 707973480 439405328 0 4943900 440627083
======================
   8      48 sdd 2481393 3732 19880856 1210263 56923438 31573527 707975984 439405334 0 4943987 440627175
======================
   8      48 sdd 2481715 3732 19883432 1210343 56923443 31573841 707978536 439405343 0 4944070 440627264
======================
   8      48 sdd 2482034 3732 19885984 1210414 56923448 31574144 707981000 439405351 0 4944143 440627342
======================
   8      48 sdd 2482345 3732 19888472 1210515 56923453 31574452 707983504 439405357 0 4944241 440627449
======================
   8      48 sdd 2482661 3732 19891000 1210615 56925506 31574837 708003008 439411673 0 4944381 440633863
======================
   8      48 sdd 2482973 3732 19893496 1210720 56925511 31575140 708005472 439411679 0 4944488 440633974
======================
   8      48 sdd 2483284 3732 19895984 1210815 56925516 31575454 708008024 439411686 0 4944584 440634074
======================
   8      48 sdd 2483597 3732 19898488 1210901 56925521 31575757 708010488 439411693 0 4944672 440634166
======================
   8      48 sdd 2483910 3732 19900992 1210979 56925526 31576064 708012984 439411701 0 4944752 440634251
======================
   8      48 sdd 2484223 3732 19903496 1211065 56925531 31576368 708015456 439411708 0 4944841 440634344
======================
   8      48 sdd 2484530 3732 19905952 1211161 56925536 31576671 708017920 439411716 0 4944939 440634447
======================
   8      48 sdd 2484842 3732 19908448 1211250 56927558 31577079 708037360 439417949 0 4945067 440640768
======================
   8      48 sdd 2485161 3732 19911000 1211340 56927563 31577380 708039808 439417958 0 4945150 440640867
======================
   8      48 sdd 2485461 3732 19913400 1211447 56927568 31577678 708042232 439417964 0 4945256 440640977
======================
   8      48 sdd 2485777 3732 19915928 1211536 56927573 31577979 708044680 439417972 0 4945344 440641070
======================
   8      48 sdd 2486080 3732 19918352 1211622 56927578 31578281 708047136 439417978 0 4945429 440641162
======================
   8      48 sdd 2486389 3732 19920824 1211704 56927583 31578579 708049560 439417984 0 4945513 440641250
======================
   8      48 sdd 2486697 3732 19923288 1211787 56927588 31578882 708052024 439417993 0 4945598 440641341
======================
   8      48 sdd 2487005 3732 19925752 1211859 56929588 31579264 708071080 439424089 0 4945710 440647507
======================
   8      48 sdd 2487312 3732 19928208 1211963 56929593 31579566 708073536 439424096 0 4945814 440647616
======================
   8      48 sdd 2487607 3732 19930568 1212044 56929598 31579860 708075928 439424102 0 4945897 440647703
======================
   8      48 sdd 2487913 3732 19933016 1212114 56929603 31580152 708078304 439424109 0 4945968 440647779
======================
   8      48 sdd 2488222 3732 19935488 1212194 56929609 31580456 708080784 439424117 0 4946051 440647867
======================
   8      48 sdd 2488522 3732 19937888 1212270 56929614 31580758 708083240 439424123 0 4946128 440647948
======================
   8      48 sdd 2488839 3732 19940424 1212344 56929619 31581053 708085640 439424130 0 4946205 440648029
======================
   8      48 sdd 2489138 3732 19942816 1212427 56931595 31581447 708104600 439430175 0 4946326 440654154
======================
   8      48 sdd 2489448 3732 19945296 1212531 56931600 31581749 708107056 439430181 0 4946432 440654264
======================
   8      48 sdd 2489756 3732 19947760 1212608 56931605 31582044 708109456 439430187 0 4946510 440654346
======================
   8      48 sdd 2490074 3732 19950304 1212693 56931610 31582349 708111936 439430193 0 4946594 440654436
======================
   8      48 sdd 2490399 3732 19952904 1212788 56931615 31582654 708114416 439430201 0 4946682 440654539
======================
   8      48 sdd 2490713 3732 19955416 1212891 56931620 31582956 708116872 439430209 0 4946788 440654650
======================
   8      48 sdd 2491026 3732 19957920 1212974 56931625 31583263 708119368 439430216 0 4946873 440654739
======================
   8      48 sdd 2491351 3732 19960520 1213079 56933616 31583669 708138544 439436369 0 4947004 440660993
======================
   8      48 sdd 2491678 3732 19963136 1213190 56933621 31583966 708140960 439436376 0 4947116 440661109
======================
   8      48 sdd 2491990 3732 19965632 1213267 56933626 31584251 708143280 439436382 0 4947192 440661189
======================
   8      48 sdd 2492299 3732 19968104 1213357 56933631 31584558 708145776 439436389 0 4947284 440661285
======================
   8      48 sdd 2492608 3732 19970576 1213427 56933636 31584855 708148192 439436395 0 4947355 440661360
======================
   8      48 sdd 2492922 3732 19973088 1213514 56933641 31585166 708150720 439436403 0 4947445 440661455
======================
   8      48 sdd 2493241 3732 19975640 1213602 56933646 31585465 708153152 439436409 0 4947535 440661549
======================
   8      48 sdd 2493551 3732 19978120 1213719 56935607 31585898 708172304 439442373 0 4947691 440667630
======================
   8      48 sdd 2493868 3732 19980656 1213805 56935612 31586207 708174816 439442379 0 4947778 440667721
======================
   8      48 sdd 2494177 3732 19983128 1213905 56935617 31586511 708177288 439442388 0 4947881 440667830
======================
   8      48 sdd 2494526 3732 19985920 1213996 56935622 31586820 708179800 439442394 0 4947962 440667926
======================
   8      48 sdd 2494842 3732 19988448 1214095 56935627 31587128 708182304 439442402 0 4948064 440668033
======================
   8      48 sdd 2495156 3732 19990960 1214172 56935632 31587438 708184824 439442410 0 4948144 440668118
======================
   8      48 sdd 2495475 3732 19993512 1214274 56935637 31587754 708187392 439442416 0 4948247 440668225
======================
   8      48 sdd 2495788 3732 19996016 1214358 56937700 31588150 708207064 439448706 0 4948372 440674594
======================
   8      48 sdd 2496095 3732 19998472 1214434 56937705 31588455 708209544 439448713 0 4948450 440674676
======================
   8      48 sdd 2496408 3732 20000976 1214539 56937710 31588752 708211960 439448721 0 4948558 440674789
======================
   8      48 sdd 2496736 3732 20003600 1214625 56937716 31589070 708214552 439448729 0 4948634 440674883
======================
   8      48 sdd 2497073 3732 20006296 1214704 56937722 31589378 708217064 439448737 0 4948714 440674968
======================
   8      48 sdd 2497459 3732 20009384 1214845 56937727 31589693 708219624 439448744 0 4948811 440675116
======================
   8      48 sdd 2497845 3732 20012472 1214971 56937732 31590003 708222144 439448751 0 4948908 440675249
======================
   8      48 sdd 2498202 3732 20015328 1215081 56939773 31590398 708241632 439454985 0 4949035 440681590
======================
   8      48 sdd 2498540 3732 20018032 1215175 56939779 31590715 708244216 439455016 0 4949140 440681714
======================
   8      48 sdd 2498857 3732 20020568 1215258 56939784 31591022 708246712 439455022 0 4949225 440681803
======================
   8      48 sdd 2499193 3732 20023256 1215349 56939789 31591334 708249248 439455029 0 4949316 440681901
======================
   8      48 sdd 2499513 3732 20025816 1215455 56939794 31591644 708251768 439455037 0 4949424 440682014
======================
   8      48 sdd 2499867 3732 20028648 1215567 56939799 31591958 708254320 439455046 0 4949514 440682135
======================
   8      48 sdd 2500231 3732 20031560 1215664 56939805 31592282 708256960 439455054 0 4949588 440682239
======================
   8      48 sdd 2500557 3732 20034168 1215758 56941901 31592681 708276920 439461583 0 4949724 440688861
======================
   8      48 sdd 2500878 3732 20036736 1215845 56941906 31592994 708279464 439461589 0 4949806 440688954
======================
   8      48 sdd 2501234 3732 20039584 1215943 56941911 31593309 708282024 439461596 0 4949898 440689059
======================
   8      48 sdd 2501563 3732 20042216 1216063 56941916 31593619 708284544 439461602 0 4950010 440689185
======================
   8      48 sdd 2501889 3732 20044824 1216150 56941922 31593939 708287152 439461610 0 4950098 440689279
======================
   8      48 sdd 2502225 3732 20047512 1216242 56941928 31594262 708289784 439461618 0 4950191 440689378
======================
   8      48 sdd 2502548 3732 20050096 1216325 56941934 31594578 708292360 439461629 0 4950276 440689471
======================
   8      48 sdd 2502875 3732 20052712 1216431 56944022 31595002 708312456 439468038 0 4950420 440695985
======================
   8      48 sdd 2503230 3732 20055552 1216525 56944028 31595324 708315080 439468047 0 4950512 440696086
======================
   8      48 sdd 2503566 3732 20058240 1216635 56944034 31595651 708317744 439468055 0 4950624 440696204
======================
   8      48 sdd 2503896 3732 20060880 1216719 56944040 31595970 708320344 439468063 0 4950709 440696295
======================
   8      48 sdd 2504231 3732 20063560 1216810 56944046 31596298 708323016 439468075 0 4950799 440696398
======================
   8      48 sdd 2504562 3732 20066208 1216884 56944051 31596611 708325560 439468084 0 4950876 440696481
======================
   8      48 sdd 2504894 3732 20068864 1216974 56944057 31596931 708328168 439468092 0 4950968 440696579
======================
   8      48 sdd 2505224 3732 20071504 1217082 56946208 31597349 708348720 439474851 0 4951117 440703442
======================
   8      48 sdd 2505562 3732 20074208 1217182 56946214 31597666 708351304 439474862 0 4951218 440703551
======================
   8      48 sdd 2505895 3732 20076872 1217282 56946220 31597995 708353984 439474870 0 4951320 440703659
======================
   8      48 sdd 2506225 3732 20079512 1217370 56946226 31598319 708356624 439474878 0 4951408 440703753
======================
   8      48 sdd 2506566 3732 20082240 1217473 56946233 31598643 708359272 439474889 0 4951513 440703866
======================
   8      48 sdd 2506900 3732 20084912 1217562 56946239 31598967 708361912 439474897 0 4951604 440703963
======================
   8      48 sdd 2507230 3732 20087552 1217649 56946245 31599292 708364560 439474907 0 4951694 440704060
======================
   8      48 sdd 2507562 3732 20090208 1217769 56948384 31599738 708385240 439481505 0 4951854 440710778
======================
   8      48 sdd 2507898 3732 20092896 1217877 56948390 31600062 708387880 439481513 0 4951962 440710894
======================
   8      48 sdd 2508229 3732 20095544 1217969 56948396 31600385 708390512 439481522 0 4952057 440710995
======================
   8      48 sdd 2508570 3732 20098272 1218081 56948402 31600720 708393240 439481531 0 4952171 440711115
======================
   8      48 sdd 2508909 3732 20100984 1218166 56948408 31601048 708395912 439481540 0 4952258 440711208
======================
   8      48 sdd 2509240 3732 20103632 1218253 56948414 31601378 708398600 439481551 0 4952348 440711306
======================
   8      48 sdd 2509576 3732 20106320 1218344 56948420 31601709 708401296 439481561 0 4952442 440711407
======================
   8      48 sdd 2509903 3732 20108936 1218446 56950579 31602150 708422096 439488092 0 4952586 440718037
======================
   8      48 sdd 2510239 3732 20111624 1218531 56950585 31602474 708424736 439488106 0 4952674 440718136
======================
   8      48 sdd 2510584 3732 20114384 1218652 56950591 31602794 708427344 439488114 0 4952796 440718264
======================
   8      48 sdd 2510915 3732 20117032 1218752 56950597 31603127 708430056 439488123 0 4952898 440718372
======================
   8      48 sdd 2511257 3732 20119768 1218848 56950603 31603460 708432768 439488131 0 4952995 440718475
======================
   8      48 sdd 2511606 3732 20122560 1218944 56950609 31603791 708435464 439488140 0 4953094 440718580
======================
   8      48 sdd 2511946 3732 20125280 1219036 56950615 31604130 708438224 439488152 0 4953188 440718683
======================
   8      48 sdd 2512290 3732 20128032 1219174 56952815 31604577 708459400 439495040 0 4953361 440725706
======================
   8      48 sdd 2512633 3732 20130776 1219261 56952821 31604904 708462064 439495049 0 4953450 440725801
======================
   8      48 sdd 2512971 3732 20133480 1219369 56952827 31605239 708464792 439495061 0 4953559 440725919
======================
   8      48 sdd 2513312 3732 20136208 1219457 56952833 31605569 708467480 439495071 0 4953649 440726016
======================
   8      48 sdd 2513661 3732 20139000 1219562 56952839 31605914 708470288 439495083 0 4953754 440726130
======================
   8      48 sdd 2514015 3732 20141832 1219650 56952845 31606250 708473024 439495094 0 4953844 440726228
======================
   8      48 sdd 2514354 3732 20144544 1219738 56952851 31606592 708475808 439495103 0 4953935 440726325
======================
   8      48 sdd 2514699 3732 20147304 1219849 56955067 31607037 708497096 439501988 0 4954086 440733318
======================
   8      48 sdd 2515055 3732 20150152 1219942 56955073 31607373 708499832 439501999 0 4954181 440733421
======================
   8      48 sdd 2515396 3732 20152880 1220020 56955079 31607715 708502616 439502010 0 4954261 440733509
======================
   8      48 sdd 2515730 3732 20155552 1220126 56955086 31608045 708505312 439502018 0 4954367 440733621
======================
   8      48 sdd 2516074 3732 20158304 1220229 56955092 31608378 708508024 439502028 0 4954472 440733733
======================
   8      48 sdd 2516419 3732 20161064 1220319 56955098 31608716 708510776 439502040 0 4954565 440733835
======================
   8      48 sdd 2516770 3732 20163872 1220407 56955104 31609061 708513584 439502049 0 4954654 440733930
======================
   8      48 sdd 2517114 3732 20166624 1220538 56957308 31609534 708535000 439508849 0 4954826 440740858
======================
   8      48 sdd 2517470 3732 20169472 1220630 56957314 31609873 708537760 439508861 0 4954922 440740962
======================
   8      48 sdd 2517816 3732 20172240 1220747 56957320 31610209 708540496 439508869 0 4955041 440741087
======================
   8      48 sdd 2518159 3732 20174984 1220853 56957326 31610557 708543328 439508881 0 4955148 440741203
======================
   8      48 sdd 2518519 3732 20177864 1220941 56957332 31610895 708546080 439508891 0 4955239 440741301
======================
   8      48 sdd 2518867 3732 20180648 1221024 56957338 31611235 708548848 439508899 0 4955323 440741391
======================
   8      48 sdd 2519212 3732 20183408 1221114 56957344 31611583 708551680 439508910 0 4955416 440741492
======================
   8      48 sdd 2519576 3732 20186320 1221231 56959575 31612047 708573240 439515923 0 4955573 440748619
======================
   8      48 sdd 2519918 3732 20189056 1221311 56959581 31612387 708576008 439515935 0 4955655 440748710
======================
   8      48 sdd 2520270 3732 20191872 1221435 56959587 31612739 708578872 439515943 0 4955779 440748840
======================
   8      48 sdd 2520628 3732 20194736 1221528 56959593 31613079 708581640 439515953 0 4955875 440748943
======================
   8      48 sdd 2520979 3732 20197544 1221618 56959599 31613426 708584464 439515963 0 4955968 440749043
======================
   8      48 sdd 2521325 3732 20200312 1221715 56959605 31613773 708587288 439515974 0 4956067 440749150
======================
   8      48 sdd 2521677 3732 20203128 1221813 56959611 31614117 708590088 439515985 0 4956168 440749259
======================
   8      48 sdd 2522047 3732 20206088 1221943 56961889 31614572 708611952 439523067 0 4956333 440756469
======================
   8      48 sdd 2522404 3732 20208944 1222043 56961895 31614909 708614696 439523081 0 4956437 440756583
======================
   8      48 sdd 2522772 3732 20211888 1222158 56961901 31615252 708617488 439523092 0 4956551 440756709
======================
   8      48 sdd 2523108 3732 20214576 1222243 56961907 31615592 708620256 439523101 0 4956639 440756803
======================
   8      48 sdd 2523469 3732 20217464 1222339 56961913 31615936 708623056 439523110 0 4956738 440756908
======================
   8      48 sdd 2523813 3732 20220216 1222426 56963561 31616348 708639536 439528335 0 4956855 440762220
======================
   8      48 sdd 2524169 3732 20223064 1222562 56963568 31616686 708642296 439528344 0 4956982 440762359
======================
   8      48 sdd 2524520 3732 20225872 1222636 56963574 31617036 708645144 439528354 0 4957059 440762443
======================
   8      48 sdd 2524871 3732 20228680 1222731 56963580 31617384 708647976 439528363 0 4957156 440762546
======================
   8      48 sdd 2525233 3732 20231576 1222843 56963586 31617720 708650712 439528371 0 4957269 440762665
======================
   8      48 sdd 2525586 3732 20234400 1222953 56963592 31618067 708653536 439528379 0 4957380 440762782
======================
   8      48 sdd 2525929 3732 20237144 1223034 56963598 31618407 708656304 439528387 0 4957463 440762871
======================
   8      48 sdd 2526282 3732 20239968 1223158 56965863 31618860 708678048 439535539 0 4957626 440770145
======================
   8      48 sdd 2526636 3732 20242800 1223290 56965869 31619200 708680816 439535548 0 4957760 440770285
======================
   8      48 sdd 2526985 3732 20245592 1223381 56965875 31619522 708683440 439535560 0 4957853 440770387
======================
   8      48 sdd 2527341 3732 20248440 1223468 56965881 31619867 708686248 439535571 0 4957943 440770485
======================
   8      48 sdd 2527696 3732 20251280 1223573 56965887 31620205 708689000 439535582 0 4958050 440770600
======================
   8      48 sdd 2528046 3732 20254080 1223679 56967525 31620615 708705384 439540616 0 4958186 440775732
======================
   8      48 sdd 2528407 3732 20256968 1223758 56967531 31620944 708708064 439540627 0 4958268 440775822
======================
   8      48 sdd 2528773 3732 20259896 1223870 56967537 31621291 708710888 439540635 0 4958381 440775941
======================
   8      48 sdd 2529119 3732 20262664 1223990 56967543 31621629 708713640 439540645 0 4958503 440776070
======================
   8      48 sdd 2529516 3732 20265840 1224116 56967549 31621960 708716336 439540653 0 4958607 440776203
======================
   8      48 sdd 2529878 3732 20268736 1224212 56967555 31622304 708719136 439540665 0 4958705 440776310
======================
   8      48 sdd 2530228 3732 20271536 1224319 56967561 31622627 708721768 439540674 0 4958814 440776425
======================
   8      48 sdd 2530575 3732 20274312 1224429 56969782 31623099 708743312 439547586 0 4958969 440783442
======================
   8      48 sdd 2530948 3732 20277296 1224520 56969788 31623426 708745976 439547596 0 4959063 440783543
======================
   8      48 sdd 2531310 3732 20280192 1224610 56969794 31623767 708748752 439547607 0 4959155 440783642
======================
   8      48 sdd 2531666 3732 20283040 1224708 56969800 31624112 708751560 439547616 0 4959253 440783746
======================
   8      48 sdd 2532028 3732 20285936 1224850 56969807 31624455 708754360 439547624 0 4959397 440783896
======================
   8      48 sdd 2532299 3732 20288104 1224945 56971357 31624788 708769424 439552387 0 4959521 440788750
======================
   8      48 sdd 2532668 3732 20291056 1225037 56971363 31625112 708772064 439552395 0 4959615 440788850
======================
   8      48 sdd 2533029 3732 20293944 1225137 56971369 31625460 708774896 439552407 0 4959717 440788961
======================
   8      48 sdd 2533393 3732 20296856 1225232 56971375 31625812 708777760 439552417 0 4959813 440789064
======================
   8      48 sdd 2533753 3732 20299736 1225333 56971381 31626172 708780688 439552427 0 4959916 440789174
======================
   8      48 sdd 2534120 3732 20302672 1225455 56971387 31626499 708783352 439552435 0 4960038 440789302
======================
   8      48 sdd 2534491 3732 20305640 1225561 56973350 31626956 708802712 439558379 0 4960181 440795348
======================
   8      48 sdd 2534864 3732 20308624 1225698 56973356 31627308 708805576 439558389 0 4960304 440795493
======================
   8      48 sdd 2535223 3732 20311496 1225783 56973362 31627659 708808432 439558400 0 4960392 440795589
======================
   8      48 sdd 2535612 3732 20314608 1225883 56973368 31628013 708811312 439558410 1 4960495 440795699
======================
   8      48 sdd 2535981 3732 20317560 1225987 56974738 31628394 708825320 439562725 0 4960625 440800118
======================
   8      48 sdd 2536345 3732 20320472 1226098 56974744 31628752 708828232 439562734 0 4960736 440800236
======================
   8      48 sdd 2536734 3732 20323584 1226248 56974750 31629103 708831088 439562746 0 4960867 440800398
======================
   8      48 sdd 2537148 3732 20326896 1226388 56974756 31629456 708833960 439562757 0 4960974 440800549
======================
   8      48 sdd 2537513 3732 20329816 1226488 56974762 31629803 708836784 439562768 0 4961076 440800659
======================
   8      48 sdd 2537958 3732 20333376 1226629 56974768 31630154 708839640 439562776 0 4961169 440800807
======================
   8      48 sdd 2538339 3732 20336424 1226728 56974774 31630518 708842600 439562787 0 4961262 440800917
======================
   8      48 sdd 2538697 3732 20339288 1226839 56977081 31631005 708864952 439570045 0 4961413 440808284
======================
   8      48 sdd 2539078 3732 20342336 1226940 56977087 31631330 708867600 439570053 0 4961516 440808393
======================
   8      48 sdd 2539435 3732 20345192 1227047 56977093 31631673 708870392 439570063 0 4961625 440808509
======================
   8      48 sdd 2539796 3732 20348080 1227136 56977099 31632027 708873272 439570075 0 4961713 440808609
======================
   8      48 sdd 2540158 3732 20350976 1227246 56977105 31632377 708876120 439570083 0 4961824 440808726
======================
   8      48 sdd 2540530 3732 20353952 1227343 56977111 31632733 708879016 439570093 0 4961924 440808833
======================
   8      48 sdd 2540906 3732 20356960 1227466 56977117 31633099 708881992 439570103 0 4962042 440808965
======================
   8      48 sdd 2541275 3732 20359912 1227594 56979397 31633596 708904208 439577158 0 4962210 440816146
======================
   8      48 sdd 2541638 3732 20362816 1227690 56979403 31633952 708907104 439577168 0 4962309 440816252
======================
   8      48 sdd 2541994 3732 20365664 1227799 56979409 31634308 708910000 439577179 0 4962421 440816372
======================
   8      48 sdd 2542366 3732 20368640 1227900 56979416 31634658 708912856 439577192 0 4962525 440816486
======================
   8      48 sdd 2542737 3732 20371608 1228003 56980803 31635071 708927256 439581557 0 4962652 440820952
======================
   8      48 sdd 2543111 3732 20374600 1228146 56980809 31635421 708930104 439581569 0 4962789 440821107
======================
   8      48 sdd 2543471 3732 20377480 1228249 56980815 31635779 708933016 439581580 0 4962895 440821221
======================
   8      48 sdd 2543841 3732 20380440 1228352 56980821 31636136 708935920 439581589 0 4963001 440821333
======================
   8      48 sdd 2544217 3732 20383448 1228454 56980827 31636491 708938808 439581601 0 4963104 440821447
======================
   8      48 sdd 2544588 3732 20386416 1228572 56980833 31636850 708941728 439581611 0 4963222 440821573
======================
   8      48 sdd 2544959 3732 20389384 1228665 56980839 31637217 708944712 439581622 0 4963318 440821677
======================
   8      48 sdd 2545324 3732 20392304 1228790 56983185 31637692 708967280 439588901 0 4963487 440829078
======================
   8      48 sdd 2545686 3732 20395200 1228915 56983191 31638046 708970160 439588913 0 4963615 440829215
======================
   8      48 sdd 2546055 3732 20398152 1229018 56983197 31638406 708973088 439588922 0 4963721 440829327
======================
   8      48 sdd 2546453 3732 20401336 1229136 56983203 31638772 708976064 439588932 0 4963821 440829454
======================
   8      48 sdd 2546811 3732 20404200 1229230 56984599 31639158 708990320 439593328 0 4963941 440833943
======================
   8      48 sdd 2547204 3732 20407344 1229336 56984605 31639527 708993320 439593340 0 4964042 440834061
======================
   8      48 sdd 2547573 3732 20410296 1229479 56984611 31639887 708996248 439593350 0 4964188 440834214
======================
   8      48 sdd 2547944 3732 20413264 1229576 56984617 31640246 708999168 439593359 0 4964286 440834318
======================
   8      48 sdd 2548316 3732 20416240 1229661 56984623 31640605 709002088 439593371 0 4964373 440834414
======================
   8      48 sdd 2548719 3732 20419464 1229773 56984629 31640965 709005016 439593382 1 4964453 440834537
======================
   8      48 sdd 2549095 3732 20422472 1229857 56984635 31641335 709008024 439593392 0 4964538 440834629
======================
   8      48 sdd 2549471 3732 20425480 1229983 56987025 31641819 709031016 439601013 0 4964707 440842371
======================
   8      48 sdd 2549838 3732 20428416 1230091 56987031 31642178 709033936 439601023 0 4964817 440842488
======================
   8      48 sdd 2550212 3732 20431408 1230180 56987037 31642544 709036912 439601031 0 4964906 440842583
======================
   8      48 sdd 2550587 3732 20434408 1230268 56987043 31642874 709039600 439601042 0 4964996 440842681
======================
   8      48 sdd 2550962 3732 20437408 1230360 56987050 31643238 709042568 439601051 0 4965091 440842782
======================
   8      48 sdd 2551357 3732 20440568 1230456 56988514 31643664 709057688 439605786 0 4965213 440847610
======================
   8      48 sdd 2551724 3732 20443504 1230544 56988520 31644024 709060616 439605798 0 4965304 440847710
======================
   8      48 sdd 2552099 3732 20446504 1230635 56988526 31644393 709063616 439605807 0 4965398 440847810
======================
   8      48 sdd 2552463 3732 20449416 1230780 56988532 31644749 709066512 439605816 0 4965545 440847963
======================
   8      48 sdd 2552878 3732 20452736 1230902 56988537 31645064 709069072 439605822 1 4965637 440848089
======================
   8      48 sdd 2553296 3732 20456080 1231000 56988543 31645435 709072088 439605834 0 4965732 440848198
======================
   8      48 sdd 2553706 3732 20459360 1231115 56990477 31645886 709091168 439611949 0 4965872 440854425
======================
   8      48 sdd 2554093 3732 20462456 1231209 56990483 31646254 709094160 439611958 0 4965968 440854527
======================
   8      48 sdd 2554505 3732 20465752 1231332 56990489 31646629 709097208 439611971 0 4966073 440854661
======================
   8      48 sdd 2554871 3732 20468680 1231423 56990495 31646986 709100112 439611981 0 4966166 440854761
======================
   8      48 sdd 2555262 3732 20471808 1231576 56990501 31647354 709103104 439611990 0 4966309 440854923
======================
   8      48 sdd 2555670 3732 20475072 1231714 56992246 31647786 709120520 439617413 0 4966464 440860481
======================
   8      48 sdd 2556093 3732 20478456 1231867 56992252 31648163 709123584 439617422 0 4966577 440860642
======================
   8      48 sdd 2556462 3732 20481408 1231964 56992258 31648529 709126560 439617432 0 4966675 440860747
======================
   8      48 sdd 2556851 3732 20484520 1232081 56992264 31648896 709129544 439617441 0 4966793 440860871
======================
   8      48 sdd 2557224 3732 20487504 1232176 56992270 31649269 709132576 439617452 0 4966891 440860977
======================
   8      48 sdd 2557628 3732 20490736 1232313 56992276 31649636 709135560 439617461 0 4967002 440861122
======================
   8      48 sdd 2558007 3732 20493768 1232417 56992282 31650003 709138544 439617472 0 4967109 440861237
======================
   8      48 sdd 2558395 3732 20496872 1232523 56994687 31650480 709161600 439625112 0 4967260 440868979
======================
   8      48 sdd 2558783 3732 20499976 1232651 56994693 31650846 709164576 439625128 0 4967383 440869122
======================
   8      48 sdd 2559159 3732 20502984 1232748 56994699 31651212 709167552 439625140 0 4967477 440869231
======================
   8      48 sdd 2559532 3732 20505968 1232841 56994699 31651212 709167552 439625140 0 4967568 440869322
======================
   8      48 sdd 2559913 3732 20509016 1232956 56994705 31651578 709170528 439625150 0 4967682 440869443
======================
   8      48 sdd 2560286 3732 20512000 1233066 56994711 31651941 709173480 439625159 0 4967795 440869562
======================
   8      48 sdd 2560655 3732 20514952 1233158 56994717 31652309 709176472 439625171 0 4967890 440869666
======================
   8      48 sdd 2561051 3732 20518120 1233278 56997119 31652804 709199648 439632975 0 4968044 440877589
======================
   8      48 sdd 2561421 3732 20521080 1233387 56997125 31653173 709202648 439632990 0 4968156 440877712
======================
   8      48 sdd 2561802 3732 20524128 1233498 56997131 31653537 709205608 439633002 0 4968266 440877834
======================
   8      48 sdd 2562170 3732 20527072 1233595 56997137 31653903 709208584 439633012 0 4968364 440877939
======================
   8      48 sdd 2562555 3732 20530152 1233687 56997144 31654267 709211552 439633021 0 4968459 440878040
======================
   8      48 sdd 2562936 3732 20533200 1233793 56997150 31654642 709214600 439633031 0 4968568 440878156
======================
   8      48 sdd 2563315 3732 20536232 1233909 56997156 31655011 709217600 439633042 1 4968686 440878282
======================
   8      48 sdd 2563719 3732 20539464 1234032 56999547 31655518 709240784 439640661 0 4968855 440886023
======================
   8      48 sdd 2564092 3732 20542448 1234154 56999553 31655899 709243880 439640674 0 4968980 440886157
======================
   8      48 sdd 2564463 3732 20545416 1234248 56999559 31656263 709246840 439640687 0 4969075 440886262
======================
   8      48 sdd 2564846 3732 20548480 1234360 56999565 31656630 709249824 439640699 0 4969190 440886386
======================
   8      48 sdd 2565219 3732 20551464 1234457 56999571 31657005 709252872 439640711 0 4969289 440886494
======================
   8      48 sdd 2565592 3732 20554448 1234566 56999577 31657352 709255696 439640720 0 4969399 440886610
======================
   8      48 sdd 2565978 3732 20557536 1234673 56999583 31657704 709258560 439640730 0 4969507 440886725
======================
   8      48 sdd 2566369 3732 20560664 1234812 57001951 31658208 709281536 439648133 0 4969686 440894265
======================
   8      48 sdd 2566769 3732 20563864 1234918 57001957 31658588 709284624 439648147 0 4969794 440894384
======================
   8      48 sdd 2567148 3732 20566896 1235012 57001963 31658942 709287504 439648157 0 4969890 440894487
======================
   8      48 sdd 2567527 3732 20569928 1235113 57001969 31659302 709290432 439648169 0 4969993 440894599
======================
   8      48 sdd 2567909 3732 20572984 1235217 57001975 31659656 709293312 439648180 0 4970101 440894714
======================
   8      48 sdd 2568300 3732 20576112 1235320 57001981 31660020 709296272 439648192 0 4970207 440894829
======================
   8      48 sdd 2568673 3732 20579096 1235424 57001987 31660379 709299192 439648201 0 4970313 440894941
======================
   8      48 sdd 2569070 3732 20582272 1235546 57004355 31660891 709322232 439655666 0 4970481 440902527
======================
   8      48 sdd 2569461 3732 20585400 1235681 57004361 31661277 709325368 439655678 0 4970619 440902674
======================
   8      48 sdd 2569836 3732 20588400 1235799 57004367 31661662 709328496 439655692 0 4970741 440902806
======================
   8      48 sdd 2570222 3732 20591488 1235875 57004373 31662033 709331512 439655702 0 4970820 440902892
======================
   8      48 sdd 2570618 3732 20594656 1235982 57004379 31662413 709334600 439655714 0 4970931 440903011
======================
   8      48 sdd 2570996 3732 20597680 1236130 57006176 31662838 709352376 439661342 0 4971114 440908784
======================
   8      48 sdd 2571367 3732 20600648 1236244 57006182 31663193 709355264 439661353 0 4971229 440908907
======================
   8      48 sdd 2571663 3732 20603016 1236337 57006188 31663560 709358248 439661365 0 4971325 440909012
======================
   8      48 sdd 2572063 3732 20606216 1236438 57006194 31663848 709360600 439661371 0 4971428 440909119
======================
   8      48 sdd 2572444 3732 20609264 1236566 57006200 31664231 709363712 439661381 0 4971557 440909257
======================
   8      48 sdd 2572825 3732 20612312 1236662 57006206 31664597 709366688 439661391 0 4971654 440909361
======================
   8      48 sdd 2573227 3732 20615528 1236777 57006212 31664979 709369792 439661400 0 4971772 440909485
======================
   8      48 sdd 2573610 3732 20618592 1236885 57008568 31665502 709392824 439668736 0 4971923 440916927
======================
   8      48 sdd 2573995 3732 20621672 1237005 57008574 31665862 709395752 439668751 0 4972046 440917061
======================
   8      48 sdd 2574382 3732 20624768 1237102 57008580 31666227 709398720 439668760 0 4972145 440917166
======================
   8      48 sdd 2574761 3732 20627800 1237215 57008586 31666610 709401832 439668769 0 4972259 440917286
======================
   8      48 sdd 2575147 3732 20630888 1237320 57008592 31666985 709404880 439668782 0 4972366 440917403
======================
   8      48 sdd 2575526 3732 20633920 1237424 57008598 31667359 709407920 439668792 0 4972473 440917517
======================
   8      48 sdd 2575897 3732 20636888 1237517 57008604 31667734 709410968 439668801 0 4972568 440917618
======================
   8      48 sdd 2576278 3732 20639936 1237658 57011011 31668248 709434336 439676430 0 4972754 440925384
======================
   8      48 sdd 2576664 3732 20643024 1237771 57011017 31668601 709437208 439676442 0 4972870 440925509
======================
   8      48 sdd 2577059 3732 20646184 1237886 57011023 31668991 709440376 439676453 0 4972987 440925634
======================
   8      48 sdd 2577440 3732 20649232 1237996 57011029 31669367 709443432 439676465 0 4973097 440925753
======================
   8      48 sdd 2577824 3732 20652304 1238123 57011035 31669745 709446504 439676475 0 4973227 440925890
======================
   8      48 sdd 2578215 3732 20655432 1238240 57011041 31670119 709449544 439676484 0 4973347 440926016
======================
   8      48 sdd 2578598 3732 20658496 1238345 57011047 31670494 709452592 439676493 0 4973455 440926130
======================
   8      48 sdd 2578979 3732 20661544 1238476 57012683 31670952 709469272 439681741 130 4973618 440931822
======================
   8      48 sdd 2579368 3732 20664656 1238601 57013489 31671361 709479064 439684375 0 4973756 440934264
======================
   8      48 sdd 2579783 3732 20667976 1238749 57013495 31671708 709481888 439684385 0 4973877 440934421
======================
   8      48 sdd 2580170 3732 20671072 1238883 57013501 31672054 709484704 439684397 0 4974014 440934567
======================
   8      48 sdd 2580554 3732 20674144 1238999 57013507 31672405 709487560 439684408 0 4974133 440934694
======================
   8      48 sdd 2580950 3732 20677312 1239126 57014842 31672836 709501688 439688538 0 4974285 440938951
======================
   8      48 sdd 2581339 3732 20680424 1239216 57014848 31673222 709504824 439688548 0 4974377 440939050
======================
   8      48 sdd 2581727 3732 20683528 1239319 57014854 31673597 709507872 439688560 0 4974482 440939164
======================
   8      48 sdd 2582117 3732 20686648 1239449 57014860 31673985 709511024 439688573 0 4974615 440939306
======================
   8      48 sdd 2582507 3732 20689768 1239566 57014866 31674358 709514056 439688583 0 4974733 440939431
======================
   8      48 sdd 2582887 3732 20692808 1239672 57014873 31674753 709517272 439688595 0 4974841 440939548
======================
   8      48 sdd 2583280 3732 20695952 1239779 57014879 31675123 709520280 439688604 0 4974949 440939662
======================
   8      48 sdd 2583670 3732 20699072 1239918 57017342 31675655 709544240 439696317 0 4975139 440947511
======================
   8      48 sdd 2584050 3732 20702112 1240026 57017348 31676039 709547360 439696327 0 4975250 440947629
======================
   8      48 sdd 2584445 3732 20705272 1240120 57017354 31676418 709550440 439696337 0 4975346 440947732
======================
   8      48 sdd 2584827 3732 20708328 1240255 57017360 31676796 709553512 439696350 0 4975483 440947879
======================
   8      48 sdd 2585218 3732 20711456 1240347 57017366 31677176 709556600 439696363 0 4975578 440947983
======================
   8      48 sdd 2585602 3732 20714528 1240462 57017372 31677554 709559672 439696376 0 4975696 440948111
======================
   8      48 sdd 2585980 3732 20717552 1240550 57017378 31677933 709562752 439696389 0 4975784 440948212
======================
   8      48 sdd 2586377 3732 20720728 1240683 57019871 31678448 709586816 439704409 1 4975960 440956364
======================
   8      48 sdd 2586758 3732 20723776 1240783 57019877 31678823 709589864 439704422 0 4976062 440956475
======================
   8      48 sdd 2587147 3732 20726888 1240902 57019883 31679202 709592944 439704434 0 4976184 440956606
======================
   8      48 sdd 2587540 3732 20730032 1241003 57019889 31679584 709596048 439704444 0 4976288 440956717
======================
   8      48 sdd 2587929 3732 20733144 1241118 57019895 31679974 709599216 439704455 0 4976406 440956843
======================
   8      48 sdd 2588315 3732 20736232 1241209 57019901 31680348 709602256 439704465 0 4976499 440956943
======================
   8      48 sdd 2588701 3732 20739320 1241321 57019907 31680731 709605368 439704478 0 4976615 440957068
======================
   8      48 sdd 2589086 3732 20742400 1241455 57022386 31681249 709629344 439712445 0 4976791 440965167
======================
   8      48 sdd 2589480 3732 20745552 1241581 57022392 31681625 709632400 439712455 0 4976921 440965303
======================
   8      48 sdd 2589860 3732 20748592 1241690 57022398 31682002 709635464 439712468 0 4977032 440965424
======================
   8      48 sdd 2590254 3732 20751744 1241786 57022404 31682386 709638584 439712477 0 4977129 440965527
======================
   8      48 sdd 2590644 3732 20754864 1241864 57022411 31682772 709641728 439712489 0 4977210 440965616
======================
   8      48 sdd 2591025 3732 20757912 1241980 57022417 31683151 709644808 439712499 0 4977328 440965741
======================
   8      48 sdd 2591420 3732 20761072 1242075 57022423 31683536 709647936 439712511 0 4977426 440965848
======================
   8      48 sdd 2591787 3732 20764008 1242218 57024905 31684055 709671944 439720316 0 4977609 440973790
======================
   8      48 sdd 2592165 3732 20767032 1242318 57024911 31684422 709674928 439720325 0 4977710 440973897
======================
   8      48 sdd 2592552 3732 20770128 1242419 57024917 31684795 709677960 439720337 0 4977814 440974010
======================
   8      48 sdd 2592941 3732 20773240 1242544 57024923 31685179 709681080 439720348 0 4977941 440974145
======================
   8      48 sdd 2593343 3732 20776456 1242696 57024929 31685571 709684264 439720362 0 4978095 440974309
======================
   8      48 sdd 2593716 3732 20779440 1242797 57024935 31685942 709687280 439720374 0 4978199 440974421
======================
   8      48 sdd 2594104 3732 20782544 1242916 57024941 31686324 709690384 439720387 0 4978320 440974552
======================
   8      48 sdd 2594497 3732 20785688 1243060 57027401 31686840 709714192 439728273 0 4978503 440982580
======================
   8      48 sdd 2594876 3732 20788720 1243168 57027407 31687223 709717304 439728283 0 4978612 440982696
======================
   8      48 sdd 2595260 3732 20791792 1243271 57027413 31687589 709720280 439728296 1 4978718 440982811
======================
   8      48 sdd 2595641 3732 20794840 1243376 57027419 31687966 709723344 439728306 0 4978826 440982926
======================
   8      48 sdd 2596022 3732 20797888 1243463 57027425 31688350 709726464 439728315 0 4978915 440983021
======================
   8      48 sdd 2596406 3732 20800960 1243574 57027431 31688718 709729456 439728325 0 4979028 440983141
======================
   8      48 sdd 2596790 3732 20804032 1243674 57027437 31689091 709732488 439728335 0 4979129 440983249
======================
   8      48 sdd 2597183 3732 20807176 1243789 57029870 31689615 709756144 439735950 0 4979293 440991103
======================
   8      48 sdd 2597559 3732 20810184 1243917 57029876 31689984 709759144 439735959 0 4979423 440991239
======================
   8      48 sdd 2597929 3732 20813144 1244020 57029882 31690355 709762160 439735970 0 4979529 440991353
======================
   8      48 sdd 2598311 3732 20816200 1244109 57029888 31690722 709765144 439735980 0 4979620 440991451
======================
   8      48 sdd 2598689 3732 20819224 1244194 57029894 31691095 709768176 439735990 0 4979706 440991544
======================
   8      48 sdd 2599063 3732 20822216 1244289 57029901 31691469 709771224 439736001 0 4979804 440991650
======================
   8      48 sdd 2599446 3732 20825280 1244429 57029907 31691842 709774256 439736012 0 4979947 440991801
======================
   8      48 sdd 2599823 3732 20828296 1244531 57032346 31692355 709797872 439743633 0 4980096 440999521
======================
   8      48 sdd 2600203 3732 20831336 1244649 57032352 31692735 709800960 439743646 0 4980215 440999649
======================
   8      48 sdd 2600591 3732 20834440 1244763 57032358 31693108 709803992 439743655 0 4980331 440999771
======================
   8      48 sdd 2600964 3732 20837424 1244874 57032364 31693481 709807024 439743664 0 4980444 440999890
======================
   8      48 sdd 2601348 3732 20840496 1244961 57032370 31693856 709810072 439743676 0 4980534 440999989
======================
   8      48 sdd 2601728 3732 20843536 1245082 57032376 31694231 709813120 439743686 0 4980658 441000120
======================
   8      48 sdd 2602096 3732 20846480 1245176 57032382 31694604 709816152 439743697 0 4980754 441000223
======================
   8      48 sdd 2602479 3732 20849544 1245291 57034811 31695117 709839688 439751367 0 4980910 441008006
======================
   8      48 sdd 2602850 3732 20852512 1245420 57034817 31695491 709842728 439751376 1 4981042 441008144
======================
   8      48 sdd 2603232 3732 20855568 1245520 57034823 31695869 709845800 439751389 1 4981145 441008257
======================
   8      48 sdd 2603616 3732 20858640 1245606 57034829 31696237 709848792 439751398 0 4981234 441008352
======================
   8      48 sdd 2603992 3732 20861648 1245723 57034835 31696574 709851536 439751407 0 4981354 441008478
======================
   8      48 sdd 2604386 3732 20864800 1245821 57034841 31696953 709854616 439751419 0 4981454 441008588
======================
   8      48 sdd 2604757 3732 20867768 1245919 57034847 31697305 709857480 439751431 0 4981554 441008697
======================
   8      48 sdd 2605128 3732 20870736 1246025 57037223 31697808 709880512 439759008 0 4981699 441016375
======================
   8      48 sdd 2605509 3732 20873784 1246119 57037229 31698175 709883496 439759018 0 4981797 441016479
======================
   8      48 sdd 2605882 3732 20876768 1246248 57037235 31698543 709886488 439759027 0 4981926 441016614
======================
   8      48 sdd 2606266 3732 20879840 1246347 57037241 31698926 709889600 439759037 0 4982028 441016722
======================
   8      48 sdd 2606637 3732 20882808 1246459 57037247 31699295 709892600 439759048 0 4982143 441016845
======================
   8      48 sdd 2607016 3732 20885840 1246581 57037253 31699663 709895592 439759060 0 4982268 441016979
======================
   8      48 sdd 2607400 3732 20888912 1246682 57037259 31700033 709898600 439759070 0 4982372 441017090
======================
   8      48 sdd 2607775 3732 20891912 1246793 57039669 31700543 709921960 439766604 0 4982528 441024730
======================
   8      48 sdd 2608151 3732 20894920 1246903 57039675 31700909 709924936 439766615 0 4982641 441024851
======================
   8      48 sdd 2608533 3732 20897976 1246991 57039681 31701283 709927976 439766627 0 4982732 441024951
======================
   8      48 sdd 2608904 3732 20900944 1247104 57039687 31701651 709930968 439766638 0 4982848 441025075
======================
   8      48 sdd 2609273 3732 20903896 1247190 57039694 31702019 709933968 439766649 0 4982937 441025172
======================
   8      48 sdd 2609657 3732 20906968 1247288 57039700 31702393 709937008 439766658 0 4983038 441025279
======================
   8      48 sdd 2610029 3732 20909944 1247392 57039706 31702761 709940000 439766667 0 4983145 441025392
======================
   8      48 sdd 2610406 3732 20912960 1247510 57042107 31703277 709963336 439774289 0 4983307 441033128
======================
   8      48 sdd 2610775 3732 20915912 1247643 57042113 31703647 709966344 439774298 0 4983443 441033270
======================
   8      48 sdd 2611144 3732 20918864 1247734 57042119 31704009 709969288 439774310 0 4983534 441033370
