======================
   8      16 sdb 14664 0 117264 1485560 1882926 6461202 1184838288 450347130 1 4058073 451821163
started
======================
   8      16 sdb 14748 0 117936 1485903 1882941 6461218 1184838536 450347150 0 4058353 451821454
======================
   8      16 sdb 14756 0 118000 1487994 1885131 6461232 1186217480 450624489 142 4061965 452116187
======================
   8      16 sdb 14762 0 118048 1489611 1887531 6461246 1187726168 451222906 73 4066969 452716236
======================
   8      16 sdb 14768 0 118096 1491308 1889894 6461251 1189213416 451748045 1 4071978 453228116
======================
   8      16 sdb 14775 0 118152 1493288 1892363 6461265 1190767096 452339318 155 4076981 453835290
======================
   8      16 sdb 14780 0 118192 1494683 1894764 6461280 1192278152 452909803 78 4081984 454410326
======================
   8      16 sdb 14787 0 118248 1496640 1897157 6461295 1193784600 453449835 153 4086987 454954735
======================
   8      16 sdb 14793 0 118296 1498422 1899562 6461309 1195297576 454018739 134 4091989 455525286
======================
   8      16 sdb 14800 0 118352 1500613 1901959 6461324 1196806328 454540674 147 4096992 456045260
======================
   8      16 sdb 14805 0 118392 1501797 1904358 6461338 1198315720 455154946 40 4101998 456654996
======================
   8      16 sdb 14811 0 118440 1503861 1906776 6461353 1199837656 455689176 121 4107001 457203173
======================
   8      16 sdb 14818 0 118496 1506113 1909174 6461368 1201347048 456185629 134 4112004 457700162
======================
   8      16 sdb 14824 0 118544 1507594 1911593 6461383 1202868360 456774307 145 4117010 458291513
======================
   8      16 sdb 14829 0 118584 1509259 1913979 6461397 1204370064 457338109 1 4122013 458835966
======================
   8      16 sdb 14836 0 118640 1511323 1916401 6461409 1205893904 457851220 53 4127014 459364065
======================
   8      16 sdb 14842 0 118688 1513408 1918818 6461424 1207415456 458363326 135 4132018 459887412
======================
   8      16 sdb 14849 0 118744 1515479 1921159 6461439 1208888880 458888405 157 4137020 460410346
======================
   8      16 sdb 14855 0 118792 1517016 1923581 6461453 1210412736 459470496 138 4142022 460998587
======================
   8      16 sdb 14860 0 118832 1518576 1925998 6461468 1211934032 460049328 37 4147026 461565336
======================
   8      16 sdb 14867 0 118888 1520570 1928381 6461481 1213433176 460579284 141 4152027 462110641
======================
   8      16 sdb 14873 0 118936 1522378 1930808 6461494 1214960856 461116887 137 4157029 462649443
======================
   8      16 sdb 14880 0 118992 1524409 1933197 6461509 1216464488 461633935 136 4162033 463163544
======================
   8      16 sdb 14885 0 119032 1525880 1935591 6461524 1217970056 462190916 1 4167036 463705232
======================
   8      16 sdb 14891 0 119080 1528035 1938051 6461539 1219518488 462735617 40 4172035 464261465
======================
   8      16 sdb 14898 0 119136 1530287 1940410 6461554 1221003304 463250640 133 4177037 464790848
======================
   8      16 sdb 14904 0 119184 1532534 1942801 6461569 1222508472 463777698 135 4182038 465309673
======================
   8      16 sdb 14910 0 119232 1534360 1945171 6461584 1223999944 464345262 1 4187039 465867598
======================
   8      16 sdb 14916 0 119280 1535875 1947541 6461597 1225491024 464897126 131 4192041 466443326
======================
   8      16 sdb 14922 0 119328 1537341 1949937 6461610 1226999120 465479612 129 4197043 467026086
======================
   8      16 sdb 14928 0 119376 1539311 1952253 6461625 1228456800 465978302 1 4202043 467505874
======================
   8      16 sdb 14934 0 119424 1541226 1954666 6461639 1229975152 466535950 88 4207047 468083718
======================
   8      16 sdb 14940 0 119472 1543100 1957034 6461654 1231465600 467087293 146 4212051 468638594
======================
   8      16 sdb 14947 0 119528 1544913 1959413 6461667 1232961808 467612720 149 4217053 469168093
======================
   8      16 sdb 14952 0 119568 1546683 1961801 6461682 1234464672 468155138 36 4222058 469698606
======================
   8      16 sdb 14959 0 119624 1548852 1964160 6461697 1235949488 468663259 152 4227061 470221183
======================
   8      16 sdb 14965 0 119672 1550529 1966571 6461711 1237466560 469237314 143 4232064 470793523
======================
   8      16 sdb 14971 0 119720 1552117 1968958 6461724 1238968896 469808933 140 4237067 471361790
======================
   8      16 sdb 14977 0 119768 1554189 1971319 6461739 1240454864 470316154 99 4242069 471877030
======================
   8      16 sdb 14983 0 119816 1556208 1973702 6461754 1241954912 470847723 157 4247071 472412474
======================
   8      16 sdb 14989 0 119864 1557947 1976079 6461769 1243450864 471422703 149 4252076 472984816
======================
   8      16 sdb 14996 0 119920 1559917 1978415 6461781 1244920688 471937824 127 4257079 473503254
======================
   8      16 sdb 15001 0 119960 1561465 1980764 6461796 1246398976 472518283 156 4262082 474088288
======================
   8      16 sdb 15007 0 120008 1563316 1983055 6461811 1247840912 473053150 1 4267086 474604557
======================
   8      16 sdb 15013 0 120056 1565458 1985438 6461826 1249340336 473604355 119 4272088 475177811
======================
   8      16 sdb 15019 0 120104 1567729 1987789 6461841 1250819520 474113801 147 4277089 475687672
======================
   8      16 sdb 15026 0 120160 1569545 1990092 6461853 1252268864 474637087 131 4282092 476213517
======================
   8      16 sdb 15031 0 120200 1571446 1992439 6461868 1253745488 475160504 145 4287094 476740676
======================
   8      16 sdb 15037 0 120248 1573309 1994799 6461883 1255230816 475744001 130 4292103 477320947
======================
   8      16 sdb 15043 0 120296 1575104 1997110 6461897 1256684784 476293454 112 4297108 477875258
======================
   8      16 sdb 15049 0 120344 1576851 1999460 6461907 1258164432 476833205 128 4302111 478420524
======================
   8      16 sdb 15056 0 120400 1578883 2001791 6461925 1259631704 477388018 151 4307113 478960786
======================
   8      16 sdb 15061 0 120440 1580893 2004116 6461940 1261095136 477896858 156 4312116 479487386
======================
   8      16 sdb 15067 0 120488 1582579 2006491 6461950 1262590992 478501632 22 4317119 480078127
======================
   8      16 sdb 15073 0 120536 1584572 2008807 6461965 1264048672 479011055 23 4322120 480590021
======================
   8      16 sdb 15079 0 120584 1585927 2011126 6461978 1265506992 479602150 23 4327124 481182736
======================
   8      16 sdb 15084 0 120624 1587382 2013448 6461983 1266968512 480183792 18 4332127 481764329
======================
   8      16 sdb 15091 0 120680 1589916 2015713 6461998 1268394064 480664211 147 4337130 482263674
======================
   8      16 sdb 15096 0 120720 1591229 2018022 6462010 1269846608 481254085 1 4342134 482833130
======================
   8      16 sdb 15103 0 120776 1593643 2020317 6462025 1271291744 481743347 133 4347137 483333343
======================
   8      16 sdb 15108 0 120816 1595065 2022591 6462039 1272721776 482304663 15 4352140 483891912
======================
   8      16 sdb 15114 0 120864 1596835 2024911 6462052 1274182000 482853951 152 4357147 484460934
======================
   8      16 sdb 15121 0 120920 1598951 2027163 6462068 1275598608 483397272 150 4362151 485001947
======================
   8      16 sdb 15126 0 120960 1600426 2029486 6462080 1277060112 483963397 145 4367154 485574502
======================
   8      16 sdb 15132 0 121008 1602267 2031796 6462095 1278514208 484536312 153 4372159 486134801
======================
   8      16 sdb 15138 0 121056 1603892 2034045 6462110 1279929520 485084404 146 4377160 486699474
======================
   8      16 sdb 15144 0 121104 1605627 2036345 6462123 1281375936 485666669 153 4382161 487260731
======================
   8      16 sdb 15149 0 121144 1606907 2038660 6462138 1282832976 486269494 154 4387176 487884755
======================
   8      16 sdb 15156 0 121200 1608747 2040940 6462151 1284267856 486801107 156 4392176 488418168
======================
   8      16 sdb 15161 0 121240 1610462 2043237 6462166 1285713632 487371580 147 4397179 488990549
======================
   8      16 sdb 15168 0 121296 1612179 2045534 6462181 1287159408 487957983 149 4402183 489573559
======================
   8      16 sdb 15173 0 121336 1613252 2047807 6462193 1288589424 488559216 137 4407186 490181757
======================
   8      16 sdb 15179 0 121384 1615009 2050077 6462208 1290017920 489151980 136 4412187 490761139
======================
   8      16 sdb 15185 0 121432 1617015 2052342 6462221 1291443456 489633997 137 4417191 491259140
======================
   8      16 sdb 15191 0 121480 1619042 2054612 6462235 1292871568 490194823 155 4422197 491813892
======================
   8      16 sdb 15196 0 121520 1620548 2056883 6462248 1294300944 490759243 138 4427202 492389033
======================
   8      16 sdb 15202 0 121568 1622798 2059171 6462264 1295740336 491261326 72 4432214 492887525
======================
   8      16 sdb 15208 0 121616 1624688 2061437 6462279 1297166528 491825095 129 4437216 493458154
======================
   8      16 sdb 15213 0 121656 1626073 2063669 6462292 1298571200 492398362 135 4442219 494034898
======================
   8      16 sdb 15219 0 121704 1628000 2065868 6462306 1299954640 492936158 41 4447238 494562371
======================
   8      16 sdb 15225 0 121752 1629880 2068089 6462319 1301352528 493484367 156 4452240 495123023
======================
   8      16 sdb 15231 0 121800 1631751 2070286 6462334 1302735072 494029680 154 4457240 495660830
======================
   8      16 sdb 15236 0 121840 1633344 2072499 6462346 1304127200 494595161 76 4462243 496232274
======================
   8      16 sdb 15242 0 121888 1635279 2074710 6462360 1305518696 495170686 132 4467247 496814134
======================
   8      16 sdb 15248 0 121936 1636935 2076936 6462373 1306919784 495748756 153 4472250 497395229
======================
   8      16 sdb 15253 0 121976 1638472 2079146 6462385 1308309992 496325800 95 4477258 497971815
======================
   8      16 sdb 15259 0 122024 1640373 2081338 6462400 1309689592 496907667 144 4482259 498537015
