======================
   8      16 sdb 2464637 4 629251302 439554658 1112630 3525506 699674048 256792145 33 9177974 696338900
======================
   8      16 sdb 2464759 4 629252278 439565012 1115008 3525506 701172672 257276957 41 9182867 696843245
======================
   8      16 sdb 2464766 4 629252334 439566421 1117540 3525532 702761576 257891523 138 9187870 697457867
======================
   8      16 sdb 2464772 4 629252382 439568104 1119992 3525550 704303016 258382599 1 9192872 697942231
======================
   8      16 sdb 2464779 4 629252438 439570281 1122599 3525568 705942376 258930141 148 9197874 698512425
======================
   8      16 sdb 2464785 4 629252486 439571989 1124955 3525586 707424536 259496108 1 9202883 699059295
======================
   8      16 sdb 2464792 4 629252542 439574139 1127629 3525603 709105496 260014696 137 9207886 699601023
======================
   8      16 sdb 2464798 4 629252590 439575938 1130169 3525621 710702360 260564880 155 9212889 700152281
======================
   8      16 sdb 2464805 4 629252646 439577322 1132711 3525639 712300760 261163716 142 9217892 700752216
======================
   8      16 sdb 2464811 4 629252694 439578938 1135245 3525656 713894672 261715712 110 9222894 701305180
======================
   8      16 sdb 2464818 4 629252750 439580773 1137760 3525673 715476408 262272560 95 9227898 701859781
======================
   8      16 sdb 2464824 4 629252798 439582652 1140287 3525690 717063936 262829922 72 9232899 702419014
======================
   8      16 sdb 2464831 4 629252854 439584503 1142825 3525708 718660408 263421371 155 9237899 703011881
======================
   8      16 sdb 2464838 4 629252910 439586290 1145352 3525724 720250456 263958909 152 9242902 703555799
======================
   8      16 sdb 2464844 4 629252958 439588154 1147883 3525741 721841808 264509200 147 9247904 704104756
======================
   8      16 sdb 2464851 4 629253014 439590259 1150403 3525759 723426128 264998919 148 9252907 704599723
======================
   8      16 sdb 2464857 4 629253062 439591976 1152922 3525776 725009168 265541082 147 9257910 705144543
======================
   8      16 sdb 2464863 4 629253110 439593943 1155466 3525796 726609496 266095457 144 9262911 705697994
======================
   8      16 sdb 2464870 4 629253166 439595988 1157983 3525812 728193144 266639531 140 9267913 706247249
======================
   8      16 sdb 2464876 4 629253214 439597665 1160518 3525830 729787696 267204719 157 9272917 706813003
======================
   8      16 sdb 2464883 4 629253270 439599444 1163029 3525848 731366256 267736128 133 9277919 707346801
======================
   8      16 sdb 2464889 4 629253318 439600586 1165557 3525866 732954432 268348117 135 9282922 707960370
======================
   8      16 sdb 2464895 4 629253366 439602188 1168068 3525886 734533896 268915637 151 9287925 708528639
======================
   8      16 sdb 2464902 4 629253422 439603704 1170533 3525901 736084136 269494992 137 9292928 709109812
======================
   8      16 sdb 2464908 4 629253470 439605390 1173020 3525919 737647848 270053611 136 9297930 709671220
======================
   8      16 sdb 2464915 4 629253526 439607656 1175461 3525937 739183008 270568894 135 9302933 710189187
======================
   8      16 sdb 2464921 4 629253574 439609192 1177930 3525952 740735936 271171720 147 9307936 710794007
======================
   8      16 sdb 2464927 4 629253622 439611177 1180429 3525970 742307832 271713031 136 9312938 711328960
======================
   8      16 sdb 2464934 4 629253678 439613355 1182877 3525987 743846200 272229776 149 9317940 711850165
======================
   8      16 sdb 2464940 4 629253726 439615159 1185373 3526005 745415416 272813919 132 9322943 712426870
======================
   8      16 sdb 2464947 4 629253782 439617267 1187838 3526023 746965680 273354744 147 9327946 712966461
======================
   8      16 sdb 2464953 4 629253830 439618833 1190334 3526039 748535136 273935473 140 9332948 713562642
======================
   8      16 sdb 2464959 4 629253878 439620553 1192820 3526057 750097952 274504164 155 9337950 714127942
======================
   8      16 sdb 2464966 4 629253934 439622271 1195277 3526074 751642080 275054151 150 9342952 714682788
======================
   8      16 sdb 2464971 4 629253974 439623672 1197773 3526089 753213168 275645957 69 9347955 715275517
======================
   8      16 sdb 2464978 4 629254030 439625578 1200237 3526107 754763048 276207378 106 9352959 715844063
======================
   8      16 sdb 2464984 4 629254078 439627506 1202736 3526124 756333544 276769539 110 9357962 716406515
======================
   8      16 sdb 2464990 4 629254126 439629385 1205206 3526143 757886384 277315108 142 9362964 716955973
======================
   8      16 sdb 2464997 4 629254182 439631047 1207642 3526161 759420848 277882517 153 9367966 717526773
======================
   8      16 sdb 2465003 4 629254230 439632561 1210108 3526178 760968864 278458985 144 9372969 718102613
======================
   8      16 sdb 2465010 4 629254286 439634692 1212563 3526196 762511592 278974653 132 9377972 718606716
======================
   8      16 sdb 2465016 4 629254334 439636476 1215024 3526216 764058176 279527219 141 9382974 719175515
======================
   8      16 sdb 2465022 4 629254382 439638106 1217472 3526232 765598432 280098837 139 9387976 719741097
======================
   8      16 sdb 2465029 4 629254438 439640115 1219925 3526250 767140768 280629016 134 9392977 720272341
======================
   8      16 sdb 2465034 4 629254478 439641193 1222374 3526270 768680304 281240672 45 9397979 720883647
======================
   8      16 sdb 2465040 4 629254526 439642690 1224844 3526284 770235760 281826262 60 9402980 721473509
======================
   8      16 sdb 2465047 4 629254582 439644447 1227261 3526302 771754680 282364004 131 9407984 722019166
======================
   8      16 sdb 2465053 4 629254630 439646156 1229732 3526323 773306912 282943005 152 9412986 722600704
======================
   8      16 sdb 2465060 4 629254686 439648309 1232148 3526341 774828192 283461295 133 9417987 723120124
======================
   8      16 sdb 2465066 4 629254734 439649910 1234594 3526361 776365288 284035487 130 9422988 723697425
======================
   8      16 sdb 2465072 4 629254782 439651434 1237054 3526377 777911376 284637238 138 9427991 724296342
======================
   8      16 sdb 2465078 4 629254830 439652977 1239429 3526392 779406936 285197121 81 9432995 724857432
======================
   8      16 sdb 2465084 4 629254878 439655336 1241851 3526409 780928288 285696189 155 9437996 725363345
======================
   8      16 sdb 2465091 4 629254934 439657213 1244221 3526428 782418152 286242297 130 9442999 725910048
======================
   8      16 sdb 2465097 4 629254982 439658567 1246645 3526445 783940656 286862393 139 9448002 726524301
======================
   8      16 sdb 2465103 4 629255030 439660065 1249021 3526460 785436264 287467543 56 9453004 727131627
======================
   8      16 sdb 2465109 4 629255078 439661673 1251392 3526479 786927888 288027626 68 9458007 727696595
======================
   8      16 sdb 2465115 4 629255126 439663543 1253801 3526495 788439880 288568559 140 9463008 728236355
======================
   8      16 sdb 2465121 4 629255174 439665283 1256165 3526499 789927680 289167131 1 9468011 728822874
======================
   8      16 sdb 2465127 4 629255222 439666930 1258594 3526517 791456048 289723343 72 9473013 729396596
======================
   8      16 sdb 2465133 4 629255270 439668898 1260984 3526536 792957952 290270018 133 9478015 729951765
======================
   8      16 sdb 2465140 4 629255326 439670906 1263384 3526554 794466624 290816213 139 9483015 730493861
======================
   8      16 sdb 2465146 4 629255374 439672696 1265769 3526569 795966688 291399946 157 9488017 731072400
======================
   8      16 sdb 2465151 4 629255414 439674358 1268184 3526588 797484840 291967423 74 9493021 731648531
======================
   8      16 sdb 2465158 4 629255470 439676910 1270529 3526606 798958952 292444109 138 9498022 732129949
======================
   8      16 sdb 2465164 4 629255518 439678708 1272949 3526625 800479928 292997340 156 9503025 732687770
======================
   8      16 sdb 2465170 4 629255566 439680558 1275302 3526642 801959528 293540801 46 9508028 733223150
======================
   8      16 sdb 2465176 4 629255614 439682579 1277672 3526657 803449992 294044039 133 9513031 733739297
======================
   8      16 sdb 2465182 4 629255662 439684527 1280076 3526676 804960856 294572319 144 9518034 734264416
======================
   8      16 sdb 2465188 4 629255710 439686439 1282423 3526694 806436752 295101243 14 9523036 734782056
======================
   8      16 sdb 2465194 4 629255758 439688566 1284824 3526709 807946800 295634120 101 9528036 735333761
======================
   8      16 sdb 2465200 4 629255806 439690218 1287200 3526727 809440496 296221032 131 9533040 735923068
======================
   8      16 sdb 2465207 4 629255862 439691986 1289527 3526745 810901824 296768634 34 9538041 736450914
======================
   8      16 sdb 2465212 4 629255902 439693286 1291904 3526760 812398032 297359000 123 9543043 737064588
======================
   8      16 sdb 2465219 4 629255958 439695260 1294214 3526779 813850264 297894316 128 9548046 737603475
======================
   8      16 sdb 2465224 4 629255998 439696746 1296557 3526795 815322448 298491796 59 9553049 738192917
======================
   8      16 sdb 2465230 4 629256046 439698463 1298906 3526812 816798480 299069613 150 9558052 738780842
======================
   8      16 sdb 2465237 4 629256102 439700552 1301239 3526830 818265544 299630963 156 9563054 739331733
======================
   8      16 sdb 2465242 4 629256142 439701876 1303566 3526846 819729640 300236299 138 9568057 739950365
======================
   8      16 sdb 2465248 4 629256190 439703548 1305921 3526863 821209256 300797648 143 9573061 740512578
======================
   8      16 sdb 2465255 4 629256246 439705857 1308236 3526880 822664672 301282575 139 9578063 740996129
======================
   8      16 sdb 2465260 4 629256286 439707076 1310578 3526896 824138112 301890595 142 9583066 741610355
======================
   8      16 sdb 2465266 4 629256334 439708760 1312878 3526914 825583680 302428325 1 9588068 742127531
======================
   8      16 sdb 2465272 4 629256382 439710891 1315195 3526933 827039760 302959693 158 9593070 742683857
======================
   8      16 sdb 2465278 4 629256430 439712531 1317471 3526949 828470840 303570732 148 9598073 743284779
======================
   8      16 sdb 2465284 4 629256478 439714227 1319726 3526966 829888368 304129879 154 9603077 743858146
======================
   8      16 sdb 2465289 4 629256518 439715540 1322022 3526983 831332256 304768965 32 9608080 744483177
======================
   8      16 sdb 2465295 4 629256566 439717353 1324294 3526997 832761392 305342349 135 9613082 745073242
======================
   8      16 sdb 2465300 4 629256606 439719071 1326122 3527016 833907856 305753266 0 9617101 745462421
started
======================
   8      16 sdb 2466791 4 629603944 439951893 1326128 3527016 833907904 305753267 64 9620797 745701507
======================
   8      16 sdb 2468702 4 630093160 440274875 1326131 3527020 833907960 305753267 64 9625836 746023768
======================
   8      16 sdb 2470245 4 630488168 440593291 1326131 3527020 833907960 305753267 63 9630839 746343846
======================
   8      16 sdb 2471911 4 630914664 440915073 1326131 3527020 833907960 305753267 64 9635842 746663898
======================
   8      16 sdb 2473893 4 631422056 441234846 1326131 3527020 833907960 305753267 64 9640845 746983931
======================
   8      16 sdb 2475780 4 631905128 441555406 1326131 3527020 833907960 305753267 64 9645848 747303948
======================
   8      16 sdb 2477608 4 632373096 441875300 1326131 3527020 833907960 305753267 64 9650851 747624007
======================
   8      16 sdb 2479448 4 632844136 442195434 1326131 3527020 833907960 305753267 64 9655854 747944057
======================
   8      16 sdb 2481329 4 633325416 442516995 1326133 3527022 833907992 305753267 64 9660858 748264335
======================
   8      16 sdb 2483284 4 633825896 442835963 1326133 3527022 833907992 305753267 64 9665861 748584355
======================
   8      16 sdb 2485168 4 634307176 443155341 1326133 3527022 833907992 305753267 64 9670864 748905094
======================
   8      16 sdb 2486973 4 634762344 443480163 1326133 3527022 833907992 305753267 64 9675867 749229553
======================
   8      16 sdb 2488762 4 635220328 443800747 1326133 3527022 833907992 305753267 64 9680870 749549622
======================
   8      16 sdb 2490710 4 635719016 444120891 1326133 3527022 833907992 305753267 64 9685873 749869547
======================
   8      16 sdb 2492608 4 636204648 444440243 1326133 3527022 833907992 305753267 64 9690876 750189760
======================
   8      16 sdb 2494524 4 636695144 444761107 1326133 3527022 833907992 305753267 64 9695879 750509777
======================
   8      16 sdb 2496484 4 637196904 445081453 1326133 3527022 833907992 305753267 64 9700882 750829829
======================
   8      16 sdb 2498314 4 637665384 445401441 1326133 3527022 833907992 305753267 64 9705889 751150136
======================
   8      16 sdb 2500187 4 638144872 445722264 1326133 3527022 833907992 305753267 64 9710901 751470735
======================
   8      16 sdb 2501993 4 638607208 446041383 1326133 3527022 833907992 305753267 64 9715904 751790787
======================
   8      16 sdb 2503921 4 639099240 446361815 1326133 3527022 833907992 305753267 64 9720907 752111703
======================
   8      16 sdb 2505724 4 639557096 446684859 1326133 3527022 833907992 305753267 66 9725911 752434356
======================
   8      16 sdb 2507559 4 640023912 447007372 1326133 3527022 833907992 305753267 64 9730915 752755912
======================
   8      16 sdb 2509440 4 640505448 447327116 1326133 3527022 833907992 305753267 64 9735919 753076063
======================
   8      16 sdb 2511260 4 640971112 447647068 1326133 3527022 833907992 305753267 64 9740922 753396270
======================
   8      16 sdb 2513181 4 641462632 447967448 1326133 3527022 833907992 305753267 63 9745925 753716436
======================
   8      16 sdb 2515116 4 641957992 448287049 1326133 3527022 833907992 305753267 64 9750928 754036458
======================
   8      16 sdb 2517000 4 642440296 448608426 1326133 3527022 833907992 305753267 64 9755932 754356577
======================
   8      16 sdb 2518904 4 642927720 448927398 1326133 3527022 833907992 305753267 64 9760935 754676608
======================
   8      16 sdb 2520760 4 643402856 449246279 1326133 3527022 833907992 305753267 64 9765938 754996623
======================
   8      16 sdb 2522481 4 643843176 449567861 1326133 3527022 833907992 305753267 64 9770941 755316825
======================
   8      16 sdb 2524322 4 644312936 449888629 1326133 3527022 833907992 305753267 66 9775944 755638326
======================
   8      16 sdb 2526174 4 644783208 450211791 1326133 3527022 833907992 305753267 64 9780947 755960832
======================
   8      16 sdb 2527910 4 645225064 450532329 1326133 3527022 833907992 305753267 64 9785950 756282382
======================
   8      16 sdb 2529755 4 645697384 450852833 1326133 3527022 833907992 305753267 64 9790954 756602500
======================
   8      16 sdb 2531625 4 646175848 451173427 1326133 3527022 833907992 305753267 64 9795957 756922706
======================
   8      16 sdb 2533481 4 646650984 451493894 1326133 3527022 833907992 305753267 64 9800961 757242778
======================
   8      16 sdb 2535213 4 647094376 451813041 1326133 3527022 833907992 305753267 64 9805964 757562857
======================
   8      16 sdb 2537147 4 647589480 452133832 1326133 3527022 833907992 305753267 64 9810967 757882900
======================
   8      16 sdb 2539039 4 648073832 452454092 1326133 3527022 833907992 305753267 64 9815970 758202916
======================
   8      16 sdb 2540845 4 648536168 452773584 1326133 3527022 833907992 305753267 64 9820973 758522962
======================
   8      16 sdb 2542749 4 649021544 453095127 1326133 3527022 833907992 305753267 64 9825977 758844492
======================
   8      16 sdb 2544679 4 649513064 453417236 1326133 3527022 833907992 305753267 64 9830980 759166041
======================
   8      16 sdb 2546594 4 650001512 453737911 1326133 3527022 833907992 305753267 65 9835983 759487150
======================
   8      16 sdb 2548473 4 650481000 454058116 1326133 3527022 833907992 305753267 64 9840986 759807941
======================
   8      16 sdb 2550386 4 650970728 454379470 1326133 3527022 833907992 305753267 64 9845989 760127975
======================
   8      16 sdb 2552284 4 651456616 454698992 1326133 3527022 833907992 305753267 64 9850992 760448001
======================
   8      16 sdb 2554068 4 651913320 455019231 1326133 3527022 833907992 305753267 64 9855995 760768073
======================
   8      16 sdb 2555916 4 652386408 455339288 1326133 3527022 833907992 305753267 64 9860999 761088162
======================
   8      16 sdb 2557767 4 652860264 455658816 1326133 3527022 833907992 305753267 64 9866003 761408258
======================
   8      16 sdb 2559618 4 653333864 455980222 1326133 3527022 833907992 305753267 64 9871006 761728466
======================
   8      16 sdb 2561419 4 653794408 456299336 1326133 3527022 833907992 305753267 64 9876009 762048900
======================
   8      16 sdb 2563193 4 654246760 456620566 1326133 3527022 833907992 305753267 66 9881013 762370263
======================
   8      16 sdb 2565134 4 654741352 456942775 1326133 3527022 833907992 305753267 64 9886017 762691459
======================
   8      16 sdb 2566979 4 655212136 457263700 1326133 3527022 833907992 305753267 66 9891020 763012567
======================
   8      16 sdb 2568832 4 655684712 457584895 1326133 3527022 833907992 305753267 64 9896023 763333667
======================
   8      16 sdb 2570644 4 656148584 457904822 1326133 3527022 833907992 305753267 64 9901026 763653720
======================
   8      16 sdb 2572483 4 656619368 458224589 1326133 3527022 833907992 305753267 64 9906029 763973766
======================
   8      16 sdb 2574309 4 657086824 458544057 1326133 3527022 833907992 305753267 64 9911032 764293825
======================
   8      16 sdb 2576072 4 657537896 458865238 1326133 3527022 833907992 305753267 64 9916036 764614154
======================
   8      16 sdb 2577926 4 658012520 459185489 1326133 3527022 833907992 305753267 64 9921039 764934221
======================
   8      16 sdb 2579856 4 658505832 459505583 1326133 3527022 833907992 305753267 64 9926042 765254705
======================
   8      16 sdb 2581660 4 658965992 459826292 1326133 3527022 833907992 305753267 65 9931045 765576079
======================
   8      16 sdb 2583421 4 659414888 460147976 1326133 3527022 833907992 305753267 64 9936050 765897244
======================
   8      16 sdb 2585184 4 659865960 460468778 1326133 3527022 833907992 305753267 64 9941053 766217451
======================
   8      16 sdb 2587114 4 660358888 460789942 1326133 3527022 833907992 305753267 64 9946056 766538484
======================
   8      16 sdb 2588944 4 660825448 461110722 1326133 3527022 833907992 305753267 65 9951059 766859603
======================
   8      16 sdb 2590767 4 661291624 461430419 1326133 3527022 833907992 305753267 64 9956062 767179869
======================
   8      16 sdb 2592733 4 661794920 461751671 1326133 3527022 833907992 305753267 64 9961065 767499926
======================
   8      16 sdb 2594617 4 662276968 462070850 1326133 3527022 833907992 305753267 64 9966069 767820183
======================
   8      16 sdb 2596533 4 662767464 462391685 1326133 3527022 833907992 305753267 64 9971073 768140171
======================
   8      16 sdb 2598338 4 663229032 462711676 1326133 3527022 833907992 305753267 64 9976076 768460556
======================
   8      16 sdb 2600261 4 663721064 463032013 1326133 3527022 833907992 305753267 64 9981080 768780769
======================
   8      16 sdb 2602199 4 664215144 463352861 1326133 3527022 833907992 305753267 64 9986083 769101999
======================
   8      16 sdb 2604090 4 664697704 463673760 1326133 3527022 833907992 305753267 64 9991086 769422883
======================
   8      16 sdb 2605830 4 665142888 463992816 1326133 3527022 833907992 305753267 64 9996089 769743086
======================
   8      16 sdb 2607638 4 665604712 464315213 1326133 3527022 833907992 305753267 64 10001092 770063879
======================
   8      16 sdb 2609554 4 666093928 464635875 1326133 3527022 833907992 305753267 64 10006096 770384660
======================
   8      16 sdb 2611432 4 666574440 464955354 1326133 3527022 833907992 305753267 64 10011099 770704843
======================
   8      16 sdb 2613180 4 667021928 465276768 1326133 3527022 833907992 305753267 64 10016103 771024965
======================
   8      16 sdb 2615002 4 667488360 465596613 1326133 3527022 833907992 305753267 64 10021106 771344995
======================
   8      16 sdb 2616798 4 667947624 465916428 1326133 3527022 833907992 305753267 64 10026109 771665323
======================
   8      16 sdb 2618706 4 668435816 466236718 1326133 3527022 833907992 305753267 64 10031112 771985484
======================
   8      16 sdb 2620624 4 668926824 466555688 1326133 3527022 833907992 305753267 64 10036115 772305515
======================
   8      16 sdb 2622452 4 669394280 466877375 1326133 3527022 833907992 305753267 64 10041119 772625976
======================
   8      16 sdb 2624395 4 669891688 467197448 1326133 3527022 833907992 305753267 64 10046122 772946013
======================
   8      16 sdb 2626287 4 670376040 467516553 1326133 3527022 833907992 305753267 64 10051126 773266109
======================
   8      16 sdb 2628200 4 670865768 467837611 1326133 3527022 833907992 305753267 64 10056130 773586217
======================
   8      16 sdb 2630160 4 671367528 468157700 1326133 3527022 833907992 305753267 64 10061133 773906230
======================
   8      16 sdb 2632044 4 671849832 468476185 1326133 3527022 833907992 305753267 64 10066137 774226330
======================
   8      16 sdb 2633720 4 672278888 468797682 1326133 3527022 833907992 305753267 64 10071141 774546408
======================
   8      16 sdb 2635410 4 672711528 469117703 1326133 3527022 833907992 305753267 64 10076145 774866539
======================
   8      16 sdb 2637247 4 673181800 469437254 1326133 3527022 833907992 305753267 64 10081148 775186559
======================
   8      16 sdb 2639142 4 673666664 469757850 1326133 3527022 833907992 305753267 64 10086151 775506764
======================
   8      16 sdb 2641007 4 674143848 470078851 1326133 3527022 833907992 305753267 64 10091154 775826954
======================
   8      16 sdb 2642850 4 674615656 470398174 1326133 3527022 833907992 305753267 64 10096157 776147023
======================
   8      16 sdb 2644728 4 675096424 470718463 1326133 3527022 833907992 305753267 64 10101160 776467088
======================
   8      16 sdb 2646602 4 675576168 471037292 1326133 3527022 833907992 305753267 64 10106163 776787120
======================
   8      16 sdb 2648440 4 676046696 471358264 1326133 3527022 833907992 305753267 64 10111167 777107209
======================
   8      16 sdb 2650294 4 676521320 471678719 1326133 3527022 833907992 305753267 64 10116171 777427302
======================
   8      16 sdb 2652145 4 676995176 471998354 1326133 3527022 833907992 305753267 64 10121174 777747334
======================
   8      16 sdb 2654004 4 677471080 472318749 1326133 3527022 833907992 305753267 64 10126177 778067383
======================
   8      16 sdb 2655881 4 677951592 472637714 1326133 3527022 833907992 305753267 64 10131181 778387479
======================
   8      16 sdb 2657750 4 678430056 472959406 1326133 3527022 833907992 305753267 64 10136184 778707490
======================
   8      16 sdb 2659653 4 678916968 473279348 1326133 3527022 833907992 305753267 64 10141188 779027734
======================
   8      16 sdb 2661532 4 679397992 473599198 1326133 3527022 833907992 305753267 64 10146191 779347781
======================
   8      16 sdb 2663389 4 679873384 473919273 1326133 3527022 833907992 305753267 64 10151201 779668275
======================
   8      16 sdb 2665211 4 680339816 474240098 1326133 3527022 833907992 305753267 64 10156204 779988302
======================
   8      16 sdb 2667143 4 680834408 474560019 1326133 3527022 833907992 305753267 64 10161207 780308270
======================
   8      16 sdb 2669035 4 681318760 474879457 1326133 3527022 833907992 305753267 64 10166211 780628360
======================
   8      16 sdb 2670998 4 681821288 475199636 1326133 3527022 833907992 305753267 64 10171214 780948367
======================
   8      16 sdb 2672882 4 682303080 475519654 1326133 3527022 833907992 305753267 64 10176217 781268652
======================
   8      16 sdb 2674766 4 682785384 475839772 1326133 3527022 833907992 305753267 64 10181220 781588689
======================
   8      16 sdb 2676551 4 683242344 476160063 1326133 3527022 833907992 305753267 64 10186223 781908742
======================
   8      16 sdb 2678314 4 683693672 476479086 1326133 3527022 833907992 305753267 64 10191226 782228812
======================
   8      16 sdb 2680080 4 684145768 476799480 1326133 3527022 833907992 305753267 64 10196230 782548924
======================
   8      16 sdb 2681987 4 684633960 477120433 1326133 3527022 833907992 305753267 64 10201233 782868957
======================
   8      16 sdb 2683944 4 685134952 477440722 1326133 3527022 833907992 305753267 64 10206236 783188966
======================
   8      16 sdb 2685839 4 685620072 477760423 1326133 3527022 833907992 305753267 63 10211240 783509080
======================
   8      16 sdb 2687694 4 686094696 478080021 1326133 3527022 833907992 305753267 64 10216243 783829260
======================
   8      16 sdb 2689547 4 686569064 478400945 1326133 3527022 833907992 305753267 63 10221246 784149282
======================
   8      16 sdb 2691454 4 687057256 478720997 1326133 3527022 833907992 305753267 64 10226250 784469404
======================
   8      16 sdb 2693333 4 687538280 479041021 1326133 3527022 833907992 305753267 64 10231253 784789432
======================
   8      16 sdb 2695255 4 688030312 479360768 1326133 3527022 833907992 305753267 64 10236257 785109534
======================
   8      16 sdb 2697127 4 688509544 479680502 1326133 3527022 833907992 305753267 64 10241261 785429653
======================
   8      16 sdb 2699023 4 688994920 480000408 1326133 3527022 833907992 305753267 64 10246263 785749611
======================
   8      16 sdb 2700944 4 689486696 480321227 1326133 3527022 833907992 305753267 64 10251267 786069720
======================
   8      16 sdb 2702795 4 689960296 480641544 1326133 3527022 833907992 305753267 64 10256270 786389905
======================
   8      16 sdb 2704741 4 690458472 480961564 1326133 3527022 833907992 305753267 64 10261273 786709930
======================
   8      16 sdb 2706632 4 690942312 481281745 1326133 3527022 833907992 305753267 63 10266276 787030103
======================
   8      16 sdb 2708459 4 691410024 481600991 1326133 3527022 833907992 305753267 64 10271279 787350120
======================
   8      16 sdb 2710372 4 691899752 481922133 1326133 3527022 833907992 305753267 64 10276282 787670177
======================
   8      16 sdb 2712305 4 692394600 482241860 1326133 3527022 833907992 305753267 64 10281285 787990195
======================
   8      16 sdb 2714250 4 692892520 482561937 1326133 3527022 833907992 305753267 64 10286289 788310274
======================
   8      16 sdb 2716087 4 693362792 482882123 1326133 3527022 833907992 305753267 64 10291292 788630304
======================
   8      16 sdb 2717939 4 693836904 483201740 1326133 3527022 833907992 305753267 64 10296295 788950352
======================
   8      16 sdb 2719732 4 694295912 483521559 1326133 3527022 833907992 305753267 64 10301299 789270462
======================
   8      16 sdb 2721564 4 694764904 483841656 1326133 3527022 833907992 305753267 64 10306302 789590496
======================
   8      16 sdb 2723505 4 695261800 484162063 1326133 3527022 833907992 305753267 64 10311311 789910930
======================
   8      16 sdb 2725400 4 695746664 484483053 1326133 3527022 833907992 305753267 63 10316314 790231126
======================
   8      16 sdb 2727351 4 696246120 484802735 1326133 3527022 833907992 305753267 64 10321317 790551141
======================
   8      16 sdb 2729162 4 696709736 485123008 1326133 3527022 833907992 305753267 64 10326327 790871612
======================
   8      16 sdb 2731019 4 697185128 485443318 1326133 3527022 833907992 305753267 64 10331330 791191603
======================
   8      16 sdb 2732857 4 697655656 485762601 1326133 3527022 833907992 305753267 63 10336334 791511724
======================
   8      16 sdb 2734635 4 698110824 486083772 1326133 3527022 833907992 305753267 64 10341337 791831759
======================
   8      16 sdb 2736494 4 698586728 486402548 1326133 3527022 833907992 305753267 65 10346340 792151847
======================
   8      16 sdb 2738433 4 699082856 486723520 1326133 3527022 833907992 305753267 64 10351343 792471964
======================
   8      16 sdb 2740350 4 699573352 487043890 1326133 3527022 833907992 305753267 63 10356347 792792212
======================
   8      16 sdb 2742246 4 700058728 487363236 1326133 3527022 833907992 305753267 64 10361350 793112256
======================
   8      16 sdb 2744155 4 700547432 487684314 1326133 3527022 833907992 305753267 64 10366353 793432313
======================
   8      16 sdb 2746035 4 701028712 488004245 1326133 3527022 833907992 305753267 64 10371356 793752342
======================
   8      16 sdb 2747810 4 701483112 488323680 1326133 3527022 833907992 305753267 64 10376360 794072479
======================
   8      16 sdb 2749668 4 701958760 488644301 1326133 3527022 833907992 305753267 64 10381363 794392493
======================
   8      16 sdb 2751522 4 702433128 488964413 1326133 3527022 833907992 305753267 64 10386366 794712722
======================
   8      16 sdb 2753328 4 702895464 489283618 1326133 3527022 833907992 305753267 64 10391369 795032731
======================
   8      16 sdb 2755043 4 703334504 489604349 1326133 3527022 833907992 305753267 64 10396372 795352818
======================
   8      16 sdb 2756874 4 703803240 489924220 1326133 3527022 833907992 305753267 64 10401376 795672920
======================
   8      16 sdb 2758735 4 704279656 490244392 1326133 3527022 833907992 305753267 64 10406379 795992957
======================
   8      16 sdb 2760609 4 704759400 490564460 1326133 3527022 833907992 305753267 64 10411383 796313069
======================
   8      16 sdb 2762512 4 705246568 490884266 1326133 3527022 833907992 305753267 64 10416386 796633010
======================
   8      16 sdb 2764397 4 705729128 491204402 1326133 3527022 833907992 305753267 64 10421390 796953125
======================
   8      16 sdb 2766355 4 706230376 491525299 1326133 3527022 833907992 305753267 64 10426393 797273153
======================
   8      16 sdb 2768161 4 706692456 491844800 1326133 3527022 833907992 305753267 64 10431396 797593352
======================
   8      16 sdb 2769950 4 707150440 492165053 1326133 3527022 833907992 305753267 64 10436399 797913361
======================
   8      16 sdb 2771794 4 707622504 492484416 1326133 3527022 833907992 305753267 64 10441403 798233482
======================
   8      16 sdb 2773550 4 708071784 492805119 1326133 3527022 833907992 305753267 64 10446406 798553709
======================
   8      16 sdb 2775405 4 708546664 493125828 1326133 3527022 833907992 305753267 64 10451409 798873756
======================
   8      16 sdb 2777206 4 709007720 493445217 1326133 3527022 833907992 305753267 64 10456412 799193783
======================
   8      16 sdb 2779008 4 709469032 493765328 1326133 3527022 833907992 305753267 64 10461415 799513815
======================
   8      16 sdb 2780920 4 709958504 494086164 1326133 3527022 833907992 305753267 63 10466419 799833915
======================
   8      16 sdb 2782755 4 710428264 494405702 1326133 3527022 833907992 305753267 64 10471423 800154008
======================
   8      16 sdb 2784548 4 710887272 494725672 1326133 3527022 833907992 305753267 64 10476427 800474149
======================
   8      16 sdb 2786266 4 711327080 495045277 1326133 3527022 833907992 305753267 64 10481430 800794179
======================
   8      16 sdb 2788150 4 711809384 495366038 1326133 3527022 833907992 305753267 64 10486433 801114216
======================
   8      16 sdb 2789992 4 712280936 495685573 1326133 3527022 833907992 305753267 64 10491437 801434327
======================
   8      16 sdb 2791799 4 712743528 496006465 1326133 3527022 833907992 305753267 63 10496440 801754347
======================
   8      16 sdb 2793697 4 713229416 496325828 1326133 3527022 833907992 305753267 64 10501444 802074421
======================
   8      16 sdb 2795482 4 713686376 496645660 1326133 3527022 833907992 305753267 64 10506447 802394461
======================
   8      16 sdb 2797342 4 714162536 496965969 1326133 3527022 833907992 305753267 64 10511450 802714518
======================
   8      16 sdb 2799170 4 714630504 497284706 1326133 3527022 833907992 305753267 64 10516453 803034586
======================
   8      16 sdb 2800966 4 715090280 497605182 1326133 3527022 833907992 305753267 64 10521456 803354622
======================
   8      16 sdb 2802753 4 715547496 497926106 1326133 3527022 833907992 305753267 64 10526459 803674854
======================
   8      16 sdb 2804685 4 716042088 498246739 1326133 3527022 833907992 305753267 64 10531463 803994934
======================
   8      16 sdb 2806542 4 716517480 498566087 1326133 3527022 833907992 305753267 64 10536466 804314995
======================
   8      16 sdb 2808379 4 716987496 498886287 1326133 3527022 833907992 305753267 64 10541469 804635172
======================
   8      16 sdb 2810165 4 717444712 499206884 1326133 3527022 833907992 305753267 64 10546472 804955211
======================
   8      16 sdb 2812050 4 717927272 499527071 1326133 3527022 833907992 305753267 64 10551476 805275321
======================
   8      16 sdb 2813988 4 718423400 499846824 1326133 3527022 833907992 305753267 64 10556479 805595337
======================
   8      16 sdb 2815903 4 718913640 500167202 1326133 3527022 833907992 305753267 64 10561482 805915362
======================
   8      16 sdb 2817861 4 719414888 500486450 1326133 3527022 833907992 305753267 64 10566485 806235388
======================
   8      16 sdb 2819746 4 719897448 500806965 1326133 3527022 833907992 305753267 64 10571488 806555422
======================
   8      16 sdb 2821664 4 720388456 501127323 1326133 3527022 833907992 305753267 64 10576492 806875534
======================
   8      16 sdb 2823507 4 720860264 501447960 1326133 3527022 833907992 305753267 64 10581496 807195670
======================
   8      16 sdb 2825420 4 721349992 501767747 1326133 3527022 833907992 305753267 64 10586499 807515708
======================
   8      16 sdb 2827351 4 721844328 502087238 1326133 3527022 833907992 305753267 64 10591503 807835809
======================
   8      16 sdb 2829272 4 722336104 502406952 1326133 3527022 833907992 305753267 64 10596506 808155802
======================
   8      16 sdb 2831047 4 722790504 502727737 1326133 3527022 833907992 305753267 64 10601510 808475925
======================
   8      16 sdb 2832822 4 723244648 503046986 1326133 3527022 833907992 305753267 64 10606514 808796184
======================
   8      16 sdb 2834696 4 723724392 503367618 1326133 3527022 833907992 305753267 64 10611517 809116228
======================
   8      16 sdb 2836594 4 724210280 503688164 1326133 3527022 833907992 305753267 64 10616520 809436278
======================
   8      16 sdb 2838516 4 724702312 504008128 1326133 3527022 833907992 305753267 64 10621523 809756314
======================
   8      16 sdb 2840391 4 725182312 504327801 1326133 3527022 833907992 305753267 64 10626526 810076333
======================
   8      16 sdb 2842228 4 725652328 504648558 1326133 3527022 833907992 305753267 64 10631530 810396535
======================
   8      16 sdb 2844067 4 726123112 504968300 1326133 3527022 833907992 305753267 64 10636533 810716587
======================
   8      16 sdb 2845904 4 726593384 505288247 1326133 3527022 833907992 305753267 64 10641537 811036727
======================
   8      16 sdb 2847751 4 727066216 505608306 1326133 3527022 833907992 305753267 64 10646541 811356832
======================
   8      16 sdb 2849534 4 727521896 505928911 1326133 3527022 833907992 305753267 64 10651544 811677302
======================
   8      16 sdb 2851389 4 727994728 506249371 1326133 3527022 833907992 305753267 64 10656549 811998625
======================
   8      16 sdb 2853297 4 728482664 506571238 1326133 3527022 833907992 305753267 64 10661558 812319359
======================
   8      16 sdb 2855214 4 728972648 506891081 1326133 3527022 833907992 305753267 64 10666561 812639815
======================
   8      16 sdb 2857054 4 729442664 507212671 1326133 3527022 833907992 305753267 64 10671569 812960884
======================
   8      16 sdb 2858969 4 729932648 507532507 1326133 3527022 833907992 305753267 64 10676572 813281088
======================
   8      16 sdb 2860834 4 730409832 507852909 1326133 3527022 833907992 305753267 64 10681576 813601341
======================
   8      16 sdb 2862797 4 730911848 508173069 1326133 3527022 833907992 305753267 64 10686580 813921717
======================
   8      16 sdb 2864663 4 731389288 508493348 1326133 3527022 833907992 305753267 64 10691583 814241887
======================
   8      16 sdb 2866469 4 731851112 508813667 1326133 3527022 833907992 305753267 64 10696587 814562338
======================
   8      16 sdb 2868302 4 732319848 509134546 1326133 3527022 833907992 305753267 64 10701591 814882855
======================
   8      16 sdb 2870193 4 732803176 509454222 1326133 3527022 833907992 305753267 64 10706594 815203356
======================
   8      16 sdb 2872034 4 733272680 509776171 1326133 3527022 833907992 305753267 64 10711597 815524441
======================
   8      16 sdb 2873997 4 733774696 510096443 1326133 3527022 833907992 305753267 64 10716600 815844668
======================
   8      16 sdb 2875783 4 734230376 510417008 1326133 3527022 833907992 305753267 64 10721604 816165857
======================
   8      16 sdb 2877538 4 734678376 510738736 1326133 3527022 833907992 305753267 63 10726607 816486832
======================
   8      16 sdb 2879423 4 735160424 511059282 1326133 3527022 833907992 305753267 64 10731611 816807218
======================
   8      16 sdb 2881306 4 735642472 511378572 1326133 3527022 833907992 305753267 64 10736614 817127244
======================
   8      16 sdb 2883155 4 736115304 511699202 1326133 3527022 833907992 305753267 64 10741617 817447585
======================
   8      16 sdb 2884959 4 736577128 512020041 1326133 3527022 833907992 305753267 64 10746621 817767715
======================
   8      16 sdb 2886872 4 737066088 512340402 1326133 3527022 833907992 305753267 64 10751624 818088194
======================
   8      16 sdb 2888729 4 737540712 512660656 1326133 3527022 833907992 305753267 64 10756627 818408744
======================
   8      16 sdb 2890498 4 737992808 512980310 1326133 3527022 833907992 305753267 65 10761632 818729360
======================
   8      16 sdb 2892355 4 738466536 513301864 1326133 3527022 833907992 305753267 64 10766635 819050409
======================
   8      16 sdb 2894211 4 738940264 513623235 1326133 3527022 833907992 305753267 64 10771639 819371332
======================
   8      16 sdb 2896036 4 739406184 513942668 1326133 3527022 833907992 305753267 64 10776642 819692092
======================
   8      16 sdb 2897886 4 739879016 514264394 1326133 3527022 833907992 305753267 64 10781646 820012655
======================
   8      16 sdb 2899616 4 740321640 514584388 1326133 3527022 833907992 305753267 64 10786649 820332859
======================
   8      16 sdb 2901430 4 740786024 514905041 1326133 3527022 833907992 305753267 64 10791653 820652934
======================
   8      16 sdb 2903306 4 741265768 515224447 1326133 3527022 833907992 305753267 64 10796656 820973211
======================
   8      16 sdb 2905140 4 741734760 515544636 1326133 3527022 833907992 305753267 64 10801659 821293570
======================
   8      16 sdb 2907065 4 742226792 515865850 1326133 3527022 833907992 305753267 64 10806662 821614065
======================
   8      16 sdb 2908919 4 742700904 516185673 1326133 3527022 833907992 305753267 64 10811665 821934351
======================
   8      16 sdb 2910800 4 743181928 516506585 1326133 3527022 833907992 305753267 64 10816669 822254773
======================
   8      16 sdb 2912706 4 743667688 516828032 1326133 3527022 833907992 305753267 64 10821672 822576145
======================
   8      16 sdb 2914545 4 744137320 517148861 1326133 3527022 833907992 305753267 64 10826675 822896843
======================
   8      16 sdb 2916380 4 744605800 517468523 1326133 3527022 833907992 305753267 64 10831679 823217735
======================
   8      16 sdb 2918258 4 745085544 517790139 1326133 3527022 833907992 305753267 64 10836682 823538485
======================
   8      16 sdb 2920127 4 745563752 518109260 1326133 3527022 833907992 305753267 64 10841685 823858562
======================
   8      16 sdb 2921971 4 746035560 518430713 1326133 3527022 833907992 305753267 64 10846689 824178854
======================
   8      16 sdb 2923753 4 746491240 518750781 1326133 3527022 833907992 305753267 64 10851692 824499246
======================
   8      16 sdb 2925554 4 746952040 519070161 1326133 3527022 833907992 305753267 64 10856696 824819525
======================
   8      16 sdb 2927302 4 747398504 519391011 1326133 3527022 833907992 305753267 64 10861699 825140304
======================
   8      16 sdb 2929138 4 747868008 519712354 1326133 3527022 833907992 305753267 64 10866702 825460646
======================
   8      16 sdb 2931009 4 748345832 520032620 1326133 3527022 833907992 305753267 64 10871705 825781482
======================
   8      16 sdb 2932921 4 748833256 520353888 1326133 3527022 833907992 305753267 64 10876708 826102789
======================
   8      16 sdb 2934757 4 749302120 520675011 1326133 3527022 833907992 305753267 64 10881712 826423526
======================
   8      16 sdb 2936661 4 749788776 520995899 1326133 3527022 833907992 305753267 64 10886715 826744059
======================
   8      16 sdb 2938472 4 750251624 521316283 1326133 3527022 833907992 305753267 64 10891719 827064612
======================
   8      16 sdb 2940384 4 750740840 521635301 1326133 3527022 833907992 305753267 64 10896722 827384797
======================
   8      16 sdb 2942295 4 751230056 521955556 1326133 3527022 833907992 305753267 64 10901725 827704846
======================
   8      16 sdb 2944146 4 751703400 522277085 1326133 3527022 833907992 305753267 64 10906728 828025188
======================
   8      16 sdb 2946048 4 752189800 522597655 1326133 3527022 833907992 305753267 64 10911731 828345495
======================
   8      16 sdb 2947903 4 752663656 522918427 1326133 3527022 833907992 305753267 64 10916735 828666091
======================
   8      16 sdb 2949783 4 753144680 523237856 1326133 3527022 833907992 305753267 64 10921739 828986392
======================
   8      16 sdb 2951629 4 753615464 523537152 1326133 3527022 833907992 305753267 53 10926742 829284242
======================
   8      16 sdb 2953664 4 754134120 523750675 1326133 3527022 833907992 305753267 30 10931745 829494752
======================
   8      16 sdb 2957440 4 755098984 523827783 1326133 3527022 833907992 305753267 0 10935992 829570436
