191.858
210.059
210.258
209.955
210.263
212.265
209.361
213.160
210.059
213.458
211.362
213.267
213.566
211.765
213.266
217.164
213.152
211.357
218.249
214.052
214.560
216.254
215.252
216.149
212.551
217.554
218.052
218.549
221.449
214.653
217.549
217.750
219.850
216.649
215.453
221.949
223.249
223.047
224.550
214.752
217.055
218.151
216.351
216.252
217.862
216.251
218.751
216.752
215.954
218.551
213.651
213.352
214.749
217.252
217.750
218.451
213.051
217.350
215.458
215.658
213.352
215.454
214.053
217.055
215.451
216.353
214.153
213.850
216.750
216.155
215.052
217.449
215.350
214.352
217.948
216.352
216.955
220.250
221.755
223.254
219.966
218.865
217.067
215.951
214.053
216.350
215.550
220.050
216.551
216.954
217.849
215.851
217.451
214.951
217.049
215.949
218.753
219.552
215.167
214.666
216.265
214.267
219.367
219.565
217.066
217.368
214.952
216.651
216.254
215.253
217.050
217.150
218.553
216.153
219.455
216.955
214.552
214.255
216.655
215.954
216.558
144.367
