391.544
657.189
751.134
735.213
463.457
819.532
808.103
512.336
600.237
814.124
826.689
331.130
755.307
636.186
613.973
827.256
816.454
466.099
677.905
825.497
697.099
392.633
824.629
801.478
478.298
559.278
736.950
814.922
448.708
672.481
642.777
600.771
701.857
607.368
806.870
590.602
635.592
673.397
804.720
609.464
621.806
596.335
526.401
820.951
797.269
338.637
785.833
812.526
375.520
777.165
813.157
448.105
695.579
670.686
659.307
681.778
591.186
651.172
610.998
679.691
527.608
757.368
630.480
804.203
498.836
677.937
792.813
749.042
322.169
815.044
832.742
515.651
545.649
820.140
822.244
479.348
596.357
803.645
658.740
684.808
785.605
565.694
527.903
537.212
808.640
811.385
315.241
720.789
804.769
531.197
513.215
806.860
796.690
509.605
791.866
548.515
637.128
625.798
486.623
823.394
557.306
617.308
761.888
829.087
365.333
717.176
811.084
574.434
485.339
821.948
803.650
526.441
533.323
806.892
762.510
557.952
563.651
811.424
537.234
588.241
778.732
807.499
433.419
672.502
817.892
584.919
418.133
818.287
750.181
421.116
761.295
800.282
509.911
547.721
822.491
532.413
729.797
407.404
