15453.395
13281.638
13051.473
13413.679
12815.360
12155.720
13316.237
12998.708
13053.429
13577.267
12768.054
13101.863
13431.676
14214.463
12963.268
12802.358
12741.461
12910.405
14249.782
12878.138
14111.952
14450.325
12856.860
12760.499
12932.031
14309.549
12800.059
12740.577
13143.964
12778.725
13795.816
12800.525
14523.191
14252.125
12314.719
13068.858
14517.638
12713.733
12583.687
14251.472
12988.151
14085.391
12740.600
13229.954
12887.455
12819.700
13145.287
14264.807
12350.067
14097.830
13126.904
14302.981
14150.234
12846.032
12664.162
12256.529
12945.134
14446.541
14430.960
12517.717
14314.180
14430.998
12628.976
14195.260
12983.757
12955.077
12807.480
12899.097
13089.791
12738.761
12795.723
14512.079
14453.349
12678.983
12914.259
12937.864
14295.318
13081.827
12923.916
14288.885
14217.084
14087.755
14583.202
14114.458
12844.887
12930.500
13095.696
14468.371
12641.556
12195.157
