======================
   8      48 sdd 62616671 19602 4912758422 397121449 8367522 31567485 5263900920 2477464115 0 47080307 2874535991
======================
   8      48 sdd 62616764 19602 4912759166 397122766 8369608 31567485 5265215480 2478005070 156 47084858 2875103408
======================
   8      48 sdd 62616769 19602 4912759206 397124007 8371711 31567510 5266534168 2478642456 131 47089860 2875741136
======================
   8      48 sdd 62616775 19602 4912759254 397125459 8373801 31567523 5267849496 2479248362 146 47094862 2876348606
======================
   8      48 sdd 62616780 19602 4912759294 397126653 8375894 31567535 5269165848 2479864697 132 47099866 2876966254
======================
   8      48 sdd 62616785 19602 4912759334 397127677 8377985 31567548 5270481816 2480506028 146 47104870 2877609116
======================
   8      48 sdd 62616791 19602 4912759382 397128949 8380075 31567561 5271797144 2481115438 134 47109872 2878219493
======================
   8      48 sdd 62616796 19602 4912759422 397129854 8382170 31567573 5273114776 2481756403 132 47114874 2878861226
======================
   8      48 sdd 62616801 19602 4912759462 397131261 8384261 31567586 5274430744 2482347297 128 47119877 2879452986
======================
   8      48 sdd 62616807 19602 4912759510 397132684 8386348 31567599 5275744024 2482930000 137 47124880 2880037511
======================
   8      48 sdd 62616812 19602 4912759550 397133854 8388443 31567612 5277061792 2483574006 126 47129882 2880682164
======================
   8      48 sdd 62616817 19602 4912759590 397134799 8390533 31567625 5278377120 2484231801 119 47134886 2881340502
======================
   8      48 sdd 62616823 19602 4912759638 397136272 8392622 31567638 5279691808 2484838474 113 47139890 2881948345
======================
   8      48 sdd 62616828 19602 4912759678 397137526 8394718 31567651 5281009456 2485451714 102 47144892 2882561775
======================
   8      48 sdd 62616833 19602 4912759718 397138784 8396808 31567664 5282324784 2486066509 95 47149895 2883177290
======================
   8      48 sdd 62616840 19602 4912759774 397140710 8398894 31567677 5283637552 2486630567 147 47154898 2883741135
======================
   8      48 sdd 62616845 19602 4912759814 397141848 8400987 31567689 5284954160 2487240409 135 47159901 2884356137
======================
   8      48 sdd 62616849 19602 4912759846 397142774 8403075 31567702 5286267952 2487869017 52 47164904 2884976846
======================
   8      48 sdd 62616856 19602 4912759902 397144224 8405166 31567715 5287583920 2488468425 130 47169907 2885581737
======================
   8      48 sdd 62616860 19602 4912759934 397145080 8407260 31567727 5288901168 2489090993 34 47174910 2886196614
======================
   8      48 sdd 62616865 19602 4912759974 397146272 8409347 31567740 5290214576 2489696969 30 47179913 2886802848
======================
   8      48 sdd 62616872 19602 4912760030 397147789 8411435 31567754 5291528376 2490309717 143 47184915 2887431115
======================
   8      48 sdd 62616876 19602 4912760062 397148641 8413531 31567766 5292846904 2490950602 13 47189918 2888053512
======================
   8      48 sdd 62616882 19602 4912760110 397150148 8415618 31567779 5294160312 2491566233 156 47194921 2888670998
======================
   8      48 sdd 62616888 19602 4912760158 397151449 8417709 31567792 5295476024 2492150615 157 47199924 2889276503
======================
   8      48 sdd 62616893 19602 4912760198 397152540 8419803 31567805 5296792648 2492779129 134 47204927 2889906598
======================
   8      48 sdd 62616898 19602 4912760238 397153945 8421893 31567818 5298107976 2493389699 136 47209930 2890509850
======================
   8      48 sdd 62616904 19602 4912760286 397155321 8423980 31567831 5299421256 2493972960 137 47214934 2891103582
======================
   8      48 sdd 62616909 19602 4912760326 397156375 8426074 31567843 5300738376 2494607918 156 47219937 2891732193
======================
   8      48 sdd 62616914 19602 4912760366 397157349 8428159 31567856 5302050504 2495234636 143 47224939 2892367260
======================
   8      48 sdd 62616920 19602 4912760414 397158635 8430245 31567869 5303363272 2495841208 153 47229942 2892974743
======================
   8      48 sdd 62616925 19602 4912760454 397159775 8432337 31567881 5304679240 2496462502 129 47234944 2893589116
======================
   8      48 sdd 62616930 19602 4912760494 397160937 8434426 31567894 5305993928 2497073961 155 47239948 2894202887
======================
   8      48 sdd 62616936 19602 4912760542 397161935 8436514 31567907 5307307720 2497693622 135 47244951 2894830127
======================
   8      48 sdd 62616941 19602 4912760582 397163080 8438605 31567919 5308623048 2498313577 132 47249954 2895447917
======================
   8      48 sdd 62616946 19602 4912760622 397163969 8440691 31567932 5309935816 2498941457 145 47254958 2896079928
======================
   8      48 sdd 62616952 19602 4912760670 397165220 8442776 31567945 5311247944 2499542730 155 47259962 2896682760
======================
   8      48 sdd 62616957 19602 4912760710 397166403 8444869 31567959 5312563936 2500177570 143 47264963 2897318662
======================
   8      48 sdd 62616962 19602 4912760750 397167666 8446958 31567972 5313878368 2500806321 132 47269967 2897948187
======================
   8      48 sdd 62616968 19602 4912760798 397168882 8449048 31567985 5315193696 2501414499 132 47274970 2898557796
======================
   8      48 sdd 62616973 19602 4912760838 397170141 8451142 31567997 5316510944 2502034526 144 47279974 2899179267
======================
   8      48 sdd 62616978 19602 4912760878 397171478 8453232 31568010 5317826016 2502638702 133 47284976 2899784160
======================
   8      48 sdd 62616984 19602 4912760926 397172737 8455320 31568023 5319140064 2503245275 138 47289978 2900392517
======================
   8      48 sdd 62616989 19602 4912760966 397173912 8457414 31568035 5320457312 2503862682 132 47294981 2901010904
======================
   8      48 sdd 62616994 19602 4912761006 397175047 8459504 31568048 5321772640 2504482268 138 47299984 2901631968
======================
   8      48 sdd 62617000 19602 4912761054 397176192 8461570 31568061 5323072608 2505095293 141 47304987 2902246040
======================
   8      48 sdd 62617005 19602 4912761094 397177397 8463668 31568073 5324392416 2505708702 132 47309990 2902860537
======================
   8      48 sdd 62617010 19602 4912761134 397178603 8465769 31568086 5325714528 2506311428 138 47314993 2903464701
======================
   8      48 sdd 62617016 19602 4912761182 397179705 8467861 31568100 5327030512 2506959464 143 47319996 2904114151
======================
   8      48 sdd 62617021 19602 4912761222 397180867 8469954 31568112 5328347496 2507602240 151 47324999 2904757776
======================
   8      48 sdd 62617026 19602 4912761262 397182184 8472043 31568125 5329662184 2508228212 139 47330002 2905385115
======================
   8      48 sdd 62617032 19602 4912761310 397183668 8474134 31568138 5330978152 2508840259 132 47335004 2905998221
======================
   8      48 sdd 62617037 19602 4912761350 397184909 8476226 31568151 5332294504 2509453408 151 47340007 2906613378
======================
   8      48 sdd 62617042 19602 4912761390 397186225 8478316 31568164 5333609832 2510066263 138 47345009 2907227164
======================
   8      48 sdd 62617048 19602 4912761438 397187381 8480407 31568177 5334925800 2510676930 134 47350013 2907838733
======================
   8      48 sdd 62617053 19602 4912761478 397188408 8482499 31568190 5336242408 2511302583 139 47355015 2908465974
======================
   8      48 sdd 62617058 19602 4912761518 397189550 8484589 31568203 5337557480 2511923119 150 47360018 2909087170
======================
   8      48 sdd 62617064 19602 4912761566 397190927 8486678 31568216 5338872168 2512517922 129 47365021 2909682931
======================
   8      48 sdd 62617069 19602 4912761606 397192047 8488771 31568229 5340189416 2513131798 136 47370024 2910298306
======================
   8      48 sdd 62617074 19602 4912761646 397193253 8490860 31568242 5341503848 2513744181 130 47375027 2910911435
======================
   8      48 sdd 62617080 19602 4912761694 397194691 8492952 31568256 5342819832 2514327231 122 47380028 2911495821
======================
   8      48 sdd 62617086 19602 4912761742 397195950 8495045 31568270 5344137088 2514971182 152 47385031 2912140718
======================
   8      48 sdd 62617090 19602 4912761774 397197094 8497134 31568279 5345452120 2515609884 105 47390034 2912779385
======================
   8      48 sdd 62617097 19602 4912761830 397198211 8499225 31568292 5346768088 2516238833 156 47395036 2913408853
======================
   8      48 sdd 62617102 19602 4912761870 397199456 8501319 31568308 5348084736 2516869598 156 47400040 2914036113
======================
   8      48 sdd 62617107 19602 4912761910 397200699 8503407 31568321 5349399384 2517488706 153 47405043 2914656202
======================
   8      48 sdd 62617112 19602 4912761950 397201971 8505497 31568330 5350714456 2518088220 49 47410045 2915253551
======================
   8      48 sdd 62617117 19602 4912761990 397203291 8507591 31568342 5352031704 2518689381 39 47415048 2915853878
======================
   8      48 sdd 62617123 19602 4912762038 397204510 8509680 31568356 5353346272 2519312130 157 47420051 2916488688
======================
   8      48 sdd 62617129 19602 4912762086 397205564 8511771 31568369 5354661480 2519943417 139 47425053 2917113476
======================
   8      48 sdd 62617134 19602 4912762126 397206684 8513863 31568381 5355977448 2520567367 158 47430056 2917733856
======================
   8      48 sdd 62617139 19602 4912762166 397207790 8515951 31568394 5357291496 2521187519 136 47435060 2918352777
======================
   8      48 sdd 62617145 19602 4912762214 397208737 8518041 31568408 5358606832 2521814025 158 47440061 2918982536
======================
   8      48 sdd 62617150 19602 4912762254 397210124 8520136 31568420 5359923832 2522433884 133 47445064 2919602114
======================
   8      48 sdd 62617155 19602 4912762294 397211292 8522226 31568434 5361239168 2523074778 150 47450068 2920239489
======================
   8      48 sdd 62617161 19602 4912762342 397212529 8524318 31568447 5362555776 2523698905 128 47455070 2920870794
======================
   8      48 sdd 62617166 19602 4912762382 397213694 8526410 31568459 5363872680 2524336621 126 47460073 2921515049
======================
   8      48 sdd 62617171 19602 4912762422 397214938 8528500 31568472 5365188008 2524946975 119 47465075 2922135226
======================
   8      48 sdd 62617177 19602 4912762470 397216251 8530591 31568485 5366503976 2525561178 137 47470078 2922745685
======================
   8      48 sdd 62617182 19602 4912762510 397217566 8532684 31568488 5367820328 2526163806 147 47475080 2923350234
======================
   8      48 sdd 62617187 19602 4912762550 397218962 8534773 31568501 5369135016 2526762501 137 47480083 2923951970
======================
   8      48 sdd 62617193 19602 4912762598 397220064 8536862 31568514 5370449704 2527377412 134 47485085 2924568589
======================
   8      48 sdd 62617198 19602 4912762638 397221212 8538957 31568526 5371767336 2527988930 157 47490087 2925181528
======================
   8      48 sdd 62617203 19602 4912762678 397222323 8541043 31568539 5373080104 2528604319 132 47495090 2925801181
======================
   8      48 sdd 62617209 19602 4912762726 397223514 8543135 31568552 5374396712 2529212261 144 47500093 2926408985
======================
   8      48 sdd 62617214 19602 4912762766 397224636 8545231 31568565 5375714616 2529827278 143 47505097 2927026287
======================
   8      48 sdd 62617219 19602 4912762806 397225809 8547307 31568579 5377020864 2530469145 144 47510100 2927670087
======================
   8      48 sdd 62617225 19602 4912762854 397227074 8549383 31568592 5378327360 2531092997 147 47515102 2928292708
======================
   8      48 sdd 62617230 19602 4912762894 397228241 8551481 31568604 5379647168 2531704792 136 47520105 2928906497
======================
   8      48 sdd 62617235 19602 4912762934 397229320 8553582 31568617 5380969280 2532331458 142 47525108 2929534958
======================
   8      48 sdd 62617241 19602 4912762982 397230524 8555674 31568630 5382285888 2532940583 137 47530110 2930145264
======================
   8      48 sdd 62617246 19602 4912763022 397231570 8557762 31568642 5383599040 2533569404 130 47535112 2930775410
======================
   8      48 sdd 62617251 19602 4912763062 397232605 8559851 31568655 5384913728 2534207997 144 47540114 2931415224
======================
   8      48 sdd 62617257 19602 4912763110 397233792 8561942 31568668 5386229696 2534816825 148 47545118 2932024717
======================
   8      48 sdd 62617262 19602 4912763150 397234682 8564032 31568680 5387544384 2535454199 156 47550121 2932663386
======================
   8      48 sdd 62617267 19602 4912763190 397235802 8566121 31568693 5388858816 2536073315 145 47555124 2933283442
======================
   8      48 sdd 62617657 19602 4912837432 397237187 8567538 31568716 5389742576 2536478483 2 47558860 2933665112
======================
   8      48 sdd 62621710 19602 4913874488 397246811 8567541 31568718 5389742616 2536478483 2 47563888 2933674731
======================
   8      48 sdd 62626439 19602 4915084600 397256280 8567541 31568718 5389742616 2536478483 2 47568882 2933684193
======================
   8      48 sdd 62631165 19602 4916294456 397265816 8567541 31568718 5389742616 2536478483 2 47573875 2933693721
======================
   8      48 sdd 62635887 19602 4917503032 397275304 8567541 31568718 5389742616 2536478483 2 47578870 2933703204
======================
   8      48 sdd 62640617 19602 4918713656 397284798 8567541 31568718 5389742616 2536478483 1 47583864 2933712686
======================
   8      48 sdd 62645320 19602 4919917368 397294291 8567541 31568718 5389742616 2536478483 2 47588861 2933722173
======================
   8      48 sdd 62649988 19602 4921112120 397303747 8567541 31568718 5389742616 2536478483 1 47593851 2933731619
started
======================
   8      48 sdd 62656906 19602 4921585664 397307520 8567543 31568718 5389742632 2536478483 1 47597464 2933735385
======================
   8      48 sdd 62666537 19602 4922202304 397312138 8567543 31568718 5389742632 2536478483 1 47602070 2933739991
======================
   8      48 sdd 62676214 19602 4922821680 397316775 8567543 31568718 5389742632 2536478483 1 47606699 2933744620
======================
   8      48 sdd 62685980 19602 4923447000 397321401 8567543 31568718 5389742632 2536478483 1 47611319 2933749240
======================
   8      48 sdd 62695744 19602 4924072328 397326005 8567543 31568718 5389742632 2536478483 1 47615912 2933753833
======================
   8      48 sdd 62705497 19602 4924698088 397330609 8567543 31568718 5389742632 2536478483 1 47620510 2933758432
======================
   8      48 sdd 62715099 19602 4925314232 397335225 8567543 31568718 5389742632 2536478483 1 47625119 2933763041
======================
   8      48 sdd 62724696 19602 4925929784 397339837 8567543 31568718 5389742632 2536478483 1 47629724 2933767646
======================
   8      48 sdd 62734383 19602 4926551992 397344436 8567543 31568718 5389742632 2536478483 1 47634318 2933772241
======================
   8      48 sdd 62744162 19602 4927181664 397349084 8567543 31568718 5389742632 2536478483 1 47638956 2933776879
======================
   8      48 sdd 62753905 19602 4927808440 397353707 8567543 31568718 5389742632 2536478483 1 47643568 2933781491
======================
   8      48 sdd 62763638 19602 4928435000 397358318 8567543 31568718 5389742632 2536478483 1 47648175 2933786099
======================
   8      48 sdd 62773354 19602 4929060088 397362923 8567543 31568718 5389742632 2536478483 1 47652767 2933790695
======================
   8      48 sdd 62783003 19602 4929681656 397367497 8567543 31568718 5389742632 2536478483 1 47657328 2933795258
======================
   8      48 sdd 62792636 19602 4930302136 397372097 8567543 31568718 5389742632 2536478483 0 47661916 2933799846
======================
   8      48 sdd 62802257 19602 4930921816 397376697 8567543 31568718 5389742632 2536478483 1 47666507 2933804438
======================
   8      48 sdd 62811975 19602 4931549688 397381305 8567543 31568718 5389742632 2536478483 1 47671105 2933809038
======================
   8      48 sdd 62821702 19602 4932175960 397385940 8567543 31568718 5389742632 2536478483 1 47675729 2933813666
======================
   8      48 sdd 62831397 19602 4932799816 397390568 8567543 31568718 5389742632 2536478483 1 47680346 2933818284
======================
   8      48 sdd 62840975 19602 4933418120 397395194 8567543 31568718 5389742632 2536478483 1 47684966 2933822906
======================
   8      48 sdd 62850597 19602 4934037896 397399793 8567543 31568718 5389742632 2536478483 1 47689556 2933827498
======================
   8      48 sdd 62860237 19602 4934660168 397404409 8567543 31568718 5389742632 2536478483 1 47694157 2933832102
======================
   8      48 sdd 62869964 19602 4935286696 397409035 8567543 31568718 5389742632 2536478483 1 47698773 2933836720
======================
   8      48 sdd 62879559 19602 4935904040 397413641 8567543 31568718 5389742632 2536478483 1 47703369 2933841318
======================
   8      48 sdd 62889229 19602 4936528136 397418254 8567543 31568718 5389742632 2536478483 1 47707972 2933845922
======================
   8      48 sdd 62898825 19602 4937147208 397422895 8567543 31568718 5389742632 2536478483 1 47712599 2933850555
======================
   8      48 sdd 62908456 19602 4937767472 397427522 8567543 31568718 5389742632 2536478483 1 47717217 2933855175
======================
   8      48 sdd 62918057 19602 4938385424 397432165 8567543 31568718 5389742632 2536478483 1 47721852 2933859810
======================
   8      48 sdd 62927688 19602 4939005008 397436785 8567543 31568718 5389742632 2536478483 1 47726462 2933864423
======================
   8      48 sdd 62937450 19602 4939634192 397441427 8567543 31568718 5389742632 2536478483 1 47731091 2933869054
======================
   8      48 sdd 62947117 19602 4940258544 397446023 8567543 31568718 5389742632 2536478483 1 47735671 2933873636
======================
   8      48 sdd 62956726 19602 4940877360 397450632 8567543 31568718 5389742632 2536478483 1 47740267 2933878233
======================
   8      48 sdd 62966352 19602 4941497968 397455230 8567543 31568718 5389742632 2536478483 1 47744855 2933882824
======================
   8      48 sdd 62976043 19602 4942122160 397459807 8567543 31568718 5389742632 2536478483 1 47749427 2933887396
======================
   8      48 sdd 62985677 19602 4942743184 397464398 8567543 31568718 5389742632 2536478483 1 47754004 2933891974
======================
   8      48 sdd 62995293 19602 4943362704 397468983 8567543 31568718 5389742632 2536478483 1 47758573 2933896545
======================
   8      48 sdd 63004994 19602 4943986992 397473613 8567543 31568718 5389742632 2536478483 0 47763188 2933901161
======================
   8      48 sdd 63014588 19602 4944606264 397478226 8567543 31568718 5389742632 2536478483 1 47767788 2933905764
======================
   8      48 sdd 63024180 19602 4945225552 397482831 8567543 31568718 5389742632 2536478483 1 47772377 2933910358
======================
   8      48 sdd 63033793 19602 4945844624 397487437 8567543 31568718 5389742632 2536478483 1 47776972 2933914955
======================
   8      48 sdd 63043495 19602 4946469584 397492045 8567543 31568718 5389742632 2536478483 1 47781571 2933919557
======================
   8      48 sdd 63053110 19602 4947089680 397496670 8567543 31568718 5389742632 2536478483 1 47786187 2933924176
======================
   8      48 sdd 63062679 19602 4947705616 397501280 8567543 31568718 5389742632 2536478483 1 47790786 2933928776
======================
   8      48 sdd 63072260 19602 4948324112 397505906 8567543 31568718 5389742632 2536478483 1 47795394 2933933388
======================
   8      48 sdd 63081871 19602 4948944816 397510528 8567543 31568718 5389742632 2536478483 1 47800005 2933938002
======================
   8      48 sdd 63091513 19602 4949565648 397515142 8567543 31568718 5389742632 2536478483 0 47804605 2933942605
======================
   8      48 sdd 63101243 19602 4950192848 397519768 8567543 31568718 5389742632 2536478483 1 47809220 2933947220
======================
   8      48 sdd 63110831 19602 4950811376 397524378 8567543 31568718 5389742632 2536478483 1 47813822 2933951822
======================
   8      48 sdd 63120431 19602 4951430320 397528992 8567543 31568718 5389742632 2536478483 0 47818420 2933956423
======================
   8      48 sdd 63130024 19602 4952049200 397533613 8567543 31568718 5389742632 2536478483 1 47823032 2933961039
======================
   8      48 sdd 63139681 19602 4952672112 397538208 8567543 31568718 5389742632 2536478483 1 47827617 2933965628
======================
   8      48 sdd 63149360 19602 4953296368 397542847 8567543 31568718 5389742632 2536478483 1 47832242 2933970256
======================
   8      48 sdd 63159078 19602 4953923280 397547450 8567543 31568718 5389742632 2536478483 1 47836833 2933974849
======================
   8      48 sdd 63168764 19602 4954547824 397552080 8567543 31568718 5389742632 2536478483 1 47841453 2933979476
======================
   8      48 sdd 63178417 19602 4955168976 397556692 8567543 31568718 5389742632 2536478483 1 47846053 2933984077
======================
   8      48 sdd 63188003 19602 4955787824 397561262 8567543 31568718 5389742632 2536478483 1 47850611 2933988638
======================
   8      48 sdd 63197654 19602 4956410320 397565852 8567543 31568718 5389742632 2536478483 1 47855192 2933993223
======================
   8      48 sdd 63207293 19602 4957030888 397570460 8567543 31568718 5389742632 2536478483 1 47859786 2933997820
======================
   8      48 sdd 63216971 19602 4957656232 397575107 8567543 31568718 5389742632 2536478483 1 47864425 2934002462
======================
   8      48 sdd 63226683 19602 4958280424 397579727 8567543 31568718 5389742632 2536478483 1 47869028 2934007066
======================
   8      48 sdd 63236347 19602 4958903848 397584310 8567543 31568718 5389742632 2536478483 1 47873595 2934011634
======================
   8      48 sdd 63245952 19602 4959522856 397588923 8567543 31568718 5389742632 2536478483 1 47878192 2934016233
======================
   8      48 sdd 63255538 19602 4960140616 397593526 8567543 31568718 5389742632 2536478483 1 47882786 2934020829
======================
   8      48 sdd 63265171 19602 4960762248 397598138 8567543 31568718 5389742632 2536478483 1 47887386 2934025433
======================
   8      48 sdd 63274898 19602 4961388744 397602734 8567543 31568718 5389742632 2536478483 1 47891970 2934030017
======================
   8      48 sdd 63284569 19602 4962013912 397607358 8567543 31568718 5389742632 2536478483 1 47896577 2934034629
======================
   8      48 sdd 63294213 19602 4962635832 397611973 8567543 31568718 5389742632 2536478483 1 47901178 2934039231
======================
   8      48 sdd 63303808 19602 4963255096 397616576 8567543 31568718 5389742632 2536478483 1 47905765 2934043820
======================
   8      48 sdd 63313467 19602 4963877944 397621180 8567543 31568718 5389742632 2536478483 1 47910358 2934048416
======================
   8      48 sdd 63323093 19602 4964497752 397625782 8567543 31568718 5389742632 2536478483 1 47914945 2934053009
======================
   8      48 sdd 63332675 19602 4965115608 397630390 8567543 31568718 5389742632 2536478483 1 47919541 2934057607
======================
   8      48 sdd 63342269 19602 4965733904 397634985 8567543 31568718 5389742632 2536478483 0 47924124 2934062193
======================
   8      48 sdd 63351912 19602 4966355216 397639608 8567543 31568718 5389742632 2536478483 1 47928733 2934066805
======================
   8      48 sdd 63361491 19602 4966974096 397644215 8567543 31568718 5389742632 2536478483 1 47933327 2934071404
======================
   8      48 sdd 63371106 19602 4967593216 397648820 8567543 31568718 5389742632 2536478483 1 47937920 2934075997
======================
   8      48 sdd 63380690 19602 4968211264 397653439 8567543 31568718 5389742632 2536478483 1 47942523 2934080603
======================
   8      48 sdd 63390287 19602 4968830144 397658042 8567543 31568718 5389742632 2536478483 1 47947115 2934085198
======================
   8      48 sdd 63399863 19602 4969446968 397662611 8567543 31568718 5389742632 2536478483 1 47951672 2934089755
======================
   8      48 sdd 63409494 19602 4970068792 397667234 8567543 31568718 5389742632 2536478483 1 47956287 2934094372
======================
   8      48 sdd 63419093 19602 4970687328 397671874 8567543 31568718 5389742632 2536478483 1 47960914 2934099003
======================
   8      48 sdd 63428706 19602 4971307000 397676476 8567543 31568718 5389742632 2536478483 1 47965501 2934103593
======================
   8      48 sdd 63438368 19602 4971929408 397681107 8567543 31568718 5389742632 2536478483 1 47970114 2934108211
======================
   8      48 sdd 63448065 19602 4972553952 397685729 8567543 31568718 5389742632 2536478483 1 47974725 2934112823
======================
   8      48 sdd 63457655 19602 4973171200 397690333 8567543 31568718 5389742632 2536478483 1 47979317 2934117421
======================
   8      48 sdd 63467236 19602 4973787368 397694954 8567543 31568718 5389742632 2536478483 1 47983928 2934122033
======================
   8      48 sdd 63476830 19602 4974405736 397699553 8567543 31568718 5389742632 2536478483 1 47988519 2934126625
======================
   8      48 sdd 63486424 19602 4975023496 397704164 8567543 31568718 5389742632 2536478483 1 47993120 2934131229
======================
   8      48 sdd 63496012 19602 4975642696 397708778 8567543 31568718 5389742632 2536478483 1 47997721 2934135832
======================
   8      48 sdd 63505678 19602 4976266792 397713386 8567543 31568718 5389742632 2536478483 1 48002313 2934140428
======================
   8      48 sdd 63515366 19602 4976890024 397718003 8567543 31568718 5389742632 2536478483 1 48006917 2934145034
======================
   8      48 sdd 63524932 19602 4977505320 397722618 8567543 31568718 5389742632 2536478483 1 48011522 2934149639
======================
   8      48 sdd 63534524 19602 4978122664 397727225 8567543 31568718 5389742632 2536478483 1 48016116 2934154235
======================
   8      48 sdd 63544122 19602 4978740712 397731828 8567543 31568718 5389742632 2536478483 1 48020706 2934158828
======================
   8      48 sdd 63553719 19602 4979359592 397736431 8567543 31568718 5389742632 2536478483 1 48025301 2934163425
======================
   8      48 sdd 63563379 19602 4979981992 397741046 8567543 31568718 5389742632 2536478483 1 48029910 2934168034
======================
   8      48 sdd 63572965 19602 4980600360 397745653 8567543 31568718 5389742632 2536478483 1 48034505 2934172630
======================
   8      48 sdd 63582625 19602 4981221384 397750290 8567543 31568718 5389742632 2536478483 0 48039128 2934177255
======================
   8      48 sdd 63592192 19602 4981837576 397754892 8567543 31568718 5389742632 2536478483 1 48043715 2934181843
======================
   8      48 sdd 63601793 19602 4982456136 397759508 8567543 31568718 5389742632 2536478483 1 48048317 2934186450
======================
   8      48 sdd 63611379 19602 4983073416 397764131 8567543 31568718 5389742632 2536478483 1 48052929 2934191063
======================
   8      48 sdd 63621048 19602 4983695024 397768755 8567543 31568718 5389742632 2536478483 1 48057540 2934195674
======================
   8      48 sdd 63630713 19602 4984317392 397773364 8567543 31568718 5389742632 2536478483 1 48062135 2934200273
======================
   8      48 sdd 63640335 19602 4984938128 397778005 8567543 31568718 5389742632 2536478483 1 48066761 2934204903
======================
   8      48 sdd 63649953 19602 4985558032 397782609 8567543 31568718 5389742632 2536478483 1 48071354 2934209500
======================
   8      48 sdd 63659340 19602 4986162640 397787236 8567543 31568718 5389742632 2536478483 1 48075967 2934214118
======================
   8      48 sdd 63668363 19602 4986743568 397791881 8567543 31568718 5389742632 2536478483 1 48080602 2934218754
======================
   8      48 sdd 63677434 19602 4987327440 397796507 8567543 31568718 5389742632 2536478483 1 48085217 2934223373
======================
   8      48 sdd 63686621 19602 4987920240 397801141 8567543 31568718 5389742632 2536478483 1 48089836 2934227994
======================
   8      48 sdd 63696239 19602 4988540464 397805767 8567543 31568718 5389742632 2536478483 0 48094452 2934232614
======================
   8      48 sdd 63705816 19602 4989157264 397810378 8567543 31568718 5389742632 2536478483 1 48099050 2934237213
======================
   8      48 sdd 63715431 19602 4989776336 397814964 8567543 31568718 5389742632 2536478483 0 48103622 2934241788
======================
   8      48 sdd 63725043 19602 4990394512 397819560 8567543 31568718 5389742632 2536478483 1 48108209 2934246377
======================
   8      48 sdd 63734661 19602 4991013040 397824177 8567543 31568718 5389742632 2536478483 1 48112809 2934250979
======================
   8      48 sdd 63744322 19602 4991634256 397828785 8567543 31568718 5389742632 2536478483 1 48117407 2934255579
======================
   8      48 sdd 63753958 19602 4992256208 397833398 8567543 31568718 5389742632 2536478483 1 48122009 2934260182
======================
   8      48 sdd 63763533 19602 4992873816 397838002 8567543 31568718 5389742632 2536478483 1 48126609 2934264782
======================
   8      48 sdd 63773174 19602 4993496376 397842619 8567543 31568718 5389742632 2536478483 1 48131210 2934269387
======================
   8      48 sdd 63782783 19602 4994116376 397847240 8567543 31568718 5389742632 2536478483 0 48135825 2934274002
======================
   8      48 sdd 63792373 19602 4994734280 397851869 8567543 31568718 5389742632 2536478483 1 48140440 2934278620
======================
   8      48 sdd 63801992 19602 4995354664 397856495 8567543 31568718 5389742632 2536478483 1 48145054 2934283235
======================
   8      48 sdd 63811611 19602 4995974216 397861101 8567543 31568718 5389742632 2536478483 1 48149645 2934287829
======================
   8      48 sdd 63821203 19602 4996591464 397865719 8567543 31568718 5389742632 2536478483 1 48154250 2934292435
======================
   8      48 sdd 63830875 19602 4997215240 397870366 8567543 31568718 5389742632 2536478483 1 48158885 2934297073
======================
   8      48 sdd 63840466 19602 4997834408 397874989 8567543 31568718 5389742632 2536478483 1 48163493 2934301685
======================
   8      48 sdd 63850051 19602 4998452200 397879597 8567543 31568718 5389742632 2536478483 1 48168090 2934306283
======================
   8      48 sdd 63859645 19602 4999069960 397884211 8567543 31568718 5389742632 2536478483 1 48172693 2934310887
======================
   8      48 sdd 63869241 19602 4999687784 397888792 8567543 31568718 5389742632 2536478483 1 48177264 2934315459
======================
   8      48 sdd 63878833 19602 5000305232 397893429 8567543 31568718 5389742632 2536478483 1 48181886 2934320084
======================
   8      48 sdd 63888462 19602 5000925648 397898062 8567543 31568718 5389742632 2536478483 1 48186514 2934324714
======================
   8      48 sdd 63898118 19602 5001549584 397902697 8567543 31568718 5389742632 2536478483 1 48191136 2934329340
======================
   8      48 sdd 63907715 19602 5002167792 397907297 8567543 31568718 5389742632 2536478483 1 48195716 2934333924
======================
   8      48 sdd 63917393 19602 5002790352 397911890 8567543 31568718 5389742632 2536478483 0 48200298 2934338511
======================
   8      48 sdd 63926952 19602 5003406224 397916476 8567543 31568718 5389742632 2536478483 1 48204873 2934343089
======================
   8      48 sdd 63936534 19602 5004024256 397921105 8567543 31568718 5389742632 2536478483 1 48209495 2934347712
======================
   8      48 sdd 63946147 19602 5004643840 397925716 8567543 31568718 5389742632 2536478483 1 48214088 2934352307
======================
   8      48 sdd 63955776 19602 5005263392 397930303 8567543 31568718 5389742632 2536478483 1 48218665 2934356887
======================
   8      48 sdd 63965399 19602 5005883680 397934955 8567543 31568718 5389742632 2536478483 1 48223301 2934361528
======================
   8      48 sdd 63975074 19602 5006506512 397939579 8567543 31568718 5389742632 2536478483 1 48227916 2934366144
======================
   8      48 sdd 63984684 19602 5007126032 397944198 8567543 31568718 5389742632 2536478483 1 48232526 2934370757
======================
   8      48 sdd 63994245 19602 5007742456 397948811 8567543 31568718 5389742632 2536478483 1 48237127 2934375363
======================
   8      48 sdd 64003880 19602 5008362536 397953421 8567543 31568718 5389742632 2536478483 1 48241725 2934379961
======================
   8      48 sdd 64013617 19602 5008990216 397958036 8567543 31568718 5389742632 2536478483 1 48246329 2934384566
======================
   8      48 sdd 64023175 19602 5009604680 397962636 8567543 31568718 5389742632 2536478483 1 48250920 2934389159
======================
   8      48 sdd 64032765 19602 5010222512 397967222 8567543 31568718 5389742632 2536478483 1 48255497 2934393738
======================
   8      48 sdd 64042386 19602 5010842320 397971832 8567543 31568718 5389742632 2536478483 1 48260096 2934398340
======================
   8      48 sdd 64052003 19602 5011462248 397976458 8567543 31568718 5389742632 2536478483 1 48264713 2934402960
======================
   8      48 sdd 64061586 19602 5012078728 397981061 8567543 31568718 5389742632 2536478483 1 48269308 2934407555
======================
   8      48 sdd 64071209 19602 5012698960 397985643 8567543 31568718 5389742632 2536478483 1 48273873 2934412125
======================
   8      48 sdd 64080807 19602 5013315648 397990262 8567543 31568718 5389742632 2536478483 1 48278484 2934416739
======================
   8      48 sdd 64090480 19602 5013938528 397994872 8567543 31568718 5389742632 2536478483 1 48283082 2934421338
======================
   8      48 sdd 64100117 19602 5014559136 397999474 8567543 31568718 5389742632 2536478483 1 48287676 2934425935
======================
   8      48 sdd 64109691 19602 5015175648 398004083 8567543 31568718 5389742632 2536478483 1 48292273 2934430533
======================
   8      48 sdd 64119349 19602 5015798232 398008701 8567543 31568718 5389742632 2536478483 1 48296881 2934435142
======================
   8      48 sdd 64128952 19602 5016416432 398013289 8567543 31568718 5389742632 2536478483 1 48301462 2934439725
======================
   8      48 sdd 64138549 19602 5017035200 398017887 8567543 31568718 5389742632 2536478483 1 48306053 2934444316
======================
   8      48 sdd 64148220 19602 5017658080 398022509 8567543 31568718 5389742632 2536478483 1 48310660 2934448927
======================
   8      48 sdd 64157848 19602 5018279056 398027125 8567543 31568718 5389742632 2536478483 1 48315263 2934453533
======================
   8      48 sdd 64167481 19602 5018899728 398031710 8567543 31568718 5389742632 2536478483 1 48319838 2934458108
======================
   8      48 sdd 64177094 19602 5019518512 398036325 8567543 31568718 5389742632 2536478483 1 48324444 2934462715
======================
   8      48 sdd 64186703 19602 5020138656 398040950 8567543 31568718 5389742632 2536478483 0 48329058 2934467334
======================
   8      48 sdd 64196287 19602 5020755936 398045562 8567543 31568718 5389742632 2536478483 1 48333655 2934471934
======================
   8      48 sdd 64205882 19602 5021375256 398050184 8567543 31568718 5389742632 2536478483 1 48338262 2934476547
======================
   8      48 sdd 64215494 19602 5021993752 398054794 8567543 31568718 5389742632 2536478483 1 48342858 2934481143
======================
   8      48 sdd 64225078 19602 5022610616 398059406 8567543 31568718 5389742632 2536478483 1 48347462 2934485748
======================
   8      48 sdd 64234671 19602 5023229216 398064031 8567543 31568718 5389742632 2536478483 1 48352076 2934490363
======================
   8      48 sdd 64244301 19602 5023850912 398068618 8567543 31568718 5389742632 2536478483 1 48356650 2934494938
======================
   8      48 sdd 64253869 19602 5024468096 398073206 8567543 31568718 5389742632 2536478483 1 48361224 2934499516
======================
   8      48 sdd 64263447 19602 5025085656 398077833 8567543 31568718 5389742632 2536478483 1 48365837 2934504133
======================
   8      48 sdd 64272990 19602 5025701504 398082428 8567543 31568718 5389742632 2536478483 1 48370421 2934508719
======================
   8      48 sdd 64282558 19602 5026318928 398087027 8567543 31568718 5389742632 2536478483 1 48375007 2934513310
======================
   8      48 sdd 64292160 19602 5026938048 398091636 8567543 31568718 5389742632 2536478483 1 48379605 2934517911
======================
   8      48 sdd 64301830 19602 5027559832 398096255 8567543 31568718 5389742632 2536478483 1 48384209 2934522519
======================
   8      48 sdd 64311410 19602 5028177016 398100847 8567543 31568718 5389742632 2536478483 1 48388792 2934527105
======================
   8      48 sdd 64321052 19602 5028797920 398105490 8567543 31568718 5389742632 2536478483 0 48393423 2934531742
======================
   8      48 sdd 64330610 19602 5029413040 398110075 8567543 31568718 5389742632 2536478483 1 48397997 2934536320
======================
   8      48 sdd 64340171 19602 5030027824 398114661 8567543 31568718 5389742632 2536478483 1 48402573 2934540899
======================
   8      48 sdd 64349786 19602 5030646952 398119263 8567543 31568718 5389742632 2536478483 1 48407163 2934545492
======================
   8      48 sdd 64359435 19602 5031269288 398123855 8567543 31568718 5389742632 2536478483 1 48411743 2934550074
======================
   8      48 sdd 64369025 19602 5031887128 398128456 8567543 31568718 5389742632 2536478483 1 48416335 2934554666
======================
   8      48 sdd 64378688 19602 5032510728 398133060 8567543 31568718 5389742632 2536478483 1 48420930 2934559263
======================
   8      48 sdd 64388304 19602 5033128096 398137645 8567543 31568718 5389742632 2536478483 1 48425502 2934563837
======================
   8      48 sdd 64397847 19602 5033744048 398142271 8567543 31568718 5389742632 2536478483 1 48430111 2934568448
======================
   8      48 sdd 64407429 19602 5034361656 398146893 8567543 31568718 5389742632 2536478483 1 48434719 2934573058
======================
   8      48 sdd 64417007 19602 5034978904 398151492 8567543 31568718 5389742632 2536478483 1 48439308 2934577651
======================
   8      48 sdd 64426622 19602 5035598016 398156122 8567543 31568718 5389742632 2536478483 1 48443926 2934582270
======================
   8      48 sdd 64436270 19602 5036219840 398160732 8567543 31568718 5389742632 2536478483 1 48448524 2934586869
======================
   8      48 sdd 64445867 19602 5036839552 398165349 8567543 31568718 5389742632 2536478483 1 48453134 2934591480
======================
   8      48 sdd 64455442 19602 5037456472 398169955 8567543 31568718 5389742632 2536478483 1 48457735 2934596082
======================
   8      48 sdd 64465019 19602 5038075192 398174592 8567543 31568718 5389742632 2536478483 1 48462364 2934600712
======================
   8      48 sdd 64474608 19602 5038692408 398179212 8567543 31568718 5389742632 2536478483 1 48466976 2934605327
======================
   8      48 sdd 64484174 19602 5039308376 398183828 8567543 31568718 5389742632 2536478483 1 48471579 2934609932
======================
   8      48 sdd 64493766 19602 5039927320 398188422 8567543 31568718 5389742632 2536478483 0 48476167 2934614520
