1018.094
333.758
340.749
325.645
313.465
365.359
382.957
348.257
335.264
321.667
385.058
329.065
350.959
340.461
378.054
366.757
363.261
355.766
310.368
358.655
363.060
330.364
393.157
358.052
364.639
370.745
334.350
362.743
342.036
355.048
363.049
344.846
372.028
367.238
362.437
318.556
351.637
344.115
387.437
334.847
375.244
349.144
351.634
322.355
344.359
292.262
374.949
335.554
453.243
332.459
366.752
322.161
210.577
509.242
260.572
497.411
327.240
338.236
156.567
379.530
580.833
338.464
385.654
325.639
325.141
347.237
269.949
466.507
300.347
139.572
617.795
343.728
319.644
267.246
402.830
417.310
376.131
360.936
230.155
430.550
375.936
373.829
328.932
151.172
582.987
268.344
418.910
258.149
397.510
143.570
626.602
253.956
427.243
280.048
272.643
462.217
396.806
357.936
352.530
195.662
382.826
357.535
430.021
398.225
345.642
303.538
326.640
274.852
365.027
492.709
104.978
536.293
198.060
440.728
359.501
267.451
561.600
198.365
260.756
125.676
754.784
309.048
340.056
303.844
382.139
354.128
373.035
374.939
270.353
377.526
423.742
384.232
251.653
260.046
453.218
344.132
200.757
430.105
57.986
