======================
   8      48 sdd 57230 1960 473418 248838 40287839 20311995 484798672 91075268 0 1294970 91335950
======================
   8      48 sdd 57235 1960 473458 248840 40287839 20311995 484798672 91075268 0 1294972 91335952
======================
   8      48 sdd 57249 1960 473570 248846 40287895 20316259 484833232 91081009 0 1295182 91341698
======================
   8      48 sdd 57249 1960 473570 248846 40287980 20320479 484867672 91086245 0 1295258 91346934
======================
   8      48 sdd 57249 1960 473570 248846 40287980 20320479 484867672 91086245 0 1295258 91346934
started
======================
   8      48 sdd 57328 1960 474202 248886 40287986 20320485 484867768 91086246 0 1295268 91346975
======================
   8      48 sdd 57390 1960 474698 248979 40301358 20322798 484993248 91109093 0 1295571 91369915
======================
   8      48 sdd 57437 1960 475074 249109 40336872 20332399 485354168 91152614 0 1296206 91413554
======================
   8      48 sdd 57475 1960 475378 249398 40389574 20336324 485807184 91278143 0 1297531 91539345
======================
   8      48 sdd 57513 1960 475682 249570 40413829 20348503 486098656 91291423 1 1298185 91552802
======================
   8      48 sdd 57551 1960 475986 250001 40486408 20354121 486724232 91468224 0 1299986 91729996
======================
   8      48 sdd 57593 1960 476322 250033 40486485 20360046 486772248 91470283 0 1300064 91732087
======================
   8      48 sdd 57666 1960 476906 250294 40508452 20369819 487026168 91510441 0 1300654 91772491
======================
   8      48 sdd 57737 1960 477474 250828 40551180 20375458 487413104 91611906 0 1301760 91874475
======================
   8      48 sdd 57773 1960 477762 251032 40601782 20386028 487902480 91702061 0 1302957 91964818
======================
   8      48 sdd 57813 1960 478082 251092 40615424 20390585 488048072 91711155 0 1303330 91973968
======================
   8      48 sdd 57847 1960 478354 251306 40658748 20400122 488470960 91753861 0 1304415 92016862
======================
   8      48 sdd 57888 1960 478682 251690 40713631 20407046 488965416 91900565 0 1305729 92163928
======================
   8      48 sdd 57923 1960 478962 251849 40713698 20412240 489007504 91902064 0 1305917 92165586
======================
   8      48 sdd 57957 1960 479234 252031 40767614 20420709 489506584 91928909 0 1307123 92192631
======================
   8      48 sdd 57990 1960 479498 252163 40773783 20425662 489595560 91938807 0 1307394 92202658
======================
   8      48 sdd 58025 1960 479778 252224 40802465 20434072 489892296 91962798 0 1307960 92226739
======================
   8      48 sdd 58059 1960 480050 252403 40831672 20437616 490154304 91993747 0 1308676 92258041
======================
   8      48 sdd 58097 1960 480354 252655 40875221 20447457 490581424 92065569 0 1309834 92330296
======================
   8      48 sdd 58133 1961 480650 252737 40893157 20451687 490758752 92089071 0 1310225 92353929
======================
   8      48 sdd 58173 1961 480970 252950 40924049 20460707 491078048 92124647 0 1311029 92389742
======================
   8      48 sdd 58207 1961 481242 253196 40972330 20465896 491505808 92203258 0 1312139 92468574
======================
   8      48 sdd 58241 1961 481514 253303 40978590 20470606 491593568 92212829 0 1312376 92478249
======================
   8      48 sdd 58273 1961 481770 253449 41019868 20478390 491986064 92229442 0 1313317 92495011
======================
   8      48 sdd 58307 1961 482042 253553 41058920 20485546 492355728 92289388 143 1314077 92555447
======================
   8      48 sdd 58375 1961 482586 254283 41068375 20489485 492462880 92328328 0 1314562 92594705
======================
   8      48 sdd 58406 1961 482834 254291 41083694 20496613 492642456 92332926 0 1314899 92599311
======================
   8      48 sdd 58481 1966 483474 255320 41115296 20499808 492920832 92365669 0 1315630 92633064
======================
   8      48 sdd 58512 1966 483722 255560 41163679 20508976 493381240 92406848 0 1316773 92674468
======================
   8      48 sdd 58545 1966 483986 255606 41174813 20513490 493506424 92419443 0 1317045 92687106
======================
   8      48 sdd 58575 1966 484226 255803 41210795 20522082 493863016 92475388 0 1317845 92743236
======================
   8      48 sdd 58606 1966 484474 255869 41228123 20525928 494032408 92494804 0 1318223 92762712
======================
   8      48 sdd 58639 1966 484738 256058 41259346 20534661 494352056 92534194 0 1318995 92802278
======================
   8      48 sdd 58668 1966 484970 256254 41308594 20539901 494787960 92568916 0 1320194 92837218
======================
   8      48 sdd 58701 1966 485234 256389 41314835 20544618 494875624 92579075 0 1320453 92847507
======================
   8      48 sdd 58732 1966 485482 256424 41335986 20552598 495108672 92588516 0 1320892 92856972
======================
   8      48 sdd 58799 1999 486282 256563 41365216 20556347 495372504 92617068 0 1321628 92885658
======================
   8      48 sdd 58830 1999 486530 256807 41404253 20565248 495756008 92702865 0 1322644 92971778
======================
   8      48 sdd 58868 2001 486850 256916 41426331 20569161 495963936 92708106 0 1323086 92977132
======================
   8      48 sdd 58898 2001 487090 257074 41451827 20579063 496247120 92743527 0 1323706 93012695
======================
   8      48 sdd 58932 2001 487362 257327 41501809 20583458 496682136 92805504 0 1324775 93075100
======================
   8      48 sdd 58963 2001 487610 257457 41507921 20588476 496771176 92815374 0 1325046 93085099
======================
   8      48 sdd 59006 2010 488026 257570 41538438 20597072 497084080 92830762 34 1325752 93100616
======================
   8      48 sdd 59065 2033 488682 257753 41563793 20601169 497319696 92856048 0 1326345 93126060
======================
   8      48 sdd 59097 2033 488938 257907 41597023 20607638 497637288 92932886 0 1327161 93203132
======================
   8      48 sdd 59163 2033 489466 258053 41616946 20615264 497857680 92966783 0 1327616 93237272
======================
   8      48 sdd 59236 2033 490050 258223 41652083 20618845 498167424 93000878 0 1328422 93271516
======================
   8      48 sdd 59268 2033 490306 258466 41690468 20628014 498547856 93059279 0 1329363 93330141
======================
   8      48 sdd 59299 2033 490554 258476 41706119 20632245 498706920 93081878 98 1329662 93352922
======================
   8      48 sdd 59331 2033 490810 258667 41737592 20640940 499028256 93116467 0 1330453 93387565
======================
   8      48 sdd 59368 2033 491106 258834 41780396 20644522 499399344 93174842 90 1331311 93446258
======================
   8      48 sdd 59406 2033 491410 259057 41785607 20650890 499491976 93181394 0 1331641 93452962
======================
   8      48 sdd 59439 2033 491674 259096 41811724 20658538 499762096 93196765 0 1332139 93468370
======================
   8      48 sdd 59497 2059 492346 259279 41843308 20663006 500050512 93244538 0 1332813 93516391
======================
   8      48 sdd 59529 2059 492602 259476 41878593 20671710 500402424 93295597 0 1333702 93567633
======================
   8      48 sdd 59562 2059 492866 259584 41903368 20675450 500630544 93333775 0 1334224 93605955
======================
   8      48 sdd 59595 2059 493130 259736 41926611 20684823 500891472 93371428 0 1334814 93643747
======================
   8      48 sdd 59625 2059 493370 259964 41978031 20688437 501331744 93459718 0 1335930 93732538
======================
   8      48 sdd 59659 2059 493642 260034 41982013 20699668 501453448 93470898 0 1336133 93743784
======================
   8      48 sdd 59694 2059 493922 260199 42023188 20702276 501803712 93521736 0 1337043 93794882
======================
   8      48 sdd 59724 2059 494162 260278 42038770 20711263 502000264 93540466 0 1337458 93813751
======================
   8      48 sdd 59767 2059 494506 260436 42068824 20715394 502273744 93584646 0 1338095 93858079
======================
   8      48 sdd 59799 2059 494762 260687 42116206 20723473 502717432 93631140 0 1339221 93904795
======================
   8      48 sdd 59849 2059 495162 260771 42126363 20727970 502834664 93644630 0 1339499 93918367
======================
   8      48 sdd 59914 2059 495682 261012 42162887 20736685 503196576 93681661 0 1340383 93955708
======================
   8      48 sdd 59979 2059 496202 261286 42210982 20742476 503627664 93774842 0 1341473 94049138
======================
   8      48 sdd 60012 2059 496466 261309 42211900 20746992 503671136 93776308 15 1341547 94050629
======================
   8      48 sdd 60044 2059 496722 261421 42236817 20754811 503933024 93811282 0 1342086 94085700
======================
   8      48 sdd 60076 2059 496978 261611 42268632 20758472 504216832 93855770 0 1342777 94130458
======================
   8      48 sdd 60105 2059 497210 261882 42306080 20768108 504593504 93948876 0 1343770 94223815
======================
   8      48 sdd 60146 2067 497602 261957 42324576 20771709 504770280 93951093 0 1344174 94226100
======================
   8      48 sdd 60178 2067 497858 262082 42353723 20780502 505073800 93982119 0 1344818 94257296
======================
   8      48 sdd 60214 2068 498154 262311 42401427 20785485 505495296 94030350 0 1345900 94305735
======================
   8      48 sdd 60245 2068 498402 262381 42412147 20790370 505620136 94041741 0 1346192 94317192
======================
   8      48 sdd 60278 2068 498666 262512 42448171 20798770 505975528 94092679 0 1346970 94368588
======================
   8      48 sdd 60311 2068 498930 262621 42469514 20802925 506179512 94118713 71 1347456 94394775
======================
   8      48 sdd 60349 2068 499234 262963 42495898 20809534 506443456 94166999 0 1348267 94443408
======================
   8      48 sdd 60399 2068 499634 262990 42519643 20816453 506688768 94176856 0 1348743 94453282
======================
   8      48 sdd 60450 2116 500426 263195 42547611 20819900 506940088 94197028 0 1349439 94473645
======================
   8      48 sdd 60481 2116 500674 263383 42589534 20829571 507352840 94279015 0 1350399 94555799
======================
   8      48 sdd 60528 2124 501114 263415 42605360 20833643 507512024 94292181 0 1350758 94568990
======================
   8      48 sdd 60562 2124 501386 263619 42636982 20842666 507837184 94322748 0 1351613 94599738
======================
   8      48 sdd 60594 2124 501642 263825 42685211 20848277 508267904 94367127 0 1352798 94644383
======================
   8      48 sdd 60659 2124 502162 263954 42691584 20853201 508358280 94378338 0 1353014 94655826
======================
   8      48 sdd 60725 2124 502690 264007 42716777 20861454 508625848 94396143 0 1353580 94673671
======================
   8      48 sdd 60760 2124 502970 264169 42749971 20865630 508924808 94426131 0 1354385 94703801
======================
   8      48 sdd 60793 2124 503234 264347 42778825 20876087 509239296 94492839 0 1355229 94770708
======================
   8      48 sdd 60828 2124 503514 264428 42802604 20878844 509451584 94497886 0 1355735 94775825
======================
   8      48 sdd 60861 2124 503778 264548 42832365 20887159 509756192 94534611 0 1356455 94812653
======================
   8      48 sdd 60932 2223 505138 264777 42875779 20891195 510135792 94562393 0 1357502 94840640
======================
   8      48 sdd 60991 2349 506618 265046 42919706 20901857 510572504 94622925 0 1358588 94901528
======================
   8      48 sdd 61024 2349 506882 265173 42925839 20906228 510656536 94624601 0 1358850 94903333
======================
   8      48 sdd 61058 2349 507154 265229 42947185 20913782 510887736 94636892 0 1359320 94915780
======================
   8      48 sdd 61089 2349 507402 265388 42978699 20918287 511175888 94677033 45 1359962 94956067
======================
   8      48 sdd 61123 2349 507674 265590 43013959 20927127 511528688 94758438 0 1360942 95037756
======================
   8      48 sdd 61167 2365 508154 265691 43041366 20930906 511778176 94768682 0 1361554 95048098
======================
   8      48 sdd 61197 2365 508394 265815 43061533 20940170 512013624 94798896 0 1362044 95078421
======================
   8      48 sdd 61242 2367 508770 266029 43112678 20943797 512451800 94841868 0 1363360 95121652
======================
   8      48 sdd 61275 2367 509034 266105 43119369 20955154 512596184 94860200 0 1363629 95140059
======================
   8      48 sdd 61307 2367 509290 266274 43156835 20957920 512918040 94902423 0 1364463 95182437
======================
   8      48 sdd 61340 2367 509554 266434 43182667 20966909 513196608 94935989 69 1365110 95216239
======================
   8      48 sdd 61379 2368 509874 266590 43215666 20971772 513499504 94982685 0 1365828 95263049
======================
   8      48 sdd 61480 2368 510682 266841 43250501 20981604 513856840 95054953 0 1366821 95335537
======================
   8      48 sdd 61525 2388 511202 267022 43272419 20985203 514060976 95085383 0 1367287 95366142
======================
   8      48 sdd 61558 2388 511466 267155 43298083 20994431 514340112 95114361 0 1367900 95395249
======================
   8      48 sdd 61629 2425 512330 267447 43349320 20997893 514777704 95178362 0 1368985 95459523
======================
   8      48 sdd 61671 2430 512706 267503 43358774 21009405 514945432 95194456 2 1369313 95475697
======================
   8      48 sdd 61782 2539 514466 267817 43393667 21012040 515245656 95223627 0 1370188 95505131
======================
   8      48 sdd 61832 2539 514866 268180 43413196 21020876 515472576 95245422 0 1370871 95527275
======================
   8      48 sdd 61923 2606 516130 268704 43443244 21024467 515741688 95268650 0 1371878 95551016
======================
   8      48 sdd 61964 2607 516466 269121 43487942 21033612 516172432 95322837 0 1373192 95605606
======================
   8      48 sdd 62009 2645 517130 269222 43503733 21038184 516335336 95325218 0 1373625 95608082
======================
   8      48 sdd 62040 2645 517378 269423 43535147 21047513 516661280 95360170 0 1374384 95643342
======================
   8      48 sdd 62104 2697 518306 269615 43582989 21052795 517086272 95398913 0 1375497 95682248
======================
   8      48 sdd 62138 2697 518578 269679 43589001 21057556 517172456 95409498 0 1375677 95692896
======================
   8      48 sdd 62170 2697 518834 269827 43621026 21066024 517496400 95446635 48 1376463 95730220
======================
   8      48 sdd 62221 2697 519242 270249 43648140 21070292 517747456 95479768 0 1377062 95763713
======================
   8      48 sdd 62253 2697 519498 270469 43677567 21080166 518061864 95534038 1 1377935 95818246
======================
   8      48 sdd 62298 2715 520002 270547 43702783 21083372 518289240 95540258 0 1378517 95824528
======================
   8      48 sdd 62329 2715 520250 270688 43731518 21092266 518590272 95577831 0 1379214 95862224
======================
   8      48 sdd 62431 2729 521178 271837 43777926 21096160 518992688 95617920 0 1380298 95903531
======================
   8      48 sdd 62474 2824 522282 271948 43788208 21106976 519161472 95635177 0 1380613 95920898
======================
   8      48 sdd 62530 2888 523242 272122 43823099 21109955 519464432 95673087 0 1381406 95959073
======================
   8      48 sdd 62563 2888 523506 272235 43843972 21118632 519700832 95701235 0 1381893 95987326
======================
   8      48 sdd 62632 2954 524586 272427 43876810 21122709 519996152 95738937 3 1382663 96025309
======================
   8      48 sdd 62694 2954 525082 272568 43905816 21131676 520299936 95771653 0 1383379 96058153
======================
   8      48 sdd 62758 2997 525938 272833 43957074 21135692 520742128 95841811 0 1384549 96128569
======================
   8      48 sdd 62804 3032 526586 272942 43966544 21147771 520914520 95861370 0 1384885 96148231
======================
   8      48 sdd 62941 3190 528946 273347 44001885 21150421 521218448 95889707 0 1385741 96176953
======================
   8      48 sdd 62996 3226 529674 273762 44047549 21159501 521656400 95945245 0 1386956 96232884
======================
   8      48 sdd 63029 3226 529938 273807 44053584 21164179 521742104 95955284 0 1387139 96243070
======================
   8      48 sdd 63063 3226 530210 273962 44081221 21172499 522029760 95989917 76 1387796 96277963
======================
   8      48 sdd 63119 3280 531090 274146 44111407 21176704 522304888 96015573 0 1388520 96303714
======================
   8      48 sdd 63185 3280 531618 274446 44142767 21186639 522635248 96110160 0 1389428 96398696
======================
   8      48 sdd 63227 3288 532018 274622 44168337 21190127 522867712 96141587 0 1390065 96430285
======================
   8      48 sdd 63270 3315 532578 274730 44196272 21199234 523164048 96160607 0 1390673 96449416
======================
   8      48 sdd 63337 3454 534226 274942 44242756 21202618 523562992 96217005 0 1391759 96506003
======================
   8      48 sdd 63372 3454 534506 275063 44256751 21213579 523762640 96241685 0 1392138 96530800
