28031.859
19818.548
19610.131
20497.549
19702.702
19372.629
18801.075
17504.064
16742.576
16694.304
17124.946
16668.352
16964.216
16149.423
17394.213
16718.654
16286.126
16623.457
16602.667
17228.839
16722.160
16413.392
17396.820
16573.665
16360.009
16155.961
16991.861
17619.146
16578.157
17123.931
16336.505
17174.325
17100.235
16559.770
16717.725
17071.383
17011.730
16543.576
16646.356
16629.634
18032.077
16918.384
16469.542
17250.456
17891.655
17042.867
16854.162
17380.489
17443.327
17643.510
17460.727
17801.160
17856.604
17017.820
16584.437
17614.151
16716.066
17629.941
17214.495
17144.943
17171.506
16911.918
18122.798
18014.143
16743.808
17209.104
16778.946
17717.370
14998.889
