======================
   8      16 sdb 366 0 2922 3572 7523 586325 4750784 2324648 0 17643 2328206
started
======================
   8      16 sdb 374 0 2986 3627 7980 586341 5029560 2345633 0 17892 2349245
======================
   8      16 sdb 379 0 3026 5022 9633 586350 6070032 2595526 0 20796 2600528
======================
   8      16 sdb 383 0 3058 5798 11501 586364 7241672 2880220 0 23686 2885982
======================
   8      16 sdb 387 0 3090 6859 13155 586377 8282184 3152526 0 26431 3159342
======================
   8      16 sdb 392 0 3130 8277 14808 586385 9322648 3372187 0 29275 3380413
======================
   8      16 sdb 396 0 3162 9245 16462 586396 10363144 3623630 0 32120 3632811
======================
   8      16 sdb 401 0 3202 10623 18350 586407 11551096 3881073 0 35126 3891615
======================
   8      16 sdb 406 0 3242 12052 19991 586417 12583392 4143098 0 38000 4155056
======================
   8      16 sdb 410 0 3274 13129 21645 586427 13623880 4411949 0 40737 4424974
======================
   8      16 sdb 414 0 3306 14057 23546 586439 14820032 4702053 0 43631 4715989
======================
   8      16 sdb 419 0 3346 15248 25448 586454 16016216 4994149 0 46601 5009261
======================
   8      16 sdb 424 0 3386 16356 27266 586466 17160144 5249859 71 49441 5281076
======================
   8      16 sdb 429 0 3426 17447 29006 586476 18254144 5515300 138 52000 5538544
======================
   8      16 sdb 433 0 3458 18349 30791 586487 19377328 5769482 153 54789 5807662
======================
   8      16 sdb 437 0 3490 19562 32338 586500 20350256 5995864 1 57425 6015429
======================
   8      16 sdb 442 0 3530 20696 34146 586511 21486640 6253543 135 60202 6295102
======================
   8      16 sdb 446 0 3562 21487 36014 586522 22661920 6487694 77 62760 6526651
======================
   8      16 sdb 450 0 3594 22399 37757 586535 23758496 6774448 1 65656 6797054
======================
   8      16 sdb 455 0 3634 23863 39376 586548 24776992 7020867 23 68377 7050347
======================
   8      16 sdb 459 0 3666 25016 40883 586559 25724816 7261012 0 70854 7285808
======================
   8      16 sdb 463 0 3698 25934 42732 586570 26888192 7532981 1 73810 7558814
======================
   8      16 sdb 468 0 3738 27092 44415 586578 27947728 7823011 22 76770 7850053
======================
   8      16 sdb 473 0 3778 28062 46091 586589 29001920 8120152 0 79625 8147963
======================
   8      16 sdb 477 0 3810 28977 47993 586599 30198064 8415655 0 82577 8444369
======================
   8      16 sdb 482 0 3850 29947 49894 586610 31394208 8689253 0 85503 8718929
======================
   8      16 sdb 487 0 3890 31118 51795 586621 32590352 8965357 0 88490 8996203
======================
   8      16 sdb 492 0 3930 32210 53573 586636 33707192 9256210 48 91338 9288210
======================
   8      16 sdb 496 0 3962 33084 55430 586647 34875688 9516140 139 94097 9571086
======================
   8      16 sdb 500 0 3994 34045 57168 586660 35969064 9794765 126 96873 9850742
======================
   8      16 sdb 505 0 4034 35448 58749 586672 36963112 10054153 150 99707 10111883
======================
   8      16 sdb 510 0 4074 36585 60619 586683 38139672 10353829 144 102544 10396883
======================
   8      16 sdb 514 0 4106 37525 62446 586694 39289224 10633392 150 105430 10690860
======================
   8      16 sdb 519 0 4146 38575 64132 586707 40350472 10854003 156 108008 10915247
======================
   8      16 sdb 523 0 4178 39553 65820 586717 41411064 11113880 134 110671 11176079
======================
   8      16 sdb 527 0 4210 40376 67658 586730 42567672 11406076 56 113526 11460436
======================
   8      16 sdb 531 0 4242 41367 69364 586741 43640808 11665099 17 116226 11711192
======================
   8      16 sdb 536 0 4282 42657 70918 586753 44617576 11918899 0 118936 11961318
======================
   8      16 sdb 541 0 4322 43277 72819 586764 45813720 12239813 0 121881 12282833
======================
   8      16 sdb 545 0 4354 44189 74625 586777 46950104 12529333 95 124732 12575129
======================
   8      16 sdb 550 0 4394 45403 76126 586785 47894696 12780818 0 127514 12825946
======================
   8      16 sdb 554 0 4426 46377 78029 586798 49090872 13082300 0 130491 13128392
======================
   8      16 sdb 559 0 4466 46916 79930 586809 50287016 13396420 0 133431 13443043
======================
   8      16 sdb 563 0 4498 47685 81830 586818 51483136 13700146 0 136422 13747514
======================
   8      16 sdb 569 0 4546 49019 83731 586831 52679296 14005100 0 139747 14053788
======================
   8      16 sdb 573 0 4578 49792 85608 586841 53859064 14286892 0 142674 14336339
======================
   8      16 sdb 578 0 4618 50663 87441 586852 55012456 14603472 68 145616 14669653
======================
   8      16 sdb 583 0 4658 52075 89304 586863 56184792 14849706 81 148664 14918246
======================
   8      16 sdb 587 0 4690 53016 90981 586874 57239624 15151898 71 151421 15220038
======================
   8      16 sdb 592 0 4730 54400 92742 586885 58347072 15392592 157 154111 15465003
======================
   8      16 sdb 596 0 4762 55391 94466 586900 59430872 15632736 156 156672 15702335
======================
   8      16 sdb 600 0 4794 56822 95972 586911 60378312 15851924 83 159424 15926067
======================
   8      16 sdb 604 0 4826 57638 97677 586922 61450808 16126565 45 161918 16194992
======================
   8      16 sdb 608 0 4858 58556 99388 586933 62527144 16364270 1 164523 16422788
======================
   8      16 sdb 612 0 4890 59577 101055 586946 63575848 16609931 1 166917 16669337
======================
   8      16 sdb 617 0 4930 60845 102619 586956 64559000 16850129 0 169502 16910517
======================
   8      16 sdb 621 0 4962 61992 104289 586969 65609624 17114243 76 172311 17177893
======================
   8      16 sdb 626 0 5002 62853 106160 586980 66787080 17423402 147 175234 17490054
======================
   8      16 sdb 631 0 5042 64016 108009 586989 67950816 17672651 0 178268 17736181
======================
   8      16 sdb 635 0 5074 64894 109651 587000 68983128 17959286 0 181176 18023683
======================
   8      16 sdb 640 0 5114 65798 111526 587012 70162896 18246076 0 184102 18311362
======================
   8      16 sdb 644 0 5146 66635 113427 587024 71359048 18549491 0 187182 18615600
======================
   8      16 sdb 650 0 5194 67826 115328 587035 72555192 18838228 0 190345 18905521
======================
   8      16 sdb 654 0 5226 68956 117096 587045 73667112 19073294 134 193031 19162506
======================
   8      16 sdb 658 0 5258 69851 118730 587056 74694936 19325188 135 195588 19416088
======================
   8      16 sdb 663 0 5298 71090 120380 587072 75731776 19536198 154 198164 19628300
======================
   8      16 sdb 667 0 5330 71944 122154 587082 76847280 19837641 128 201040 19931081
======================
   8      16 sdb 671 0 5362 72627 123953 587095 77978928 20101942 1 203686 20174380
======================
   8      16 sdb 676 0 5402 73517 125711 587106 79084960 20395349 0 206280 20468277
======================
   8      16 sdb 681 0 5442 74848 127392 587118 80141856 20642860 133 209175 20722404
======================
   8      16 sdb 685 0 5474 76244 129027 587127 81171192 20897047 139 212000 20977229
======================
   8      16 sdb 690 0 5514 77056 131103 587142 82476816 21243202 0 215060 21319631
======================
   8      16 sdb 695 0 5554 78384 132743 587151 83509096 21478302 0 217925 21556050
======================
   8      16 sdb 699 0 5586 79465 134385 587162 84541408 21766898 0 220787 21845716
======================
   8      16 sdb 702 0 5610 80325 136026 587173 85573712 22048712 0 223633 22128379
======================
   8      16 sdb 707 0 5650 81464 137901 587184 86753472 22365162 0 226726 22445957
======================
   8      16 sdb 712 0 5690 82466 139776 587195 87933232 22671288 0 229916 22753070
======================
   8      16 sdb 717 0 5730 83551 141542 587205 89043744 22936202 110 232755 23040531
======================
   8      16 sdb 721 0 5762 84596 143170 587216 90067984 23208836 123 235550 23312151
======================
   8      16 sdb 724 0 5786 85083 144760 587227 91068160 23523960 6 238359 23609950
======================
   8      16 sdb 730 0 5834 86190 146557 587238 92198768 23779944 142 241336 23876378
======================
   8      16 sdb 734 0 5866 87143 148242 587248 93258080 24031343 157 244054 24137961
======================
   8      16 sdb 738 0 5898 88083 149959 587260 94338264 24292264 147 246746 24401436
======================
   8      16 sdb 743 0 5938 89144 151731 587272 95452504 24587771 95 249857 24697082
======================
   8      16 sdb 747 0 5970 90234 153388 587288 96493064 24829387 108 252514 24941165
======================
   8      16 sdb 751 0 6002 90979 155162 587299 97609080 25143598 1 255557 25234246
======================
   8      16 sdb 756 0 6042 92692 156824 587310 98654824 25430361 139 258554 25530468
======================
   8      16 sdb 761 0 6082 93625 158644 587321 99798632 25710770 140 261457 25810237
======================
   8      16 sdb 765 0 6114 94386 160478 587332 100952408 26033167 104 264522 26145712
======================
   8      16 sdb 769 0 6146 95436 162248 587345 102066008 26336174 1 267307 26430817
======================
   8      16 sdb 775 0 6194 96639 163928 587356 103122888 26622303 0 270340 26718092
======================
   8      16 sdb 779 0 6226 97686 165627 587368 104191304 26929715 159 273285 27033808
======================
   8      16 sdb 783 0 6258 98637 167444 587376 105334936 27229295 0 276189 27327058
======================
   8      16 sdb 787 0 6290 99758 169320 587392 106514744 27538436 0 279297 27637309
======================
   8      16 sdb 792 0 6330 100857 170960 587400 107547016 27807160 0 282242 27907121
======================
   8      16 sdb 796 0 6362 101772 172602 587410 108579320 28105666 0 285132 28206528
======================
   8      16 sdb 801 0 6402 102855 174477 587421 109759080 28379359 0 288266 28481292
======================
   8      16 sdb 806 0 6442 104013 176118 587432 110791384 28646400 0 291222 28749479
======================
   8      16 sdb 810 0 6474 104846 177759 587443 111823688 28945969 0 294082 29049865
======================
   8      16 sdb 814 0 6506 105738 179635 587453 113003448 29255568 0 297238 29360338
======================
   8      16 sdb 819 0 6546 106722 181510 587465 114183216 29574365 0 300288 29680101
======================
   8      16 sdb 824 0 6586 107950 183336 587478 115332272 29823544 49 303353 29944281
======================
   8      16 sdb 828 0 6618 108945 184999 587488 116377128 30043830 153 305951 30175885
======================
   8      16 sdb 832 0 6650 110138 186530 587499 117340056 30296427 144 308596 30428624
======================
   8      16 sdb 836 0 6682 111056 188186 587510 118381960 30546297 141 311248 30675362
======================
   8      16 sdb 841 0 6722 112209 189756 587521 119369336 30809267 26 314037 30920431
======================
   8      16 sdb 845 0 6754 113041 191517 587531 120476776 31117252 142 317046 31248028
======================
   8      16 sdb 849 0 6786 114092 193333 587542 121619288 31441205 154 320155 31579067
======================
   8      16 sdb 854 0 6826 115166 195021 587553 122681160 31711310 133 323032 31847349
======================
   8      16 sdb 859 0 6866 116250 196798 587566 123797976 32031767 152 325923 32158013
======================
   8      16 sdb 863 0 6898 117139 198587 587579 124923736 32364699 138 329043 32491388
======================
   8      16 sdb 867 0 6930 118288 200255 587590 125972808 32694948 0 332166 32812109
======================
   8      16 sdb 872 0 6970 119921 201895 587598 127005080 32953551 0 335306 33072329
======================
   8      16 sdb 876 0 7002 120904 203755 587611 128174248 33301081 17 338481 33421355
======================
   8      16 sdb 880 0 7034 121592 205595 587623 129331872 33645604 1 341723 33766181
======================
   8      16 sdb 884 0 7066 122859 207053 587631 130249456 33940149 0 344629 34061822
