19114.813
18107.827
18429.238
17590.791
15963.359
18131.496
16565.779
18416.596
16667.342
16845.932
17185.947
16413.593
16860.780
16022.525
17762.783
16739.049
16593.485
16003.233
15574.936
17433.235
15439.539
17143.099
17065.502
15655.753
17246.060
17101.253
15554.377
16332.918
17143.321
17604.018
15703.503
16076.097
17766.278
16401.695
16563.474
16277.628
16502.288
16736.475
17110.752
16932.618
16251.037
13987.408
17144.304
17399.161
16377.157
16883.055
16336.260
17194.010
15336.676
15537.505
16899.141
16931.106
16786.767
16230.256
16644.335
16956.266
17035.779
16001.761
15693.868
16034.129
16572.985
15054.390
15553.115
16660.334
15288.905
17800.618
16727.713
16432.151
16374.985
15455.154
15346.859
16157.994
10088.406
