======================
   8      48 sdd 7763 0 62032 888940 2321730 9468522 1460870496 507174719 1 4564938 508050839
started
======================
   8      48 sdd 7850 0 62728 889004 2322450 9468538 1461315032 507208534 102 4565349 508086726
======================
   8      48 sdd 7857 0 62784 889731 2324642 9468548 1462692696 507629234 73 4569417 508521305
======================
   8      48 sdd 7862 0 62824 890620 2326731 9468563 1464006136 508132137 69 4573955 509022817
======================
   8      48 sdd 7868 0 62872 891535 2328817 9468572 1465319504 508712399 65 4578909 509608328
======================
   8      48 sdd 7873 0 62912 892483 2330908 9468588 1466634232 509309426 46 4583913 510202164
======================
   8      48 sdd 7878 0 62952 893361 2332992 9468601 1467945720 509839393 32 4588555 510729689
======================
   8      48 sdd 7884 0 63000 894503 2335079 9468616 1469259144 510285227 145 4592997 511191893
======================
   8      48 sdd 7889 0 63040 895302 2337161 9468627 1470568704 510735436 132 4597057 511642342
======================
   8      48 sdd 7894 0 63080 896272 2339244 9468638 1471879536 511185701 146 4601235 512094123
======================
   8      48 sdd 7900 0 63128 897152 2341335 9468651 1473195248 511690298 152 4605817 512598940
======================
   8      48 sdd 7905 0 63168 898355 2343410 9468665 1474500608 512089272 143 4609720 512999726
======================
   8      48 sdd 7910 0 63208 899252 2345425 9468678 1475768448 512494083 139 4613488 513405209
======================
   8      48 sdd 7916 0 63256 900533 2347499 9468691 1477073792 512907036 150 4617538 513819182
======================
   8      48 sdd 7921 0 63296 901407 2349482 9468704 1478320400 513305835 146 4621336 514207701
======================
   8      48 sdd 7926 0 63336 902167 2351566 9468717 1479631888 513845396 137 4626233 514759790
======================
   8      48 sdd 7932 0 63384 903130 2353654 9468730 1480945680 514313987 146 4630632 515229096
======================
   8      48 sdd 7937 0 63424 903897 2355678 9468742 1482218896 514700948 134 4634220 515613422
======================
   8      48 sdd 7942 0 63464 904693 2357753 9468755 1483524624 515111698 151 4638118 516010634
======================
   8      48 sdd 7948 0 63512 905355 2359843 9468768 1484839952 515628996 18 4642806 516524824
======================
   8      48 sdd 7952 0 63544 905895 2361931 9468780 1486153360 516157710 2 4647554 517051072
======================
   8      48 sdd 7958 0 63592 906712 2364019 9468793 1487467152 516663733 64 4652158 517557542
======================
   8      48 sdd 7964 0 63640 907517 2366109 9468806 1488782480 517201220 156 4656928 518097201
======================
   8      48 sdd 7968 0 63672 908302 2368141 9468815 1490061672 517705952 0 4661505 518601209
======================
   8      48 sdd 7973 0 63712 909025 2370212 9468827 1491364328 518169805 0 4665784 519065771
======================
   8      48 sdd 7979 0 63760 909702 2372282 9468840 1492666984 518584143 0 4669610 519480775
======================
   8      48 sdd 7985 0 63808 910606 2374444 9468857 1494025888 519071465 132 4674122 519982216
======================
   8      48 sdd 7990 0 63848 911557 2376528 9468870 1495337376 519542533 147 4678713 520454127
======================
   8      48 sdd 7996 0 63896 912399 2378604 9468883 1496643744 519975881 134 4682785 520884191
======================
   8      48 sdd 8001 0 63936 912894 2380686 9468895 1497953312 520395593 157 4686683 521305867
======================
   8      48 sdd 8006 0 63976 913793 2382772 9468908 1499266720 520916275 135 4691553 521825136
======================
   8      48 sdd 8012 0 64024 914526 2384862 9468921 1500581408 521390592 133 4696065 522308688
======================
   8      48 sdd 8016 0 64056 915090 2386890 9468933 1501856928 521793220 18 4699725 522700743
======================
   8      48 sdd 8021 0 64096 916138 2388854 9468946 1503092896 522141870 137 4703339 523069435
======================
   8      48 sdd 8027 0 64144 916882 2390941 9468959 1504406304 522564722 128 4707565 523492665
======================
   8      48 sdd 8032 0 64184 917708 2392954 9468971 1505672224 522973962 137 4711441 523903430
======================
   8      48 sdd 8037 0 64224 918664 2395038 9468984 1506983712 523518679 140 4716273 524438836
======================
   8      48 sdd 8043 0 64272 919581 2397134 9468997 1508302880 524062428 129 4721180 524990580
======================
   8      48 sdd 8048 0 64312 920549 2399096 9469010 1509536048 524519027 0 4725147 525426358
======================
   8      48 sdd 8053 0 64352 921583 2401127 9469023 1510814128 524905777 0 4728888 525814130
======================
   8      48 sdd 8058 0 64392 922129 2403158 9469034 1512092192 525299276 0 4732592 526208166
======================
   8      48 sdd 8064 0 64440 922728 2405288 9469046 1513432224 525750347 110 4736900 526661891
======================
   8      48 sdd 8069 0 64480 923325 2407375 9469059 1514745632 526246608 54 4741641 527164752
======================
   8      48 sdd 8075 0 64528 924271 2409459 9469068 1516057464 526799462 0 4746494 527710455
======================
   8      48 sdd 8080 0 64568 924986 2411551 9469081 1517374072 527300123 145 4751081 528220725
======================
   8      48 sdd 8085 0 64608 925915 2413609 9469092 1518668528 527836308 121 4755934 528773661
======================
   8      48 sdd 8091 0 64656 926567 2415694 9469105 1519980656 528332771 151 4760474 529271338
======================
   8      48 sdd 8096 0 64696 927475 2417787 9469122 1521296672 528936997 136 4765461 529875742
======================
   8      48 sdd 8101 0 64736 928391 2419888 9469135 1522618784 529476545 147 4770275 530414575
======================
   8      48 sdd 8107 0 64784 929237 2421981 9469148 1523936032 530057178 146 4775218 530997592
======================
   8      48 sdd 8112 0 64824 930129 2424063 9469161 1525244976 530551780 137 4779565 531493103
======================
   8      48 sdd 8117 0 64864 931217 2426143 9469174 1526553904 530921893 139 4783425 531860136
======================
   8      48 sdd 8123 0 64912 932276 2428212 9469187 1527855792 531315857 154 4787265 532256825
======================
   8      48 sdd 8127 0 64944 933029 2430089 9469199 1529036208 531657014 129 4790553 532600311
======================
   8      48 sdd 8132 0 64984 933641 2432159 9469210 1530338976 532085952 142 4794572 533010599
======================
   8      48 sdd 8138 0 65032 934483 2434247 9469223 1531653024 532642316 137 4799490 533575348
======================
   8      48 sdd 8143 0 65072 935388 2436285 9469235 1532934688 533072786 0 4803424 533994750
======================
   8      48 sdd 8147 0 65104 936143 2438134 9469248 1534098080 533461593 1 4806970 534384312
======================
   8      48 sdd 8154 0 65160 936752 2440336 9469261 1535484064 533905752 89 4811170 534838914
======================
   8      48 sdd 8159 0 65200 937412 2442429 9469273 1536800672 534407524 67 4815811 535346820
======================
   8      48 sdd 8164 0 65240 938438 2444514 9469282 1538113144 534993379 51 4820814 535932637
======================
   8      48 sdd 8170 0 65288 939333 2446593 9469295 1539421688 535470581 42 4825390 536407055
======================
   8      48 sdd 8175 0 65328 940085 2448670 9469309 1540728704 535887635 22 4829395 536820082
======================
   8      48 sdd 8180 0 65368 940841 2450748 9469321 1542035080 536317303 141 4833549 537268512
======================
   8      48 sdd 8184 0 65400 941333 2452598 9469333 1543199104 536718826 120 4836792 537670591
======================
   8      48 sdd 8190 0 65448 942280 2454637 9469348 1544481056 537102023 154 4840475 538055108
======================
   8      48 sdd 8195 0 65488 943111 2456721 9469358 1545793152 537564196 138 4844912 538518670
======================
   8      48 sdd 8200 0 65528 943941 2458803 9469376 1547102768 538121494 128 4849761 539075850
======================
   8      48 sdd 8206 0 65576 944828 2460890 9469388 1548415536 538618531 137 4854358 539573884
======================
   8      48 sdd 8211 0 65616 945668 2462975 9469401 1549727664 539218392 135 4859361 540175330
======================
   8      48 sdd 8216 0 65656 946256 2465059 9469415 1551038528 539827732 109 4864286 540783521
======================
   8      48 sdd 8223 0 65712 947428 2467149 9469427 1552352960 540422045 154 4869289 541378708
======================
   8      48 sdd 8227 0 65744 948056 2469238 9469440 1553667648 540931892 97 4874025 541888235
======================
   8      48 sdd 8232 0 65784 948952 2471261 9469453 1554940608 541329639 157 4877744 542284063
======================
   8      48 sdd 8238 0 65832 949885 2473279 9469466 1556209360 541713430 141 4881417 542663762
======================
   8      48 sdd 8243 0 65872 950682 2475312 9469479 1557488720 542120636 138 4885169 543068796
======================
   8      48 sdd 8248 0 65912 951488 2477395 9469492 1558799568 542594970 155 4889657 543542600
======================
   8      48 sdd 8254 0 65960 952400 2479486 9469504 1560114896 543096657 141 4894371 544049817
======================
   8      48 sdd 8259 0 66000 953321 2481567 9469517 1561424464 543642120 125 4899220 544604843
======================
   8      48 sdd 8264 0 66040 954435 2483650 9469530 1562735312 544161949 73 4903942 545120012
======================
   8      48 sdd 8270 0 66088 955371 2485725 9469542 1564040400 544617173 30 4908088 545563734
======================
   8      48 sdd 8275 0 66128 955943 2487811 9469555 1565353168 545146628 157 4912942 546099252
======================
   8      48 sdd 8280 0 66168 957238 2489816 9469564 1566615336 545701337 0 4917747 546644840
======================
   8      48 sdd 8286 0 66216 958083 2491847 9469577 1567893416 546119833 0 4921518 547064172
======================
   8      48 sdd 8291 0 66256 958602 2493931 9469593 1569205032 546555581 157 4925459 547501231
======================
   8      48 sdd 8296 0 66296 959644 2496061 9469602 1570544808 547099554 132 4930402 548061579
======================
   8      48 sdd 8302 0 66344 960412 2498136 9469616 1571850544 547585137 149 4935061 548545201
======================
   8      48 sdd 8307 0 66384 961380 2500214 9469628 1573157176 548061348 158 4939569 549026330
======================
   8      48 sdd 8311 0 66416 961943 2502126 9469641 1574360120 548491894 127 4943145 549464210
======================
   8      48 sdd 8317 0 66464 962689 2504182 9469654 1575653944 548862503 154 4946793 549835612
======================
   8      48 sdd 8322 0 66504 963569 2506272 9469666 1576968632 549341223 148 4951399 550315329
======================
   8      48 sdd 8327 0 66544 964212 2508325 9469679 1578260536 549780052 156 4955275 550754901
======================
   8      48 sdd 8333 0 66592 965454 2510260 9469691 1579478192 550160151 152 4958750 551134629
======================
   8      48 sdd 8338 0 66632 966026 2512347 9469702 1580790952 550615050 143 4963025 551592026
======================
   8      48 sdd 8343 0 66672 967147 2514428 9469715 1582100520 551088901 147 4967688 552065581
======================
   8      48 sdd 8348 0 66712 967945 2516252 9469732 1583247568 551446225 128 4970844 552425177
======================
   8      48 sdd 8352 0 66744 968782 2517940 9469743 1584309440 551810133 144 4973910 552788684
======================
   8      48 sdd 8357 0 66784 969579 2520019 9469754 1585617712 552242541 152 4977983 553220139
