15606.280
17527.552
18651.895
17569.326
16966.345
19151.330
17890.803
17069.532
18336.304
18451.526
17634.431
18105.723
18438.689
18016.564
18029.157
18427.791
18280.909
17134.997
18877.654
18304.923
17005.296
18363.799
19216.497
17431.343
18072.411
18886.933
17301.625
18233.424
18363.470
17711.420
18773.787
18335.573
18334.605
18518.361
18455.654
16451.511
18872.196
19349.956
17197.100
18662.379
19281.508
17832.616
18309.699
18636.627
18401.186
18646.962
19535.542
17690.618
17992.150
19067.186
18366.766
17800.404
18993.508
18306.803
18469.777
18618.025
18073.461
18490.633
19302.528
17807.082
18687.595
19687.403
17846.586
17858.077
19517.093
18339.423
18066.614
19185.063
18951.187
17163.522
19136.371
18402.336
17369.547
18632.296
19026.137
17285.436
18954.404
18750.142
17666.069
18831.091
17975.062
17575.949
19606.663
18836.136
17708.067
19867.888
865.289
