======================
   8      16 sdb 18988 0 151724 4288068 8884945 16548421 3656659224 1938075004 32 16085373 1942332159
======================
   8      16 sdb 19113 0 152724 4295385 8887188 16548421 3658072728 1938565908 151 16090262 1942850726
======================
   8      16 sdb 19119 0 152772 4297056 8889590 16548447 3659579712 1939152907 154 16095265 1943438412
======================
   8      16 sdb 19126 0 152828 4299197 8892029 16548462 3661115088 1939683911 135 16100268 1943971718
======================
   8      16 sdb 19132 0 152876 4300946 8894440 16548476 3662631904 1940271379 150 16105271 1944560026
======================
   8      16 sdb 19138 0 152924 4302351 8896850 16548491 3664148720 1940873328 156 16110274 1945158518
======================
   8      16 sdb 19144 0 152972 4304001 8899265 16548506 3665668992 1941442153 83 16115278 1945731186
======================
   8      16 sdb 19150 0 153020 4305514 8901677 16548521 3667187088 1942028186 150 16120280 1946322348
======================
   8      16 sdb 19157 0 153076 4307661 8904072 16548536 3668694560 1942553350 132 16125283 1946848387
======================
   8      16 sdb 19163 0 153124 4309325 8906466 16548550 3670200752 1943158673 142 16130284 1947439820
======================
   8      16 sdb 19168 0 153164 4310605 8908895 16548565 3671729728 1943760106 8 16135286 1948041651
======================
   8      16 sdb 19175 0 153220 4312871 8911326 16548581 3673259104 1944274088 77 16140288 1948570918
======================
   8      16 sdb 19181 0 153268 4314621 8913740 16548596 3674778736 1944827033 139 16145290 1949130503
======================
   8      16 sdb 19188 0 153324 4316409 8916146 16548611 3676292992 1945384111 134 16150293 1949675256
======================
   8      16 sdb 19194 0 153372 4318212 8918524 16548625 3677789072 1945935786 134 16155295 1950225755
======================
   8      16 sdb 19199 0 153412 4319768 8920957 16548640 3679320480 1946480988 1 16160299 1950769422
======================
   8      16 sdb 19206 0 153468 4322080 8923346 16548655 3680824368 1947002476 111 16165302 1951311834
======================
   8      16 sdb 19212 0 153516 4323737 8925751 16548670 3682337984 1947564389 141 16170305 1951879257
======================
   8      16 sdb 19218 0 153564 4325563 8928182 16548685 3683868240 1948140590 157 16175307 1952450725
======================
   8      16 sdb 19224 0 153612 4327217 8930538 16548699 3685350368 1948676608 1 16180308 1952972481
======================
   8      16 sdb 19230 0 153660 4329229 8933008 16548713 3686905320 1949237332 30 16185310 1953543311
======================
   8      16 sdb 19235 0 153700 4330578 8935428 16548726 3688428520 1949845803 57 16190313 1954157191
======================
   8      16 sdb 19241 0 153748 4332292 8937836 16548741 3689942792 1950396124 131 16195314 1954719174
======================
   8      16 sdb 19247 0 153796 4334049 8940268 16548756 3691473688 1950945661 134 16200317 1955270542
======================
   8      16 sdb 19254 0 153852 4335845 8942624 16548770 3692955816 1951497208 152 16205319 1955816013
======================
   8      16 sdb 19259 0 153892 4337506 8945000 16548785 3694451384 1952060842 68 16210322 1956382829
======================
   8      16 sdb 19266 0 153948 4339667 8947369 16548800 3695942472 1952599086 146 16215322 1956914368
======================
   8      16 sdb 19272 0 153996 4341561 8949719 16548813 3697421008 1953151937 150 16220324 1957484054
======================
   8      16 sdb 19277 0 154044 4342899 8952108 16548826 3698924624 1953742587 42 16225326 1958065209
======================
   8      16 sdb 19284 0 154092 4344974 8954447 16548840 3700396128 1954287019 154 16230329 1958622199
======================
   8      16 sdb 19290 0 154140 4346559 8956845 16548855 3701905520 1954879181 131 16235332 1959216197
======================
   8      16 sdb 19295 0 154180 4348208 8959230 16548865 3703407184 1955456586 1 16240335 1959773238
======================
   8      16 sdb 19302 0 154236 4350357 8961592 16548881 3704894056 1955968213 138 16245337 1960309133
======================
   8      16 sdb 19308 0 154284 4351883 8963988 16548894 3706400888 1956539762 128 16250340 1960881981
======================
   8      16 sdb 19315 0 154340 4354066 8966367 16548913 3707897520 1957073221 158 16255342 1961410000
======================
   8      16 sdb 19320 0 154380 4355572 8968757 16548923 3709402640 1957643940 56 16260343 1961981698
======================
   8      16 sdb 19326 0 154428 4357127 8971153 16548943 3710910800 1958235498 154 16265345 1962582378
======================
   8      16 sdb 19333 0 154484 4358938 8973504 16548952 3712390312 1958783822 148 16270348 1963132529
======================
   8      16 sdb 19339 0 154532 4360302 8975899 16548965 3713897136 1959392375 144 16275351 1963733412
======================
   8      16 sdb 19344 0 154572 4361569 8978283 16548979 3715397816 1959982349 111 16280353 1964328742
======================
   8      16 sdb 19351 0 154628 4363807 8980612 16548994 3716863560 1960494378 133 16285355 1964848043
======================
   8      16 sdb 19357 0 154676 4365530 8982987 16549008 3718357848 1961086149 151 16290357 1965422829
======================
   8      16 sdb 19363 0 154724 4366983 8985316 16549023 3719824904 1961676313 80 16295359 1966030103
======================
   8      16 sdb 19369 0 154772 4368792 8987691 16549036 3721318424 1962217337 76 16300361 1966565374
======================
   8      16 sdb 19375 0 154820 4370608 8990066 16549051 3722812168 1962781376 156 16305363 1967121604
======================
   8      16 sdb 19381 0 154868 4372260 8992383 16549065 3724271672 1963335232 122 16310365 1967697489
======================
   8      16 sdb 19387 0 154916 4373828 8994758 16549078 3725765944 1963902146 117 16315365 1968264146
======================
   8      16 sdb 19392 0 154956 4375077 8997105 16549083 3727243208 1964509489 9 16320367 1968855055
======================
   8      16 sdb 19399 0 155012 4377501 8999433 16549098 3728708312 1965003355 129 16325370 1969369466
======================
   8      16 sdb 19405 0 155060 4379129 9001775 16549113 3730182376 1965585665 157 16330373 1969944408
======================
   8      16 sdb 19411 0 155108 4381264 9004112 16549128 3731653368 1966097650 83 16335377 1970464143
======================
   8      16 sdb 19417 0 155156 4382681 9006467 16549140 3733134968 1966686523 136 16340381 1971055975
======================
   8      16 sdb 19422 0 155196 4383710 9008777 16549155 3734588808 1967295874 1 16345383 1971647889
======================
   8      16 sdb 19430 0 155260 4386116 9011163 16549170 3736090776 1967793612 154 16350385 1972167662
======================
   8      16 sdb 19435 0 155300 4387385 9013463 16549184 3737537072 1968424608 137 16355386 1972792222
======================
   8      16 sdb 19440 0 155340 4388779 9015761 16549197 3738983344 1969005091 100 16360389 1973381891
======================
   8      16 sdb 19447 0 155396 4391277 9018046 16549211 3740421056 1969495924 155 16365392 1973874353
======================
   8      16 sdb 19452 0 155436 4392738 9020340 16549225 3741864648 1970107115 78 16370395 1974484422
======================
   8      16 sdb 19459 0 155492 4395131 9022624 16549238 3743302344 1970599844 147 16375398 1974980388
======================
   8      16 sdb 19464 0 155532 4396679 9024923 16549252 3744748504 1971180048 78 16380400 1975561175
======================
   8      16 sdb 19470 0 155580 4398714 9027222 16549267 3746195560 1971741169 137 16385402 1976127628
======================
   8      16 sdb 19476 0 155628 4400324 9029503 16549282 3747630720 1972325408 55 16390405 1976706869
======================
   8      16 sdb 19482 0 155676 4402299 9031808 16549295 3749081344 1972865921 135 16395408 1977256199
======================
   8      16 sdb 19487 0 155716 4403954 9034120 16549310 3750536464 1973437928 20 16400411 1977815679
======================
   8      16 sdb 19494 0 155772 4405938 9036380 16549323 3751957536 1973964440 147 16405413 1978359155
======================
   8      16 sdb 19499 0 155812 4407158 9038686 16549338 3753409072 1974570464 38 16410416 1978956251
======================
   8      16 sdb 19505 0 155860 4409544 9040806 16549353 3754743104 1975071725 1 16415418 1979449261
======================
   8      16 sdb 19511 0 155908 4411014 9043245 16549365 3756277824 1975637291 62 16420420 1980032393
======================
   8      16 sdb 19517 0 155956 4412769 9045571 16549380 3757741648 1976195000 153 16425423 1980599337
======================
   8      16 sdb 19523 0 156004 4414838 9047850 16549395 3759176160 1976736395 39 16430426 1981129772
======================
   8      16 sdb 19529 0 156052 4416366 9050134 16549410 3760613616 1977337586 150 16435429 1981746562
======================
   8      16 sdb 19534 0 156092 4417704 9052427 16549423 3762057456 1977915938 44 16440430 1982314004
======================
   8      16 sdb 19541 0 156148 4419871 9054680 16549437 3763474304 1978451002 146 16445433 1982862957
======================
   8      16 sdb 19546 0 156188 4421379 9056968 16549450 3764914904 1979016099 86 16450436 1983425365
======================
   8      16 sdb 19552 0 156236 4422859 9059258 16549465 3766355600 1979602305 155 16455439 1984015577
======================
   8      16 sdb 19558 0 156284 4424642 9061511 16549478 3767772192 1980130813 127 16460441 1984546598
======================
   8      16 sdb 19564 0 156332 4426503 9063807 16549493 3769217328 1980692050 131 16465445 1985109861
======================
   8      16 sdb 19570 0 156380 4428496 9066023 16549502 3770612616 1981203309 154 16470448 1985614212
======================
   8      16 sdb 19575 0 156420 4430259 9068225 16549520 3771998352 1981760845 79 16475450 1986178427
======================
   8      16 sdb 19581 0 156468 4431966 9070456 16549529 3773402008 1982328998 138 16480452 1986749209
======================
   8      16 sdb 19587 0 156516 4433718 9072634 16549547 3774772640 1982873911 150 16485454 1987299858
======================
   8      16 sdb 19592 0 156556 4435243 9074869 16549556 3776178600 1983458363 100 16490457 1987874417
======================
   8      16 sdb 19598 0 156604 4436748 9077097 16549569 3777580968 1984049780 158 16495460 1988460761
======================
   8      16 sdb 19604 0 156652 4438541 9079304 16549583 3778969776 1984605250 146 16500462 1989036386
======================
   8      16 sdb 19609 0 156692 4439981 9081536 16549596 3780373944 1985216731 99 16505465 1989625547
======================
   8      16 sdb 19615 0 156740 4441896 9083763 16549610 3781775552 1985764004 155 16510468 1990175360
started
======================
   8      16 sdb 19710 0 157494 4443247 9084926 16549625 3782500384 1986047404 0 16513144 1990458385
======================
   8      16 sdb 19710 0 157494 4443247 9091148 16549625 3782550728 1986700114 145 16517782 1991122862
======================
   8      16 sdb 19710 0 157494 4443247 9095747 16549625 3782588136 1987419730 155 16522786 1991840321
======================
   8      16 sdb 19710 0 157494 4443247 9100398 16549625 3782625816 1988135623 144 16527789 1992557824
======================
   8      16 sdb 19710 0 157494 4443247 9105028 16549627 3782663384 1988854070 156 16532792 1993275579
======================
   8      16 sdb 19710 0 157494 4443247 9109606 16549628 3782700528 1989570071 156 16537796 1993993434
======================
   8      16 sdb 19710 0 157494 4443247 9114216 16549629 3782738000 1990289748 156 16542800 1994711785
======================
   8      16 sdb 19710 0 157494 4443247 9118890 16549630 3782775944 1991009137 156 16547803 1995429344
======================
   8      16 sdb 19710 0 157494 4443247 9123434 16549631 3782812872 1991723749 158 16552806 1996147019
======================
   8      16 sdb 19710 0 157494 4443247 9128117 16549631 3782850864 1992441835 147 16557809 1996864127
======================
   8      16 sdb 19710 0 157494 4443247 9132755 16549632 3782888472 1993156107 151 16562812 1997582172
======================
   8      16 sdb 19710 0 157494 4443247 9137245 16549633 3782924936 1993878282 143 16567816 1998300247
======================
   8      16 sdb 19710 0 157494 4443247 9141701 16549634 3782961032 1994595552 137 16572819 1999017131
======================
   8      16 sdb 19710 0 157494 4443247 9146212 16549635 3782997712 1995312262 140 16577823 1999735186
======================
   8      16 sdb 19710 0 157494 4443247 9150839 16549636 3783035384 1996028985 155 16582827 2000452586
======================
   8      16 sdb 19710 0 157494 4443247 9155424 16549637 3783072600 1996749889 148 16587831 2001171575
======================
   8      16 sdb 19710 0 157494 4443247 9160028 16549638 3783110008 1997467213 154 16592834 2001889379
======================
   8      16 sdb 19710 0 157494 4443247 9164611 16549639 3783147104 1998185991 149 16597838 2002607882
======================
   8      16 sdb 19710 0 157494 4443247 9169198 16549640 3783184552 1998903713 140 16602842 2003325177
======================
   8      16 sdb 19710 0 157494 4443247 9173678 16549641 3783221016 1999620907 141 16607846 2004042120
======================
   8      16 sdb 19710 0 157494 4443247 9178270 16549641 3783258352 2000337725 158 16612850 2004761110
======================
   8      16 sdb 19710 0 157494 4443247 9182791 16549642 3783295208 2001059153 151 16617853 2005480536
======================
   8      16 sdb 19710 0 157494 4443247 9187383 16549643 3783332544 2001776414 137 16622856 2006198786
======================
   8      16 sdb 19710 0 157494 4443247 9191959 16549644 3783369808 2002494842 139 16627860 2006916921
======================
   8      16 sdb 19710 0 157494 4443247 9196581 16549645 3783407480 2003212571 159 16632863 2007634677
======================
   8      16 sdb 19710 0 157494 4443247 9201233 16549646 3783445368 2003933111 149 16637866 2008353023
======================
   8      16 sdb 19710 0 157494 4443247 9205896 16549647 3783483232 2004646708 128 16642869 2009070231
======================
   8      16 sdb 19710 0 157494 4443247 9210468 16549648 3783520528 2005368105 134 16647872 2009788603
======================
   8      16 sdb 19710 0 157494 4443247 9215016 16549649 3783557728 2006084425 132 16652875 2010506157
======================
   8      16 sdb 19710 0 157494 4443247 9219652 16549650 3783595632 2006803380 138 16657879 2011223738
======================
   8      16 sdb 19710 0 157494 4443247 9224367 16549651 3783634128 2007520437 129 16662882 2011942639
======================
   8      16 sdb 19710 0 157494 4443247 9228940 16549652 3783671464 2008236306 133 16667885 2012659805
======================
   8      16 sdb 19710 0 157494 4443247 9233618 16549652 3783709736 2008953760 128 16672888 2013378549
======================
   8      16 sdb 19710 0 157494 4443247 9238289 16549653 3783747960 2009673334 131 16677892 2014096389
======================
   8      16 sdb 19710 0 157494 4443247 9242867 16549654 3783785344 2010389346 131 16682895 2014814030
======================
   8      16 sdb 19710 0 157494 4443247 9247423 16549655 3783822448 2011111054 153 16687898 2015532758
======================
   8      16 sdb 19710 0 157494 4443247 9252033 16549656 3783860208 2011828930 153 16692901 2016251671
======================
   8      16 sdb 19710 0 157494 4443247 9256632 16549657 3783897920 2012546417 132 16697904 2016969128
======================
   8      16 sdb 19710 0 157494 4443247 9261222 16549658 3783935456 2013265394 152 16702907 2017686584
======================
   8      16 sdb 19710 0 157494 4443247 9265719 16549659 3783972360 2013981124 137 16707911 2018404438
======================
   8      16 sdb 19710 0 157494 4443247 9270395 16549660 3784010632 2014700690 135 16712915 2019121243
======================
   8      16 sdb 19710 0 157494 4443247 9274902 16549661 3784047536 2015414194 142 16717918 2019839574
======================
   8      16 sdb 19710 0 157494 4443247 9279520 16549662 3784085272 2016137494 134 16722922 2020558555
======================
   8      16 sdb 19710 0 157494 4443247 9284120 16549663 3784122856 2016854276 143 16727925 2021276315
======================
   8      16 sdb 19710 0 157494 4443247 9288755 16549663 3784160824 2017574453 149 16732928 2021994581
======================
   8      16 sdb 19710 0 157494 4443247 9293316 16549664 3784198160 2018290295 134 16737932 2022712216
======================
   8      16 sdb 19710 0 157494 4443247 9297926 16549665 3784235768 2019005293 134 16742935 2023429735
======================
   8      16 sdb 19710 0 157494 4443247 9302536 16549666 3784273720 2019726692 134 16747938 2024147554
======================
   8      16 sdb 19710 0 157494 4443247 9307074 16549667 3784310936 2020439621 142 16752941 2024865565
======================
   8      16 sdb 19710 0 157494 4443247 9311666 16549668 3784348648 2021163090 128 16757944 2025583612
======================
   8      16 sdb 19710 0 157494 4443247 9316361 16549669 3784387296 2021879982 139 16762947 2026300706
======================
   8      16 sdb 19710 0 157494 4443247 9320995 16549670 3784425352 2022596596 147 16767950 2027018151
======================
   8      16 sdb 19710 0 157494 4443247 9325733 16549671 3784464120 2023313727 147 16772953 2027736413
======================
   8      16 sdb 19710 0 157494 4443247 9330523 16549672 3784503392 2024032505 159 16777956 2028454007
======================
   8      16 sdb 19710 0 157494 4443247 9335176 16549673 3784541488 2024750729 148 16782960 2029170460
======================
   8      16 sdb 19710 0 157494 4443247 9339953 16549674 3784580896 2025465740 141 16787963 2029888711
======================
   8      16 sdb 19710 0 157494 4443247 9344658 16549675 3784619488 2026184701 142 16792966 2030605832
======================
   8      16 sdb 19710 0 157494 4443247 9349309 16549676 3784657872 2026900350 133 16797969 2031323851
======================
   8      16 sdb 19710 0 157494 4443247 9353998 16549677 3784696504 2027614918 149 16802972 2032040499
======================
   8      16 sdb 19710 0 157494 4443247 9358765 16549677 3784735616 2028337685 151 16807975 2032758009
======================
   8      16 sdb 19710 0 157494 4443247 9363356 16549678 3784773424 2029052147 138 16812978 2033476024
======================
   8      16 sdb 19710 0 157494 4443247 9368155 16549679 3784812960 2029772202 141 16817981 2034193235
======================
   8      16 sdb 19710 0 157494 4443247 9372763 16549680 3784850984 2030488218 143 16822984 2034911349
======================
   8      16 sdb 19710 0 157494 4443247 9377506 16549681 3784889840 2031207874 138 16827987 2035629885
======================
   8      16 sdb 19710 0 157494 4443247 9382228 16549682 3784928248 2031926457 154 16832990 2036348648
======================
   8      16 sdb 19710 0 157494 4443247 9387029 16549683 3784967280 2032643427 155 16837993 2037067198
======================
   8      16 sdb 19710 0 157494 4443247 9391840 16549684 3785006528 2033362388 146 16842996 2037784924
======================
   8      16 sdb 19710 0 157494 4443247 9396707 16549685 3785046120 2034081984 145 16848000 2038503549
======================
   8      16 sdb 19710 0 157494 4443247 9401512 16549686 3785085264 2034799334 142 16853003 2039220743
======================
   8      16 sdb 19710 0 157494 4443247 9406403 16549687 3785124920 2035516576 149 16858006 2039938442
======================
   8      16 sdb 19710 0 157494 4443247 9411067 16549688 3785162888 2036235212 159 16863009 2040656863
======================
   8      16 sdb 19710 0 157494 4443247 9415932 16549689 3785202536 2036952881 128 16868012 2041373996
======================
   8      16 sdb 19710 0 157494 4443247 9420777 16549690 3785242072 2037669904 149 16873015 2042092132
======================
   8      16 sdb 19710 0 157494 4443247 9425443 16549691 3785280120 2038386564 157 16878018 2042809949
======================
   8      16 sdb 19710 0 157494 4443247 9430241 16549692 3785319208 2039103609 129 16883021 2043527207
======================
   8      16 sdb 19710 0 157494 4443247 9435046 16549693 3785358288 2039822638 158 16888025 2044245962
======================
   8      16 sdb 19710 0 157494 4443247 9439758 16549694 3785396688 2040542918 152 16893028 2044964638
======================
   8      16 sdb 19710 0 157494 4443247 9444440 16549695 3785434840 2041262151 143 16898031 2045682900
======================
   8      16 sdb 19710 0 157494 4443247 9449050 16549695 3785472480 2041980590 142 16903034 2046401531
======================
   8      16 sdb 19710 0 157494 4443247 9453737 16549696 3785510688 2042698224 129 16908037 2047120681
======================
   8      16 sdb 19710 0 157494 4443247 9458564 16549697 3785550104 2043417288 136 16913041 2047840012
======================
   8      16 sdb 19710 0 157494 4443247 9463218 16549698 3785588112 2044135770 156 16918044 2048557483
======================
   8      16 sdb 19710 0 157494 4443247 9467988 16549699 3785626984 2044856070 156 16923047 2049276424
======================
   8      16 sdb 19710 0 157494 4443247 9472763 16549700 3785666016 2045575422 151 16928050 2049995078
======================
   8      16 sdb 19710 0 157494 4443247 9477459 16549701 3785704304 2046291283 129 16933053 2050712645
======================
   8      16 sdb 19710 0 157494 4443247 9482137 16549702 3785742512 2047008646 157 16938056 2051430722
======================
   8      16 sdb 19710 0 157494 4443247 9486803 16549703 3785780576 2047725384 133 16943060 2052149060
======================
   8      16 sdb 19710 0 157494 4443247 9491570 16549704 3785819536 2048444810 136 16948063 2052867680
======================
   8      16 sdb 19710 0 157494 4443247 9496119 16549705 3785856624 2049167421 133 16953066 2053587680
======================
   8      16 sdb 19710 0 157494 4443247 9500844 16549706 3785895112 2049885331 146 16958069 2054305700
======================
   8      16 sdb 19710 0 157494 4443247 9505628 16549707 3785934176 2050601561 132 16963072 2055022432
======================
   8      16 sdb 19710 0 157494 4443247 9510227 16549708 3785971784 2051318650 143 16968075 2055741231
======================
   8      16 sdb 19710 0 157494 4443247 9514858 16549709 3786009600 2052036884 154 16973078 2056459275
======================
   8      16 sdb 19710 0 157494 4443247 9519614 16549710 3786048448 2052754083 135 16978081 2057176944
======================
   8      16 sdb 19710 0 157494 4443247 9524319 16549710 3786086896 2053473538 135 16983085 2057894716
======================
   8      16 sdb 19710 0 157494 4443247 9528909 16549711 3786124344 2054190132 155 16988088 2058612355
======================
   8      16 sdb 19710 0 157494 4443247 9533602 16549712 3786162688 2054908590 136 16993091 2059330647
======================
   8      16 sdb 19710 0 157494 4443247 9538321 16549713 3786201312 2055627018 155 16998094 2060048172
======================
   8      16 sdb 19710 0 157494 4443247 9542921 16549714 3786238960 2056342278 133 17003097 2060766832
======================
   8      16 sdb 19710 0 157494 4443247 9547587 16549715 3786277424 2057063532 141 17008100 2061484406
======================
   8      16 sdb 19710 0 157494 4443247 9552112 16549716 3786314336 2057782170 130 17013103 2062202536
======================
   8      16 sdb 19710 0 157494 4443247 9556793 16549717 3786352616 2058497541 155 17018107 2062920433
======================
   8      16 sdb 19710 0 157494 4443247 9561400 16549718 3786390272 2059219048 158 17023110 2063638636
======================
   8      16 sdb 19710 0 157494 4443247 9565991 16549719 3786427960 2059932897 145 17028113 2064356115
======================
   8      16 sdb 19710 0 157494 4443247 9570740 16549720 3786466904 2060653298 134 17033116 2065074912
======================
   8      16 sdb 19710 0 157494 4443247 9575350 16549721 3786504728 2061371644 134 17038119 2065793710
======================
   8      16 sdb 19710 0 157494 4443247 9579969 16549722 3786542640 2062086836 157 17043123 2066510983
======================
   8      16 sdb 19710 0 157494 4443247 9584623 16549722 3786580680 2062807443 143 17048126 2067228840
======================
   8      16 sdb 19710 0 157494 4443247 9589302 16549723 3786619024 2063520520 138 17053129 2067947137
======================
   8      16 sdb 19710 0 157494 4443247 9593853 16549724 3786656184 2064242861 133 17058132 2068665493
======================
   8      16 sdb 19710 0 157494 4443247 9598454 16549725 3786693784 2064961150 142 17063135 2069383922
======================
   8      16 sdb 19710 0 157494 4443247 9603136 16549726 3786732064 2065679944 134 17068138 2070101337
======================
   8      16 sdb 19710 0 157494 4443247 9607664 16549727 3786768952 2066397036 152 17073141 2070818829
======================
   8      16 sdb 19710 0 157494 4443247 9612305 16549728 3786806944 2067114716 153 17078144 2071536690
======================
   8      16 sdb 19710 0 157494 4443247 9616994 16549729 3786845176 2067833447 138 17083147 2072254847
======================
   8      16 sdb 19710 0 157494 4443247 9621535 16549730 3786882352 2068552015 143 17088150 2072972900
======================
   8      16 sdb 19710 0 157494 4443247 9626097 16549731 3786919624 2069269714 159 17093154 2073690711
======================
   8      16 sdb 19710 0 157494 4443247 9630695 16549732 3786957288 2069987591 139 17098157 2074408939
======================
   8      16 sdb 19710 0 157494 4443247 9635256 16549733 3786994600 2070705627 156 17103160 2075127534
======================
   8      16 sdb 19710 0 157494 4443247 9639838 16549734 3787032080 2071424442 152 17108163 2075845563
======================
   8      16 sdb 19710 0 157494 4443247 9644510 16549734 3787070304 2072141473 152 17113167 2076563722
======================
   8      16 sdb 19710 0 157494 4443247 9649034 16549735 3787107352 2072861706 142 17118171 2077282211
======================
   8      16 sdb 19710 0 157494 4443247 9653652 16549736 3787145112 2073577777 134 17123175 2078000347
======================
   8      16 sdb 19710 0 157494 4443247 9658103 16549737 3787181632 2074295384 133 17128178 2078717366
======================
   8      16 sdb 19710 0 157494 4443247 9662660 16549738 3787218912 2075016904 154 17133181 2079437025
======================
   8      16 sdb 19710 0 157494 4443247 9667308 16549739 3787256880 2075733610 148 17138184 2080154387
======================
   8      16 sdb 19710 0 157494 4443247 9671850 16549740 3787294040 2076448505 152 17143188 2080872943
======================
   8      16 sdb 19710 0 157494 4443247 9676380 16549741 3787330880 2077169374 136 17148191 2081589983
======================
   8      16 sdb 19710 0 157494 4443247 9680879 16549742 3787367600 2077885955 151 17153194 2082309660
======================
   8      16 sdb 19710 0 157494 4443247 9685476 16549743 3787405120 2078604313 132 17158197 2083026552
======================
   8      16 sdb 19710 0 157494 4443247 9690114 16549744 3787442912 2079322072 135 17163200 2083744214
======================
   8      16 sdb 19710 0 157494 4443247 9694830 16549744 3787481440 2080042758 156 17168203 2084462983
======================
   8      16 sdb 19710 0 157494 4443247 9699658 16549745 3787520800 2080759913 130 17173207 2085181359
======================
   8      16 sdb 19710 0 157494 4443247 9704402 16549746 3787559552 2081478875 156 17178210 2085900322
======================
   8      16 sdb 19710 0 157494 4443247 9709272 16549747 3787599248 2082195454 152 17183213 2086618849
======================
   8      16 sdb 19710 0 157494 4443247 9714170 16549748 3787639216 2082916431 152 17188216 2087335540
======================
   8      16 sdb 19710 0 157494 4443247 9719013 16549749 3787678808 2083632263 143 17193219 2088053165
======================
   8      16 sdb 19710 0 157494 4443247 9723843 16549750 3787718264 2084350352 147 17198222 2088770917
======================
   8      16 sdb 19710 0 157494 4443247 9728719 16549751 3787758040 2085066652 137 17203225 2089488822
======================
   8      16 sdb 19710 0 157494 4443247 9733663 16549752 3787798544 2085785920 155 17208229 2090206133
======================
   8      16 sdb 19710 0 157494 4443247 9738496 16549753 3787838040 2086500943 156 17213232 2090923046
======================
   8      16 sdb 19710 0 157494 4443247 9743434 16549754 3787878376 2087218689 148 17218235 2091639713
======================
   8      16 sdb 19710 0 157494 4443247 9748193 16549755 3787917232 2087936826 159 17223238 2092357332
======================
   8      16 sdb 19710 0 157494 4443247 9752966 16549756 3787956368 2088652891 156 17228241 2093075077
======================
   8      16 sdb 19710 0 157494 4443247 9757622 16549757 3787994408 2089369687 142 17233244 2093792961
======================
   8      16 sdb 19710 0 157494 4443247 9762318 16549758 3788032824 2090089841 152 17238247 2094511663
======================
   8      16 sdb 19710 0 157494 4443247 9767050 16549759 3788071400 2090806846 158 17243250 2095228831
======================
   8      16 sdb 19710 0 157494 4443247 9771764 16549760 3788109760 2091528164 150 17248253 2095947778
======================
   8      16 sdb 19710 0 157494 4443247 9776474 16549761 3788148272 2092243184 146 17253256 2096664903
======================
   8      16 sdb 19710 0 157494 4443247 9781105 16549762 3788186168 2092962230 157 17258260 2097383060
======================
   8      16 sdb 19710 0 157494 4443247 9785809 16549763 3788224600 2093680418 159 17263263 2098101211
======================
   8      16 sdb 19710 0 157494 4443247 9790620 16549764 3788264032 2094398790 150 17268266 2098819295
======================
   8      16 sdb 19710 0 157494 4443247 9795273 16549764 3788302064 2095115015 137 17273269 2099536709
======================
   8      16 sdb 19710 0 157494 4443247 9800070 16549765 3788341160 2095832827 142 17278272 2100253963
======================
   8      16 sdb 19710 0 157494 4443247 9804787 16549766 3788379704 2096549228 131 17283275 2100970836
======================
   8      16 sdb 19710 0 157494 4443247 9809352 16549767 3788417032 2097267639 144 17288279 2101689590
======================
   8      16 sdb 19710 0 157494 4443247 9813985 16549768 3788454856 2097990089 153 17293282 2102409168
======================
   8      16 sdb 19710 0 157494 4443247 9818693 16549769 3788493320 2098705727 151 17298285 2103128097
======================
   8      16 sdb 19710 0 157494 4443247 9823460 16549770 3788532248 2099423203 154 17303288 2103845008
======================
   8      16 sdb 19710 0 157494 4443247 9828066 16549771 3788569840 2100140614 158 17308291 2104562705
======================
   8      16 sdb 19710 0 157494 4443247 9832881 16549772 3788609224 2100865394 145 17313316 2105284606
======================
   8      16 sdb 19710 0 157494 4443247 9837571 16549773 3788647496 2101581762 129 17318320 2106001938
======================
   8      16 sdb 19710 0 157494 4443247 9842220 16549774 3788685464 2102299642 154 17323323 2106719533
======================
   8      16 sdb 19710 0 157494 4443247 9846972 16549775 3788724280 2103017445 140 17328326 2107437533
======================
   8      16 sdb 19710 0 157494 4443247 9851627 16549776 3788762184 2103734391 159 17333335 2108155984
======================
   8      16 sdb 19710 0 157494 4443247 9856320 16549777 3788800632 2104451707 140 17338338 2108874174
======================
   8      16 sdb 19710 0 157494 4443247 9860839 16549778 3788837624 2105171818 135 17343341 2109592286
======================
   8      16 sdb 19710 0 157494 4443247 9865454 16549778 3788875424 2105885457 128 17348344 2110310023
======================
   8      16 sdb 19710 0 157494 4443247 9870030 16549779 3788912896 2106606589 130 17353347 2111028633
======================
   8      16 sdb 19710 0 157494 4443247 9874673 16549780 3788950952 2107326038 129 17358360 2111749619
======================
   8      16 sdb 19710 0 157494 4443247 9879367 16549781 3788989312 2108044344 141 17363363 2112468019
======================
   8      16 sdb 19710 0 157494 4443247 9884051 16549782 3789027560 2108765979 131 17368366 2113185567
======================
   8      16 sdb 19710 0 157494 4443247 9888608 16549783 3789064840 2109483522 152 17373369 2113903973
======================
   8      16 sdb 19710 0 157494 4443247 9893278 16549784 3789103104 2110202071 156 17378373 2114622576
======================
   8      16 sdb 19710 0 157494 4443247 9897960 16549785 3789141376 2110922222 148 17383376 2115342267
======================
   8      16 sdb 19710 0 157494 4443247 9902344 16549786 3789177264 2111637909 150 17388379 2116061045
======================
   8      16 sdb 19710 0 157494 4443247 9906911 16549787 3789214680 2112358128 129 17393382 2116778392
======================
   8      16 sdb 19710 0 157494 4443247 9911493 16549788 3789252032 2113073062 157 17398385 2117495856
======================
   8      16 sdb 19710 0 157494 4443247 9916048 16549789 3789289328 2113793303 148 17403389 2118214604
======================
   8      16 sdb 19710 0 157494 4443247 9920623 16549789 3789326736 2114508262 149 17408392 2118932226
======================
   8      16 sdb 19710 0 157494 4443247 9925218 16549790 3789364312 2115229186 132 17413395 2119651028
======================
   8      16 sdb 19710 0 157494 4443247 9929722 16549791 3789401168 2115947207 142 17418399 2120370137
======================
   8      16 sdb 19710 0 157494 4443247 9934322 16549792 3789438936 2116667580 152 17423402 2121088997
======================
   8      16 sdb 19710 0 157494 4443247 9938855 16549793 3789475992 2117380764 133 17428405 2121806633
======================
   8      16 sdb 19710 0 157494 4443247 9943489 16549794 3789513720 2118103933 141 17433408 2122525247
======================
   8      16 sdb 19710 0 157494 4443247 9948144 16549795 3789551848 2118822029 128 17438411 2123244400
======================
   8      16 sdb 19710 0 157494 4443247 9952799 16549796 3789589808 2119542030 147 17443414 2123962646
======================
   8      16 sdb 19710 0 157494 4443247 9957302 16549797 3789626664 2120259243 158 17448417 2124680644
======================
   8      16 sdb 19710 0 157494 4443247 9961865 16549798 3789663928 2120979164 141 17453420 2125399839
======================
   8      16 sdb 19710 0 157494 4443247 9966406 16549799 3789700960 2121695754 146 17458423 2126117056
======================
   8      16 sdb 19710 0 157494 4443247 9971010 16549800 3789738552 2122412946 151 17463426 2126834478
======================
   8      16 sdb 19710 0 157494 4443247 9975493 16549800 3789775208 2123131882 149 17468430 2127553558
======================
   8      16 sdb 19710 0 157494 4443247 9980163 16549801 3789813392 2123850951 153 17473433 2128271614
======================
   8      16 sdb 19710 0 157494 4443247 9984846 16549802 3789851640 2124565450 144 17478436 2128988936
======================
   8      16 sdb 19710 0 157494 4443247 9989395 16549803 3789888840 2125283055 141 17483440 2129706616
======================
   8      16 sdb 19710 0 157494 4443247 9994087 16549804 3789927112 2126005251 155 17488443 2130424844
======================
   8      16 sdb 19710 0 157494 4443247 9998654 16549805 3789964496 2126719839 134 17493446 2131142828
======================
   8      16 sdb 19710 0 157494 4443247 10003327 16549806 3790002624 2127437340 135 17498449 2131860437
======================
   8      16 sdb 19710 0 157494 4443247 10008046 16549807 3790041216 2128156100 154 17503453 2132577371
======================
   8      16 sdb 19710 0 157494 4443247 10012950 16549808 3790081248 2128875891 148 17508456 2133295432
======================
   8      16 sdb 19710 0 157494 4443247 10017727 16549809 3790120176 2129592720 141 17513459 2134013129
======================
   8      16 sdb 19710 0 157494 4443247 10022643 16549810 3790160328 2130308520 155 17518462 2134730774
======================
   8      16 sdb 19710 0 157494 4443247 10027490 16549811 3790199976 2131028336 142 17523465 2135448925
======================
   8      16 sdb 19710 0 157494 4443247 10032377 16549812 3790239888 2131747186 153 17528468 2136167909
======================
   8      16 sdb 19710 0 157494 4443247 10037345 16549813 3790280560 2132462949 147 17533471 2136884910
======================
   8      16 sdb 19710 0 157494 4443247 10042204 16549814 3790320184 2133182799 154 17538474 2137604274
======================
   8      16 sdb 19710 0 157494 4443247 10047001 16549815 3790359344 2133902487 159 17543478 2138322516
======================
   8      16 sdb 19710 0 157494 4443247 10051928 16549816 3790399424 2134619988 130 17548482 2139040050
======================
   8      16 sdb 19710 0 157494 4443247 10056755 16549817 3790438864 2135338780 137 17553485 2139757558
======================
   8      16 sdb 19710 0 157494 4443247 10061686 16549818 3790479336 2136056197 136 17558488 2140475526
======================
   8      16 sdb 19710 0 157494 4443247 10066409 16549819 3790517848 2136773768 151 17563491 2141193248
======================
   8      16 sdb 19710 0 157494 4443247 10071193 16549820 3790556912 2137489924 136 17568494 2141910309
======================
   8      16 sdb 19710 0 157494 4443247 10075993 16549820 3790596248 2138208485 137 17573497 2142628314
======================
   8      16 sdb 19710 0 157494 4443247 10080674 16549821 3790634488 2138921014 130 17578500 2143345533
======================
   8      16 sdb 19710 0 157494 4443247 10085411 16549822 3790673136 2139639494 131 17583503 2144063796
======================
   8      16 sdb 19710 0 157494 4443247 10090202 16549823 3790712144 2140360698 142 17588506 2144781619
======================
   8      16 sdb 19710 0 157494 4443247 10094930 16549824 3790750688 2141079252 152 17593510 2145499819
======================
   8      16 sdb 19710 0 157494 4443247 10099681 16549825 3790789520 2141795817 139 17598513 2146216731
======================
   8      16 sdb 19710 0 157494 4443247 10104471 16549826 3790828464 2142515899 151 17603517 2146934681
======================
   8      16 sdb 19710 0 157494 4443247 10109241 16549827 3790867440 2143231279 151 17608520 2147652549
======================
   8      16 sdb 19710 0 157494 4443247 10113822 16549828 3790904792 2143949875 148 17613523 2148370464
======================
   8      16 sdb 19710 0 157494 4443247 10118456 16549829 3790942672 2144666848 156 17618526 2149087967
======================
   8      16 sdb 19710 0 157494 4443247 10122997 16549830 3790979808 2145386482 129 17623529 2149806545
======================
   8      16 sdb 19710 0 157494 4443247 10127743 16549831 3791018608 2146101560 153 17628532 2150524468
======================
   8      16 sdb 19710 0 157494 4443247 10132555 16549832 3791058016 2146821241 143 17633536 2151242952
======================
   8      16 sdb 19710 0 157494 4443247 10137212 16549833 3791096032 2147540232 128 17638539 2151961420
======================
   8      16 sdb 19710 0 157494 4443247 10141901 16549834 3791134560 2148259675 145 17643542 2152679562
======================
   8      16 sdb 19710 0 157494 4443247 10146604 16549835 3791172880 2148975248 147 17648546 2153397779
======================
   8      16 sdb 19710 0 157494 4443247 10151355 16549835 3791211632 2149694121 133 17653549 2154115830
======================
   8      16 sdb 19710 0 157494 4443247 10156040 16549836 3791249872 2150411944 154 17658553 2154832833
======================
   8      16 sdb 19710 0 157494 4443247 10160687 16549837 3791287696 2151129872 149 17663556 2155550760
======================
   8      16 sdb 19710 0 157494 4443247 10165372 16549838 3791326032 2151844861 138 17668559 2156269103
======================
   8      16 sdb 19710 0 157494 4443247 10170159 16549839 3791365264 2152565087 153 17673562 2156986296
======================
   8      16 sdb 19710 0 157494 4443247 10174750 16549840 3791402832 2153285563 140 17678566 2157704303
======================
   8      16 sdb 19710 0 157494 4443247 10179445 16549841 3791441072 2154001729 151 17683569 2158422171
======================
   8      16 sdb 19710 0 157494 4443247 10184096 16549842 3791478952 2154718905 142 17688572 2159139691
======================
   8      16 sdb 19710 0 157494 4443247 10188750 16549843 3791516960 2155436679 130 17693575 2159857198
======================
   8      16 sdb 19710 0 157494 4443247 10193361 16549844 3791554560 2156153692 129 17698578 2160574707
======================
   8      16 sdb 19710 0 157494 4443247 10198071 16549845 3791592984 2156873194 157 17703581 2161292932
======================
   8      16 sdb 19710 0 157494 4443247 10202708 16549846 3791630912 2157591084 130 17708585 2162010931
======================
   8      16 sdb 19710 0 157494 4443247 10207356 16549847 3791668888 2158309389 156 17713588 2162728970
======================
   8      16 sdb 19710 0 157494 4443247 10211958 16549848 3791706360 2159026363 132 17718591 2163446697
======================
   8      16 sdb 19710 0 157494 4443247 10216642 16549848 3791744616 2159742353 152 17723594 2164163650
======================
   8      16 sdb 19710 0 157494 4443247 10221134 16549849 3791781464 2160461505 142 17728597 2164881862
======================
   8      16 sdb 19710 0 157494 4443247 10225807 16549850 3791819592 2161179669 143 17733600 2165599876
======================
   8      16 sdb 19710 0 157494 4443247 10230464 16549851 3791857640 2161895402 128 17738604 2166317997
======================
   8      16 sdb 19710 0 157494 4443247 10235089 16549852 3791895376 2162613892 145 17743607 2167036625
======================
   8      16 sdb 19710 0 157494 4443247 10239773 16549853 3791933600 2163333460 135 17748610 2167754524
======================
   8      16 sdb 19710 0 157494 4443247 10244411 16549854 3791971536 2164053034 139 17753614 2168472741
======================
   8      16 sdb 19710 0 157494 4443247 10248925 16549855 3792008424 2164768511 139 17758617 2169192193
======================
   8      16 sdb 19710 0 157494 4443247 10253411 16549856 3792045104 2165489613 135 17763621 2169910459
======================
   8      16 sdb 19710 0 157494 4443247 10257958 16549857 3792082240 2166208460 134 17768624 2170628234
======================
   8      16 sdb 19710 0 157494 4443247 10262563 16549858 3792119864 2166926270 139 17773628 2171347235
======================
   8      16 sdb 19710 0 157494 4443247 10267192 16549859 3792157640 2167644491 152 17778631 2172064782
======================
   8      16 sdb 19710 0 157494 4443247 10271785 16549859 3792195168 2168360165 135 17783635 2172782897
======================
   8      16 sdb 19710 0 157494 4443247 10276400 16549860 3792232808 2169081095 130 17788639 2173501545
======================
   8      16 sdb 19710 0 157494 4443247 10281051 16549861 3792270704 2169798769 153 17793643 2174220166
======================
   8      16 sdb 19710 0 157494 4443247 10285634 16549862 3792308136 2170515350 148 17798647 2174938265
======================
   8      16 sdb 19710 0 157494 4443247 10290197 16549863 3792345360 2171234162 131 17803651 2175656797
======================
   8      16 sdb 19710 0 157494 4443247 10294851 16549864 3792383392 2171954260 151 17808655 2176375076
======================
   8      16 sdb 19710 0 157494 4443247 10299441 16549865 3792420928 2172672503 139 17813659 2177093168
======================
   8      16 sdb 19710 0 157494 4443247 10303924 16549866 3792457536 2173389240 138 17818663 2177811221
======================
   8      16 sdb 19710 0 157494 4443247 10308583 16549867 3792495560 2174109770 153 17823666 2178528996
======================
   8      16 sdb 19710 0 157494 4443247 10313144 16549868 3792532856 2174827142 138 17828669 2179246743
======================
   8      16 sdb 19710 0 157494 4443247 10317586 16549869 3792569104 2175542454 146 17833672 2179965661
======================
   8      16 sdb 19710 0 157494 4443247 10322127 16549870 3792606240 2176260555 150 17838675 2180682395
======================
   8      16 sdb 19710 0 157494 4443247 10326942 16549870 3792645512 2176978458 136 17843678 2181400494
======================
   8      16 sdb 19710 0 157494 4443247 10331822 16549871 3792685488 2177699058 154 17848681 2182118125
======================
   8      16 sdb 19710 0 157494 4443247 10336649 16549872 3792724848 2178415399 129 17853684 2182835094
======================
   8      16 sdb 19710 0 157494 4443247 10341533 16549873 3792764800 2179131046 143 17858688 2183553528
======================
   8      16 sdb 19710 0 157494 4443247 10346354 16549874 3792804160 2179852582 156 17863691 2184271105
======================
   8      16 sdb 19710 0 157494 4443247 10351226 16549875 3792844032 2180568114 150 17868694 2184989028
======================
   8      16 sdb 19710 0 157494 4443247 10356253 16549876 3792885016 2181287445 149 17873697 2185707656
======================
   8      16 sdb 19710 0 157494 4443247 10361180 16549877 3792925256 2182004483 152 17878700 2186425631
======================
   8      16 sdb 19710 0 157494 4443247 10366047 16549878 3792964896 2182722932 151 17883703 2187142916
======================
   8      16 sdb 19710 0 157494 4443247 10370948 16549879 3793004944 2183439691 148 17888707 2187860684
======================
   8      16 sdb 19710 0 157494 4443247 10375757 16549880 3793044224 2184157731 141 17893710 2188579390
======================
   8      16 sdb 19710 0 157494 4443247 10380592 16549881 3793083656 2184877934 140 17898713 2189297346
======================
   8      16 sdb 19710 0 157494 4443247 10385192 16549882 3793121072 2185593813 150 17903716 2190014251
======================
   8      16 sdb 19710 0 157494 4443247 10389958 16549883 3793160016 2186311783 154 17908719 2190732342
======================
   8      16 sdb 19710 0 157494 4443247 10394602 16549884 3793198032 2187030138 152 17913723 2191452054
======================
   8      16 sdb 19710 0 157494 4443247 10399494 16549885 3793238016 2187750405 151 17918726 2192168989
======================
   8      16 sdb 19710 0 157494 4443247 10404249 16549886 3793276856 2188468089 141 17923730 2192887501
======================
   8      16 sdb 19710 0 157494 4443247 10408973 16549887 3793315520 2189184941 155 17928733 2193604809
======================
   8      16 sdb 19710 0 157494 4443247 10413751 16549888 3793354616 2189903036 147 17933736 2194322552
======================
   8      16 sdb 19710 0 157494 4443247 10418430 16549889 3793392880 2190621389 142 17938739 2195040791
======================
   8      16 sdb 19710 0 157494 4443247 10423130 16549890 3793431264 2191338920 148 17943743 2195759202
======================
   8      16 sdb 19710 0 157494 4443247 10427845 16549891 3793469912 2192057863 139 17948746 2196478047
======================
   8      16 sdb 19710 0 157494 4443247 10432618 16549892 3793508744 2192775559 135 17953749 2197195242
======================
   8      16 sdb 19710 0 157494 4443247 10437395 16549892 3793547688 2193490075 159 17958752 2197913339
======================
   8      16 sdb 19710 0 157494 4443247 10442183 16549893 3793586848 2194206628 141 17963755 2198631731
======================
   8      16 sdb 19710 0 157494 4443247 10446932 16549894 3793625752 2194928266 130 17968759 2199349605
======================
   8      16 sdb 19710 0 157494 4443247 10451668 16549895 3793664432 2195647033 132 17973762 2200067024
