78.2
4.5
2.3
1.0
1.4
2.1
3.1
3.5
3.7
3.5
3.4
3.5
3.5
3.6
3.8
3.3
3.5
3.5
4.0
3.3
4.2
3.4
3.9
3.7
3.3
3.7
4.2
3.8
3.9
3.8
3.6
3.6
3.9
4.1
3.7
4.2
3.8
3.9
3.6
3.9
3.4
3.8
3.9
3.4
3.6
3.9
3.9
3.8
3.7
3.6
3.6
3.8
4.2
3.4
3.9
3.7
3.3
3.9
3.7
3.2
3.9
3.7
3.6
3.9
3.9
3.9
3.6
3.9
3.9
4.0
3.9
3.9
3.6
3.8
3.7
3.9
3.9
3.6
3.9
3.7
3.5
4.0
3.7
3.6
3.7
3.7
3.9
3.5
4.0
3.6
3.8
3.7
3.5
3.8
3.9
4.1
3.3
3.6
4.2
3.5
3.9
3.9
4.0
4.2
3.5
3.7
4.2
3.9
3.8
3.7
3.2
4.3
3.7
4.1
3.8
3.6
3.8
3.7
3.7
3.6
3.7
3.9
3.5
3.8
3.6
3.9
3.8
3.4
4.0
3.3
3.8
3.6
3.6
4.1
3.9
3.9
4.1
3.6
3.7
4.1
4.0
3.6
3.9
3.6
3.6
3.7
2.1
