======================
   8      16 sdb 19332 0 154566 2550733 3341060 10587999 2099084144 819958592 33 7300604 822492245
started
======================
   8      16 sdb 19448 0 155494 2555498 3341075 10588015 2099084392 819958600 0 7300856 822494068
======================
   8      16 sdb 19456 0 155558 2557095 3343215 10588055 2100418760 820324881 158 7304537 822881896
======================
   8      16 sdb 19461 0 155598 2558543 3345528 10588083 2101863456 820937231 42 7309540 823486837
======================
   8      16 sdb 19468 0 155654 2560538 3347761 10588105 2103258792 821503291 149 7314549 824055355
======================
   8      16 sdb 19473 0 155694 2562092 3350087 10588120 2104713424 822101521 69 7319551 824659650
======================
   8      16 sdb 19480 0 155750 2564046 3352416 10588175 2106157144 822659137 141 7324552 825224510
======================
   8      16 sdb 19486 0 155798 2565821 3354553 10588197 2107498176 823199081 136 7329593 825771404
======================
   8      16 sdb 19491 0 155838 2567379 3356861 10588243 2108936192 823764119 1 7334596 826311560
======================
   8      16 sdb 19497 0 155886 2568885 3359066 10588267 2110317336 824318145 145 7339598 826884074
======================
   8      16 sdb 19503 0 155934 2570623 3361356 10588332 2111751016 824879061 46 7344601 827440770
======================
   8      16 sdb 19509 0 155982 2571867 3363642 10588374 2113182824 825468803 142 7349603 828049694
======================
   8      16 sdb 19514 0 156022 2573692 3365653 10588411 2114444312 826015691 1 7354605 828569447
======================
   8      16 sdb 19520 0 156070 2575247 3368114 10588484 2115976456 826586490 76 7359607 829159914
======================
   8      16 sdb 19526 0 156118 2576715 3370282 10588523 2117333272 827182779 137 7364608 829763181
======================
   8      16 sdb 19532 0 156166 2578107 3372612 10588592 2118790056 827733098 105 7369609 830309242
======================
   8      16 sdb 19537 0 156206 2579290 3374770 10588630 2120141272 828353719 49 7374625 830925764
======================
   8      16 sdb 19543 0 156254 2580636 3377092 10588690 2121590504 828931174 129 7379627 831514195
======================
   8      16 sdb 19549 0 156302 2582273 3379359 10588725 2123011776 829511953 96 7384629 832097560
======================
   8      16 sdb 19555 0 156350 2583857 3381528 10588787 2124365296 830081279 147 7389633 832663995
======================
   8      16 sdb 19560 0 156390 2584873 3383841 10588827 2125814040 830700500 140 7394635 833288605
======================
   8      16 sdb 19566 0 156438 2586152 3386048 10588903 2127187328 831295304 19 7399637 833866876
======================
   8      16 sdb 19572 0 156486 2588033 3388360 10588941 2128637872 831864888 153 7404642 834455372
======================
   8      16 sdb 19577 0 156526 2589344 3390530 10589012 2129993720 832440281 159 7409645 835031253
======================
   8      16 sdb 19583 0 156574 2590927 3392812 10589067 2131419120 833023408 1 7414648 835594499
======================
   8      16 sdb 19589 0 156622 2592644 3395006 10589159 2132786240 833599541 139 7419652 836191602
======================
   8      16 sdb 19595 0 156670 2594104 3397260 10589196 2134198648 834187361 135 7424654 836782223
======================
   8      16 sdb 19600 0 156710 2595364 3399551 10589264 2135630792 834780253 37 7429655 837365327
======================
   8      16 sdb 19606 0 156758 2596951 3401675 10589297 2136962312 835379029 150 7434663 837958438
======================
   8      16 sdb 19612 0 156806 2598560 3403956 10589378 2138384176 835893577 158 7439666 838493838
======================
   8      16 sdb 19617 0 156846 2599722 3406078 10589415 2139713024 836507041 140 7444669 839107940
======================
   8      16 sdb 19622 0 156886 2600897 3408375 10589478 2141147344 837097125 31 7449673 839686251
======================
   8      16 sdb 19629 0 156942 2602899 3410516 10589513 2142489112 837665889 151 7454676 840253145
======================
   8      16 sdb 19634 0 156982 2603939 3412812 10589578 2143927056 838238288 130 7459679 840844312
======================
   8      16 sdb 19640 0 157030 2605803 3415099 10589616 2145358424 838791028 147 7464683 841385132
======================
   8      16 sdb 19646 0 157078 2607923 3417210 10589682 2146678024 839274957 142 7469686 841875185
======================
   8      16 sdb 19651 0 157118 2609134 3419490 10589720 2148104792 839896058 119 7474690 842507440
======================
   8      16 sdb 19656 0 157158 2610443 3421612 10589798 2149428144 840482691 158 7479695 843095426
======================
   8      16 sdb 19663 0 157214 2612321 3423920 10589843 2150871080 841024583 147 7484699 843620903
======================
   8      16 sdb 19668 0 157254 2613661 3426035 10589906 2152188704 841590795 128 7489702 844212154
======================
   8      16 sdb 19673 0 157294 2615122 3428312 10589941 2153616336 842173015 137 7494705 844790990
======================
   8      16 sdb 19680 0 157350 2616877 3430576 10590005 2155029712 842725502 145 7499708 845339779
======================
   8      16 sdb 19684 0 157382 2618162 3432686 10590044 2156353264 843358057 39 7504711 845966280
======================
   8      16 sdb 19691 0 157438 2620051 3434951 10590109 2157769592 843892159 152 7509713 846494461
======================
   8      16 sdb 19696 0 157478 2621121 3437059 10590144 2159090392 844526372 137 7514716 847150446
======================
   8      16 sdb 19701 0 157518 2622316 3439327 10590213 2160508032 845127947 39 7519718 847740545
======================
   8      16 sdb 19708 0 157574 2624055 3441476 10590248 2161855040 845673534 152 7524722 848302377
======================
   8      16 sdb 19713 0 157614 2625769 3443714 10590323 2163249608 846248325 157 7529727 848876921
======================
   8      16 sdb 19719 0 157662 2627043 3445981 10590367 2164669456 846886467 154 7534729 849498519
======================
   8      16 sdb 19724 0 157702 2628342 3448016 10590433 2165941640 847481006 15 7539733 850093375
======================
   8      16 sdb 19729 0 157742 2629355 3450289 10590467 2167365112 848113994 18 7544737 850728079
======================
   8      16 sdb 19735 0 157790 2630834 3452452 10590524 2168715632 848677852 3 7549738 851288617
======================
   8      16 sdb 19741 0 157838 2632289 3454634 10590562 2170083184 849254130 95 7554742 851886172
======================
   8      16 sdb 19746 0 157878 2633857 3456918 10590628 2171507864 849812492 111 7559745 852448068
======================
   8      16 sdb 19751 0 157918 2634878 3459026 10590667 2172827408 850431633 116 7564746 853068101
======================
   8      16 sdb 19758 0 157974 2636797 3461302 10590752 2174243632 850960929 119 7569749 853597272
======================
   8      16 sdb 19763 0 158014 2638645 3463545 10590753 2175649320 851495484 109 7574752 854134619
======================
   8      16 sdb 19768 0 158054 2640170 3465654 10590845 2176957432 852060108 149 7579755 854699669
======================
   8      16 sdb 19775 0 158110 2641681 3467867 10590879 2178345128 852656025 143 7584775 855293099
======================
   8      16 sdb 19779 0 158142 2642453 3469958 10590937 2179654176 853292199 26 7589778 855923559
======================
   8      16 sdb 19785 0 158190 2643805 3472161 10590975 2181029856 853861584 140 7594782 856511176
======================
   8      16 sdb 19791 0 158238 2645250 3474382 10591012 2182419088 854445621 143 7599793 857092130
======================
   8      16 sdb 19796 0 158278 2646431 3476433 10591089 2183695680 855066480 130 7604795 857714236
======================
   8      16 sdb 19801 0 158318 2647690 3478663 10591149 2185087448 855681871 142 7609797 858332245
======================
   8      16 sdb 19807 0 158366 2649363 3480784 10591219 2186409312 856246985 157 7614814 858908031
======================
   8      16 sdb 19812 0 158406 2650667 3482928 10591286 2187750416 856872821 34 7619816 859513360
======================
   8      16 sdb 19818 0 158454 2652332 3485039 10591321 2189071304 857406729 1 7624817 860038383
======================
   8      16 sdb 19823 0 158494 2653762 3487172 10591366 2190401472 858008075 36 7629820 860650451
======================
   8      16 sdb 19829 0 158542 2655434 3489393 10591436 2191789936 858571813 131 7634824 861228867
======================
   8      16 sdb 19835 0 158590 2657026 3491590 10591508 2193163632 859140926 103 7639825 861798745
======================
   8      16 sdb 19840 0 158630 2657955 3493646 10591545 2194450120 859744277 158 7644828 862405171
======================
   8      16 sdb 19845 0 158670 2659294 3495877 10591579 2195848336 860336053 141 7649830 862998234
======================
   8      16 sdb 19852 0 158726 2660775 3498004 10591649 2197171720 860932290 154 7654834 863587257
======================
   8      16 sdb 19857 0 158766 2662023 3500159 10591683 2198521352 861532779 141 7659838 864193098
======================
   8      16 sdb 19862 0 158806 2663561 3502387 10591742 2199913976 862088444 141 7664841 864756199
======================
   8      16 sdb 19868 0 158854 2665536 3504414 10591778 2201183160 862600958 150 7669844 865251521
======================
   8      16 sdb 19873 0 158894 2666766 3506602 10591838 2202546832 863183516 138 7674849 865846817
======================
   8      16 sdb 19878 0 158934 2668134 3508655 10591877 2203832040 863809048 151 7679852 866470273
======================
   8      16 sdb 19884 0 158982 2670128 3510833 10591943 2205183640 864328189 146 7684855 867000637
======================
   8      16 sdb 19889 0 159022 2671227 3513024 10591986 2206551640 864957590 142 7689857 867632564
======================
   8      16 sdb 19894 0 159062 2672630 3515073 10592046 2207831088 865538874 159 7694860 868213381
======================
   8      16 sdb 19900 0 159110 2674207 3517300 10592087 2209222384 866095980 132 7699862 868773451
======================
   8      16 sdb 19906 0 159158 2675538 3519510 10592162 2210595496 866705718 149 7704865 869380439
======================
   8      16 sdb 19910 0 159190 2676749 3521516 10592209 2211849464 867303212 119 7709868 869981714
======================
   8      16 sdb 19916 0 159238 2678438 3523625 10592271 2213166688 867847170 117 7714870 870528820
======================
   8      16 sdb 19921 0 159278 2680375 3525686 10592323 2214455728 868372544 126 7719872 871061676
======================
   8      16 sdb 19926 0 159318 2682015 3527764 10592393 2215746560 868940357 138 7724874 871626367
======================
   8      16 sdb 19932 0 159366 2683769 3529901 10592436 2217083368 869495060 125 7729876 872182217
======================
   8      16 sdb 19937 0 159406 2685296 3531871 10592518 2218313088 870053557 158 7734877 872736366
======================
   8      16 sdb 19942 0 159446 2687087 3534005 10592550 2219650560 870626260 145 7739879 873315649
======================
   8      16 sdb 19948 0 159494 2688696 3536036 10592585 2220922216 871204380 128 7744882 873905813
======================
   8      16 sdb 19953 0 159534 2690112 3538167 10592666 2222247528 871807609 153 7749884 874494787
======================
   8      16 sdb 19958 0 159574 2691672 3540359 10592701 2223622208 872378068 147 7754887 875067720
