======================
   8      16 sdb 26638 0 212804 5863932 17516994 22425887 5909445704 4220320118 0 32925028 4226131441
======================
   8      16 sdb 26731 0 213548 5866249 17519110 22425887 5910779208 4220763963 154 32929689 4226589687
======================
   8      16 sdb 26737 0 213596 5867645 17521521 22425913 5912291952 4221360742 150 32934692 4227195676
======================
   8      16 sdb 26744 0 213652 5869963 17523960 22425927 5913827064 4221880081 156 32939693 4227706287
======================
   8      16 sdb 26749 0 213692 5871513 17526367 22425939 5915341560 4222430259 84 32944695 4228266103
======================
   8      16 sdb 26755 0 213740 5873253 17528773 22425954 5916855816 4222972438 125 32949697 4228815048
======================
   8      16 sdb 26762 0 213796 5875155 17531179 22425969 5918370328 4223527610 152 32954698 4229370247
======================
   8      16 sdb 26768 0 213844 5876674 17533589 22425983 5919886504 4224111732 151 32959700 4229957885
======================
   8      16 sdb 26774 0 213892 5878455 17535953 22425998 5921374392 4224657229 1 32964701 4230483400
======================
   8      16 sdb 26780 0 213940 5880265 17538373 22426012 5922897224 4225235384 81 32969703 4231080335
======================
   8      16 sdb 26786 0 213988 5881897 17540801 22426027 5924425304 4225819938 132 32974708 4231671798
======================
   8      16 sdb 26793 0 214044 5884151 17543223 22426042 5925949800 4226333932 145 32979710 4232185700
======================
   8      16 sdb 26799 0 214092 5885919 17545644 22426057 5927472392 4226906621 158 32984712 4232759947
======================
   8      16 sdb 26804 0 214132 5887259 17548035 22426072 5928977304 4227500869 1 32989713 4233335815
======================
   8      16 sdb 26811 0 214188 5889461 17550463 22426086 5930505000 4228040825 47 32994715 4233889765
======================
   8      16 sdb 26817 0 214236 5890918 17552892 22426101 5932033976 4228631755 117 32999716 4234491646
======================
   8      16 sdb 26824 0 214292 5892976 17555273 22426116 5933532488 4229169337 152 33004718 4235030094
======================
   8      16 sdb 26830 0 214340 5894362 17557698 22426130 5935058264 4229782022 134 33009721 4235646133
======================
   8      16 sdb 26836 0 214388 5896372 17560115 22426145 5936579688 4230342021 153 33014723 4236197424
======================
   8      16 sdb 26842 0 214436 5897993 17562513 22426159 5938088312 4230890139 78 33019726 4236753034
======================
   8      16 sdb 26848 0 214484 5900043 17564943 22426174 5939617928 4231437191 147 33024727 4237306928
======================
   8      16 sdb 26855 0 214540 5902275 17567328 22426189 5941119000 4231950930 146 33029729 4237819370
======================
   8      16 sdb 26861 0 214588 5904010 17569763 22426204 5942650552 4232518788 154 33034730 4238383983
======================
   8      16 sdb 26867 0 214636 5905709 17572195 22426219 5944181448 4233096964 140 33039730 4238971454
======================
   8      16 sdb 26873 0 214684 5907628 17574547 22426233 5945661016 4233636121 100 33044733 4239511285
======================
   8      16 sdb 26879 0 214732 5909320 17576944 22426248 5947169768 4234212499 140 33049736 4240092201
======================
   8      16 sdb 26885 0 214780 5911454 17579228 22426263 5948607224 4234761446 1 33054739 4240620020
======================
   8      16 sdb 26892 0 214836 5913488 17581683 22426277 5950151944 4235302087 136 33059740 4241179236
======================
   8      16 sdb 26897 0 214876 5914880 17584082 22426292 5951661976 4235902412 141 33064742 4241787093
======================
   8      16 sdb 26904 0 214932 5916884 17586422 22426302 5953135352 4236429144 158 33069743 4242313132
======================
   8      16 sdb 26909 0 214972 5918199 17588809 22426315 5954637056 4237037002 1 33074747 4242902287
======================
   8      16 sdb 26915 0 215020 5919819 17591219 22426329 5956154120 4237601409 90 33079750 4243470743
======================
   8      16 sdb 26922 0 215076 5921782 17593568 22426345 5957633848 4238119271 30 33084752 4243996505
======================
   8      16 sdb 26928 0 215124 5923557 17595958 22426359 5959136856 4238683787 63 33089753 4244568190
======================
   8      16 sdb 26934 0 215172 5925361 17598311 22426373 5960617704 4239222388 80 33094754 4245110030
======================
   8      16 sdb 26940 0 215220 5927082 17600708 22426386 5962125808 4239805718 104 33099755 4245699926
======================
   8      16 sdb 26946 0 215268 5928662 17603101 22426400 5963632240 4240375613 132 33104757 4246271905
======================
   8      16 sdb 26952 0 215316 5930323 17605461 22426405 5965117568 4240908475 11 33109760 4246789120
======================
   8      16 sdb 26958 0 215364 5932049 17607854 22426419 5966623120 4241493468 118 33114763 4247392849
======================
   8      16 sdb 26964 0 215412 5934048 17610229 22426434 5968118048 4242055679 145 33119766 4247957898
======================
   8      16 sdb 26971 0 215468 5936591 17612585 22426449 5969600816 4242554523 148 33124767 4248441431
======================
   8      16 sdb 26976 0 215508 5938093 17614951 22426464 5971089984 4243116831 76 33129770 4249017641
======================
   8      16 sdb 26983 0 215564 5939930 17617289 22426479 5972561744 4243687052 148 33134772 4249597755
======================
   8      16 sdb 26988 0 215604 5941540 17619610 22426493 5974021096 4244270092 1 33139776 4250158862
======================
   8      16 sdb 26995 0 215660 5943676 17622024 22426506 5975540712 4244800260 130 33144779 4250710363
======================
   8      16 sdb 27001 0 215708 5945534 17624334 22426521 5976994552 4245324620 134 33149782 4251238136
======================
   8      16 sdb 27006 0 215748 5946837 17626692 22426534 5978477952 4245927306 1 33154785 4251821300
======================
   8      16 sdb 27012 0 215796 5948566 17629047 22426547 5979960320 4246505716 145 33159787 4252421822
======================
   8      16 sdb 27019 0 215852 5950964 17631384 22426561 5981430544 4247006842 129 33164789 4252918877
======================
   8      16 sdb 27025 0 215900 5952648 17633728 22426576 5982905888 4247587381 138 33169792 4253501717
======================
   8      16 sdb 27031 0 215948 5954500 17636063 22426591 5984375728 4248113506 128 33174795 4254035364
======================
   8      16 sdb 27036 0 215988 5955565 17638357 22426603 5985818672 4248721445 1 33179797 4254624191
======================
   8      16 sdb 27042 0 216036 5957478 17640774 22426618 5987340224 4249276556 83 33184798 4255199066
======================
   8      16 sdb 27049 0 216092 5959820 17643114 22426634 5988812384 4249780703 148 33189799 4255707967
======================
   8      16 sdb 27055 0 216140 5961013 17645419 22426649 5990263024 4250410482 133 33194802 4256329497
======================
   8      16 sdb 27060 0 216180 5962740 17647730 22426664 5991717504 4250975257 156 33199805 4256908047
======================
   8      16 sdb 27066 0 216228 5964954 17650016 22426676 5993155840 4251450207 7 33204806 4257363921
======================
   8      16 sdb 27072 0 216276 5966419 17652305 22426691 5994596496 4252038519 143 33209809 4257975049
======================
   8      16 sdb 27079 0 216332 5968612 17654598 22426706 5996039712 4252560952 138 33214812 4258497163
======================
   8      16 sdb 27084 0 216372 5970067 17656888 22426718 5997480352 4253140402 154 33219813 4259079254
======================
   8      16 sdb 27089 0 216412 5971597 17659136 22426734 5998894400 4253698202 1 33224814 4259616950
======================
   8      16 sdb 27096 0 216468 5973652 17661467 22426748 6000361040 4254263529 143 33229815 4260204784
======================
   8      16 sdb 27102 0 216516 5975279 17663781 22426761 6001817424 4254840465 133 33234818 4260783017
======================
   8      16 sdb 27107 0 216556 5976487 17666106 22426776 6003280864 4255445037 113 33239821 4261390956
======================
   8      16 sdb 27114 0 216612 5978593 17668349 22426789 6004691312 4255980984 128 33244824 4261914825
======================
   8      16 sdb 27119 0 216652 5979980 17670673 22426804 6006153856 4256579050 130 33249826 4262529343
======================
   8      16 sdb 27125 0 216700 5982266 17672885 22426819 6007546000 4257098695 1 33254828 4263027632
======================
   8      16 sdb 27131 0 216748 5983776 17675247 22426831 6009032208 4257651337 139 33259830 4263605593
======================
   8      16 sdb 27137 0 216796 5985345 17677568 22426846 6010493088 4258244565 135 33264833 4264199623
======================
   8      16 sdb 27143 0 216844 5987066 17679822 22426859 6011912184 4258773080 146 33269837 4264730609
======================
   8      16 sdb 27149 0 216892 5988508 17682105 22426874 6013348400 4259379758 136 33274840 4265339176
======================
   8      16 sdb 27154 0 216932 5990212 17684398 22426887 6014791600 4259916526 132 33279841 4265875797
======================
   8      16 sdb 27161 0 216988 5992296 17686649 22426901 6016207808 4260466870 157 33284844 4266415763
======================
   8      16 sdb 27166 0 217028 5993617 17688942 22426914 6017651608 4261034009 139 33289846 4266998196
======================
   8      16 sdb 27172 0 217076 5995158 17691226 22426929 6019089056 4261622285 146 33294848 4267575540
======================
   8      16 sdb 27178 0 217124 5997417 17693488 22426939 6020512688 4262111008 143 33299850 4268078943
======================
   8      16 sdb 27184 0 217172 5999304 17695782 22426956 6021955264 4262679605 141 33304850 4268635297
======================
   8      16 sdb 27189 0 217212 6001036 17697881 22426965 6023276096 4263207312 1 33309852 4269154971
======================
   8      16 sdb 27195 0 217260 6002824 17700202 22426983 6024736968 4263764444 154 33314853 4269737628
======================
   8      16 sdb 27200 0 217300 6004009 17702430 22426992 6026138704 4264401119 35 33319857 4270354915
======================
   8      16 sdb 27207 0 217356 6005906 17704627 22427006 6027521240 4264949120 140 33324859 4270915827
======================
   8      16 sdb 27212 0 217396 6007267 17706852 22427019 6028922248 4265561908 38 33329862 4271526318
======================
   8      16 sdb 27217 0 217436 6008964 17709069 22427032 6030317576 4266127874 34 33334864 4272092341
======================
   8      16 sdb 27224 0 217492 6010853 17711287 22427046 6031712360 4266654126 146 33339867 4272624688
======================
   8      16 sdb 27229 0 217532 6012224 17713516 22427059 6033115672 4267274392 92 33344869 4273251758
======================
   8      16 sdb 27234 0 217572 6013568 17715738 22427063 6034514200 4267869674 57 33349872 4273843437
started
======================
   8      16 sdb 27292 0 218030 6014985 17716979 22427088 6035286872 4268154446 0 33352689 4274115811
======================
   8      16 sdb 27330 0 218334 6015272 17722850 22427088 6035334472 4268771648 136 33357068 4274743650
======================
   8      16 sdb 27330 0 218334 6015272 17727488 22427088 6035372080 4269487864 139 33362071 4275461825
======================
   8      16 sdb 27330 0 218334 6015272 17732087 22427088 6035409320 4270204335 148 33367074 4276178608
======================
   8      16 sdb 27330 0 218334 6015272 17736664 22427090 6035446400 4270922758 149 33372077 4276895276
======================
   8      16 sdb 27330 0 218334 6015272 17741168 22427091 6035482960 4271641888 159 33377079 4277613760
======================
   8      16 sdb 27330 0 218334 6015272 17745796 22427092 6035520488 4272360001 141 33382083 4278332882
======================
   8      16 sdb 27330 0 218334 6015272 17750401 22427093 6035557864 4273077820 146 33387087 4279051713
======================
   8      16 sdb 27330 0 218334 6015272 17754966 22427093 6035594960 4273796957 157 33392090 4279769813
======================
   8      16 sdb 27330 0 218334 6015272 17759606 22427094 6035632672 4274515119 159 33397093 4280487713
======================
   8      16 sdb 27330 0 218334 6015272 17764160 22427095 6035669656 4275233403 151 33402096 4281206280
======================
   8      16 sdb 27330 0 218334 6015272 17768709 22427096 6035706568 4275951120 148 33407100 4281924938
======================
   8      16 sdb 27330 0 218334 6015272 17773080 22427097 6035742112 4276669309 131 33412103 4282643664
======================
   8      16 sdb 27330 0 218334 6015272 17777661 22427098 6035779384 4277390311 128 33417105 4283361662
======================
   8      16 sdb 27330 0 218334 6015272 17782188 22427099 6035816136 4278104785 147 33422108 4284079908
======================
   8      16 sdb 27330 0 218334 6015272 17786669 22427100 6035852416 4278822902 148 33427111 4284797312
======================
   8      16 sdb 27330 0 218334 6015272 17791289 22427101 6035889952 4279544116 138 33432114 4285515819
======================
   8      16 sdb 27330 0 218334 6015272 17795953 22427102 6035927904 4280262535 148 33437117 4286233769
======================
   8      16 sdb 27330 0 218334 6015272 17800471 22427102 6035964704 4280976387 142 33442120 4286951283
======================
   8      16 sdb 27330 0 218334 6015272 17804936 22427103 6036001000 4281697670 159 33447123 4287670518
======================
   8      16 sdb 27330 0 218334 6015272 17809575 22427104 6036038720 4282414541 130 33452126 4288388665
======================
   8      16 sdb 27330 0 218334 6015272 17814152 22427105 6036075976 4283134795 131 33457129 4289106582
======================
   8      16 sdb 27330 0 218334 6015272 17818658 22427106 6036112640 4283853865 139 33462132 4289825612
======================
   8      16 sdb 27330 0 218334 6015272 17823257 22427107 6036150056 4284571729 150 33467135 4290543831
======================
   8      16 sdb 27330 0 218334 6015272 17827870 22427108 6036187688 4285292258 147 33472138 4291263744
======================
   8      16 sdb 27330 0 218334 6015272 17832486 22427109 6036225360 4286008761 141 33477141 4291982064
======================
   8      16 sdb 27330 0 218334 6015272 17837023 22427110 6036262456 4286728039 150 33482143 4292699865
======================
   8      16 sdb 27330 0 218334 6015272 17841623 22427111 6036300016 4287442875 128 33487146 4293417240
======================
   8      16 sdb 27330 0 218334 6015272 17846009 22427112 6036335744 4288163095 159 33492150 4294135371
======================
   8      16 sdb 27330 0 218334 6015272 17850613 22427112 6036373304 4288880681 132 33497152 4294852951
======================
   8      16 sdb 27330 0 218334 6015272 17855320 22427113 6036411728 4289598310 131 33502155 602846
======================
   8      16 sdb 27330 0 218334 6015272 17859856 22427114 6036448792 4290313533 141 33507158 1320384
======================
   8      16 sdb 27330 0 218334 6015272 17864554 22427115 6036487088 4291034219 149 33512161 2039211
======================
   8      16 sdb 27330 0 218334 6015272 17869184 22427116 6036524872 4291752826 129 33517164 2757743
======================
   8      16 sdb 27330 0 218334 6015272 17873778 22427117 6036562336 4292470109 145 33522167 3475231
======================
   8      16 sdb 27330 0 218334 6015272 17878368 22427118 6036599824 4293187106 133 33527171 4193746
======================
   8      16 sdb 27330 0 218334 6015272 17882951 22427119 6036637168 4293904427 128 33532174 4911277
======================
   8      16 sdb 27330 0 218334 6015272 17887565 22427120 6036674848 4294625140 156 33537177 5629383
======================
   8      16 sdb 27330 0 218334 6015272 17892060 22427121 6036711592 373648 143 33542181 6347327
======================
   8      16 sdb 27330 0 218334 6015272 17896694 22427122 6036749600 1091765 151 33547185 7065325
======================
   8      16 sdb 27330 0 218334 6015272 17901334 22427123 6036787624 1809421 153 33552188 7782666
======================
   8      16 sdb 27330 0 218334 6015272 17905903 22427123 6036824936 2527753 128 33557191 8499251
======================
   8      16 sdb 27330 0 218334 6015272 17910465 22427124 6036862256 3245999 144 33562194 9218846
======================
   8      16 sdb 27330 0 218334 6015272 17914929 22427125 6036899056 3964507 130 33567197 9936190
======================
   8      16 sdb 27330 0 218334 6015272 17919537 22427126 6036936744 4682772 132 33572200 10655014
======================
   8      16 sdb 27330 0 218334 6015272 17924116 22427127 6036974136 5400353 131 33577203 11372325
======================
   8      16 sdb 27330 0 218334 6015272 17928708 22427128 6037011936 6118141 149 33582206 12089829
======================
   8      16 sdb 27330 0 218334 6015272 17933316 22427129 6037049616 6831729 151 33587209 12808048
======================
   8      16 sdb 27330 0 218334 6015272 17938050 22427130 6037088288 7553440 155 33592212 13525768
======================
   8      16 sdb 27330 0 218334 6015272 17942600 22427131 6037125528 8269484 151 33597215 14244289
======================
   8      16 sdb 27330 0 218334 6015272 17947300 22427132 6037164112 8992245 157 33602219 14964640
======================
   8      16 sdb 27330 0 218334 6015272 17951945 22427133 6037202216 9710710 154 33607222 15682912
======================
   8      16 sdb 27330 0 218334 6015272 17956636 22427134 6037240784 10429405 137 33612225 16401852
======================
   8      16 sdb 27330 0 218334 6015272 17961320 22427135 6037279232 11147538 158 33617228 17119525
======================
   8      16 sdb 27330 0 218334 6015272 17966121 22427136 6037318600 11866185 159 33622232 17837810
======================
   8      16 sdb 27330 0 218334 6015272 17970714 22427136 6037356280 12581475 143 33627235 18556306
======================
   8      16 sdb 27330 0 218334 6015272 17975439 22427137 6037395176 13304523 156 33632238 19275074
======================
   8      16 sdb 27330 0 218334 6015272 17980177 22427138 6037434104 14019937 156 33637240 19994007
======================
   8      16 sdb 27330 0 218334 6015272 17984763 22427139 6037471864 14740151 148 33642244 20712788
======================
   8      16 sdb 27330 0 218334 6015272 17989469 22427140 6037510616 15454203 148 33647247 21430539
======================
   8      16 sdb 27330 0 218334 6015272 17994268 22427141 6037550184 16176024 151 33652249 22148593
======================
   8      16 sdb 27330 0 218334 6015272 17998922 22427142 6037588408 16890498 139 33657253 22865661
======================
   8      16 sdb 27330 0 218334 6015272 18003730 22427143 6037628088 17611520 133 33662256 23583208
======================
   8      16 sdb 27330 0 218334 6015272 18008403 22427144 6037666488 18329175 134 33667259 24301018
======================
   8      16 sdb 27330 0 218334 6015272 18013046 22427145 6037704280 19048170 133 33672261 25020074
======================
   8      16 sdb 27330 0 218334 6015272 18017833 22427146 6037743208 19765565 148 33677264 25737252
======================
   8      16 sdb 27330 0 218334 6015272 18022643 22427147 6037782296 20485500 140 33682267 26456424
======================
   8      16 sdb 27330 0 218334 6015272 18027484 22427148 6037821784 21202696 133 33687271 27174027
======================
   8      16 sdb 27330 0 218334 6015272 18032313 22427149 6037861160 21918889 138 33692274 27891167
======================
   8      16 sdb 27330 0 218334 6015272 18037163 22427150 6037900696 22635372 154 33697276 28608924
======================
   8      16 sdb 27330 0 218334 6015272 18041974 22427151 6037939800 23354224 145 33702279 29326707
======================
   8      16 sdb 27330 0 218334 6015272 18046808 22427152 6037979200 24071219 145 33707283 30044189
======================
   8      16 sdb 27330 0 218334 6015272 18051739 22427153 6038019504 24791309 144 33712286 30762975
======================
   8      16 sdb 27330 0 218334 6015272 18056570 22427154 6038058872 25508216 147 33717288 31481010
======================
   8      16 sdb 27330 0 218334 6015272 18061391 22427155 6038098216 26228277 159 33722292 32199721
======================
   8      16 sdb 27330 0 218334 6015272 18066219 22427155 6038137584 26945256 132 33727296 32917833
======================
   8      16 sdb 27330 0 218334 6015272 18070982 22427156 6038176536 27664274 139 33732299 33635744
======================
   8      16 sdb 27330 0 218334 6015272 18075666 22427157 6038214864 28381319 129 33737303 34352201
======================
   8      16 sdb 27330 0 218334 6015272 18080361 22427158 6038253096 29097900 140 33742306 35070196
======================
   8      16 sdb 27330 0 218334 6015272 18085088 22427159 6038291720 29816421 151 33747309 35788557
======================
   8      16 sdb 27330 0 218334 6015272 18089748 22427160 6038329800 30536124 133 33752312 36507211
======================
   8      16 sdb 27330 0 218334 6015272 18094470 22427161 6038368352 31251798 149 33757315 37226030
======================
   8      16 sdb 27330 0 218334 6015272 18099149 22427162 6038406448 31967380 144 33762317 37943482
======================
   8      16 sdb 27330 0 218334 6015272 18103828 22427163 6038444776 32689100 139 33767320 38661035
======================
   8      16 sdb 27330 0 218334 6015272 18108610 22427164 6038483792 33406549 159 33772323 39378337
======================
   8      16 sdb 27330 0 218334 6015272 18113341 22427165 6038522408 34124281 134 33777326 40096963
======================
   8      16 sdb 27330 0 218334 6015272 18118101 22427166 6038561392 34844957 144 33782329 40815831
======================
   8      16 sdb 27330 0 218334 6015272 18122804 22427167 6038599808 35561137 147 33787332 41533318
======================
   8      16 sdb 27330 0 218334 6015272 18127393 22427168 6038637272 36278722 136 33792335 42251999
======================
   8      16 sdb 27330 0 218334 6015272 18132194 22427169 6038676424 36997301 137 33797338 42970500
======================
   8      16 sdb 27330 0 218334 6015272 18136908 22427170 6038714888 37716489 129 33802341 43688502
======================
   8      16 sdb 27330 0 218334 6015272 18141605 22427171 6038753128 38432945 137 33807345 44405900
======================
   8      16 sdb 27330 0 218334 6015272 18146337 22427171 6038791752 39148454 142 33812348 45123627
======================
   8      16 sdb 27330 0 218334 6015272 18151243 22427172 6038831856 39870315 134 33817351 45841196
======================
   8      16 sdb 27330 0 218334 6015272 18155960 22427173 6038870368 40588225 155 33822354 46558395
======================
   8      16 sdb 27330 0 218334 6015272 18160762 22427174 6038909568 41304938 155 33827356 47276183
======================
   8      16 sdb 27330 0 218334 6015272 18165511 22427175 6038948424 42022171 144 33832359 47994101
======================
   8      16 sdb 27330 0 218334 6015272 18170072 22427176 6038985704 42738351 129 33837362 48711829
======================
   8      16 sdb 27330 0 218334 6015272 18174687 22427177 6039023384 43458162 156 33842366 49429836
======================
   8      16 sdb 27330 0 218334 6015272 18179344 22427178 6039061304 44175050 141 33847369 50149173
======================
   8      16 sdb 27330 0 218334 6015272 18183959 22427179 6039099136 44894543 136 33852373 50866535
======================
   8      16 sdb 27330 0 218334 6015272 18188677 22427180 6039137768 45612745 156 33857376 51585046
======================
   8      16 sdb 27330 0 218334 6015272 18193278 22427181 6039175440 46326309 133 33862379 52303788
======================
   8      16 sdb 27330 0 218334 6015272 18197947 22427182 6039213656 47050374 138 33867382 53021267
======================
   8      16 sdb 27330 0 218334 6015272 18202510 22427183 6039250976 47766715 153 33872386 53739373
======================
   8      16 sdb 27330 0 218334 6015272 18207148 22427184 6039288952 48482952 157 33877390 54456652
======================
   8      16 sdb 27330 0 218334 6015272 18211834 22427185 6039327328 49202793 144 33882393 55173909
======================
   8      16 sdb 27330 0 218334 6015272 18216485 22427185 6039365264 49921000 134 33887396 55892426
======================
   8      16 sdb 27330 0 218334 6015272 18221303 22427186 6039404544 50640010 150 33892399 56611200
======================
   8      16 sdb 27330 0 218334 6015272 18225797 22427187 6039441224 51356312 138 33897402 57330147
======================
   8      16 sdb 27330 0 218334 6015272 18230448 22427188 6039479336 52072823 129 33902405 58047841
======================
   8      16 sdb 27330 0 218334 6015272 18235185 22427189 6039518088 52796775 130 33907408 58766512
======================
   8      16 sdb 27330 0 218334 6015272 18239840 22427190 6039556256 53513096 149 33912410 59484003
======================
   8      16 sdb 27330 0 218334 6015272 18244458 22427191 6039594072 54228467 141 33917414 60201466
======================
   8      16 sdb 27330 0 218334 6015272 18249041 22427192 6039631416 54948166 136 33922418 60919709
======================
   8      16 sdb 27330 0 218334 6015272 18253749 22427193 6039669784 55666329 134 33927421 61638057
======================
   8      16 sdb 27330 0 218334 6015272 18258406 22427194 6039707984 56384740 151 33932424 62356277
======================
   8      16 sdb 27330 0 218334 6015272 18262870 22427195 6039744680 57104338 137 33937427 63074645
======================
   8      16 sdb 27330 0 218334 6015272 18267480 22427196 6039782384 57821518 137 33942430 63793238
======================
   8      16 sdb 27330 0 218334 6015272 18272058 22427197 6039819848 58534641 136 33947433 64510475
======================
   8      16 sdb 27330 0 218334 6015272 18276613 22427197 6039857144 59255124 158 33952436 65227478
======================
   8      16 sdb 27330 0 218334 6015272 18281365 22427198 6039896144 59973089 144 33957439 65945544
======================
   8      16 sdb 27330 0 218334 6015272 18285980 22427199 6039933832 60692983 139 33962442 66664006
======================
   8      16 sdb 27330 0 218334 6015272 18290449 22427200 6039970400 61403995 152 33967445 67380479
======================
   8      16 sdb 27330 0 218334 6015272 18294988 22427201 6040007440 62124401 159 33972448 68099316
======================
   8      16 sdb 27330 0 218334 6015272 18299572 22427202 6040044848 62845421 153 33977451 68817642
======================
   8      16 sdb 27330 0 218334 6015272 18304314 22427203 6040083608 63562151 149 33982454 69534821
======================
   8      16 sdb 27330 0 218334 6015272 18308967 22427204 6040121480 64281084 138 33987457 70252245
======================
   8      16 sdb 27330 0 218334 6015272 18313486 22427205 6040158376 64998469 133 33992460 70969883
======================
   8      16 sdb 27330 0 218334 6015272 18318023 22427206 6040195496 65717452 142 33997463 71689312
======================
   8      16 sdb 27330 0 218334 6015272 18322796 22427207 6040234552 66436568 139 34002466 72407972
======================
   8      16 sdb 27330 0 218334 6015272 18327782 22427208 6040275336 67154225 147 34007468 73125348
======================
   8      16 sdb 27330 0 218334 6015272 18332549 22427209 6040314240 67871227 150 34012471 73843537
======================
   8      16 sdb 27330 0 218334 6015272 18337470 22427210 6040354568 68590590 159 34017474 74561208
======================
   8      16 sdb 27330 0 218334 6015272 18342370 22427211 6040394584 69307854 157 34022477 75280357
======================
   8      16 sdb 27330 0 218334 6015272 18347190 22427212 6040433968 70026040 138 34027480 75997071
======================
   8      16 sdb 27330 0 218334 6015272 18352165 22427213 6040474416 70743833 157 34032483 76714117
======================
   8      16 sdb 27330 0 218334 6015272 18357150 22427213 6040515072 71461257 133 34037486 77432503
======================
   8      16 sdb 27330 0 218334 6015272 18362040 22427214 6040554928 72179344 141 34042488 78150941
======================
   8      16 sdb 27330 0 218334 6015272 18366931 22427215 6040594816 72896875 148 34047491 78869037
======================
   8      16 sdb 27330 0 218334 6015272 18371837 22427216 6040635008 73615496 140 34052494 79586700
======================
   8      16 sdb 27330 0 218334 6015272 18376638 22427217 6040674184 74331809 141 34057497 80304287
======================
   8      16 sdb 27330 0 218334 6015272 18381510 22427218 6040714056 75050914 135 34062499 81021846
======================
   8      16 sdb 27330 0 218334 6015272 18386228 22427219 6040752520 75768391 155 34067502 81740221
======================
   8      16 sdb 27330 0 218334 6015272 18390935 22427220 6040790912 76485609 154 34072505 82457820
======================
   8      16 sdb 27330 0 218334 6015272 18395791 22427221 6040830640 77206933 132 34077508 83176941
======================
   8      16 sdb 27330 0 218334 6015272 18400502 22427222 6040869104 77922325 159 34082511 83895145
======================
   8      16 sdb 27330 0 218334 6015272 18405259 22427223 6040907904 78638602 140 34087514 84612941
======================
   8      16 sdb 27330 0 218334 6015272 18409953 22427224 6040946224 79355844 152 34092517 85331656
======================
   8      16 sdb 27330 0 218334 6015272 18414689 22427225 6040984872 80077489 154 34097520 86049741
======================
   8      16 sdb 27330 0 218334 6015272 18419443 22427226 6041023720 80795539 138 34102523 86768102
======================
   8      16 sdb 27330 0 218334 6015272 18424214 22427227 6041062744 81512624 137 34107526 87485954
======================
   8      16 sdb 27330 0 218334 6015272 18428921 22427228 6041101232 82232726 136 34112529 88204585
======================
   8      16 sdb 27330 0 218334 6015272 18433510 22427229 6041138816 82951787 157 34117532 88922481
======================
   8      16 sdb 27330 0 218334 6015272 18438214 22427230 6041177480 83669462 159 34122535 89639727
======================
   8      16 sdb 27330 0 218334 6015272 18442960 22427231 6041216160 84387395 151 34127538 90357906
======================
   8      16 sdb 27330 0 218334 6015272 18447655 22427232 6041254712 85103584 129 34132542 91075624
======================
   8      16 sdb 27330 0 218334 6015272 18452461 22427233 6041293864 85820316 157 34137545 91793544
======================
   8      16 sdb 27330 0 218334 6015272 18457348 22427233 6041333744 86540229 135 34142552 92511811
======================
   8      16 sdb 27330 0 218334 6015272 18462089 22427234 6041372488 87254818 132 34147555 93229706
======================
   8      16 sdb 27330 0 218334 6015272 18466917 22427235 6041411960 87974242 138 34152557 93946427
======================
   8      16 sdb 27330 0 218334 6015272 18471530 22427236 6041449632 88688492 135 34157561 94663765
======================
   8      16 sdb 27330 0 218334 6015272 18476195 22427237 6041487856 89410881 144 34162565 95383081
======================
   8      16 sdb 27330 0 218334 6015272 18480994 22427238 6041527080 90130116 147 34167568 96101212
======================
   8      16 sdb 27330 0 218334 6015272 18485712 22427239 6041565808 90846160 135 34172570 96818681
======================
   8      16 sdb 27330 0 218334 6015272 18490409 22427240 6041604312 91565737 144 34177573 97537678
======================
   8      16 sdb 27330 0 218334 6015272 18495070 22427241 6041642384 92283101 157 34182576 98254927
======================
   8      16 sdb 27330 0 218334 6015272 18499666 22427242 6041679888 93004998 139 34187599 98974875
======================
   8      16 sdb 27330 0 218334 6015272 18504213 22427243 6041717016 93723284 138 34192602 99693070
======================
   8      16 sdb 27330 0 218334 6015272 18508917 22427244 6041755392 94438590 140 34197606 100410293
======================
   8      16 sdb 27330 0 218334 6015272 18513601 22427245 6041793760 95156920 130 34202609 101128669
======================
   8      16 sdb 27330 0 218334 6015272 18518258 22427246 6041831864 95875488 147 34207612 101847345
======================
   8      16 sdb 27330 0 218334 6015272 18522775 22427247 6041868688 96593616 143 34212614 102565805
======================
   8      16 sdb 27330 0 218334 6015272 18527477 22427247 6041907184 97311920 146 34217618 103283866
======================
   8      16 sdb 27330 0 218334 6015272 18532149 22427248 6041945352 98032526 148 34222620 104003488
======================
   8      16 sdb 27330 0 218334 6015272 18536829 22427249 6041983712 98750394 142 34227623 104721424
======================
   8      16 sdb 27330 0 218334 6015272 18541455 22427250 6042021504 99468962 158 34232627 105440057
======================
   8      16 sdb 27330 0 218334 6015272 18546027 22427251 6042058800 100187059 132 34237631 106159050
======================
   8      16 sdb 27330 0 218334 6015272 18550653 22427252 6042096448 100903624 148 34242634 106874573
======================
   8      16 sdb 27330 0 218334 6015272 18555236 22427253 6042133744 101618993 143 34247637 107592293
======================
   8      16 sdb 27330 0 218334 6015272 18559883 22427254 6042171704 102336224 138 34252640 108309116
======================
   8      16 sdb 27330 0 218334 6015272 18564540 22427255 6042209584 103053906 155 34257643 109026254
======================
   8      16 sdb 27330 0 218334 6015272 18569134 22427256 6042247056 103771281 139 34262646 109743835
======================
   8      16 sdb 27330 0 218334 6015272 18573634 22427257 6042283832 104489094 153 34267649 110460791
======================
   8      16 sdb 27330 0 218334 6015272 18578097 22427258 6042320224 105207333 140 34272652 111178787
======================
   8      16 sdb 27330 0 218334 6015272 18582759 22427258 6042358216 105924727 150 34277655 111896410
======================
   8      16 sdb 27330 0 218334 6015272 18587342 22427259 6042395680 106641883 145 34282658 112614646
======================
   8      16 sdb 27330 0 218334 6015272 18591899 22427260 6042432968 107359852 134 34287661 113332235
======================
   8      16 sdb 27330 0 218334 6015272 18596481 22427261 6042470368 108079050 130 34292664 114049972
======================
   8      16 sdb 27330 0 218334 6015272 18601206 22427262 6042508888 108796500 143 34297667 114767959
======================
   8      16 sdb 27330 0 218334 6015272 18605892 22427263 6042547128 109513088 131 34302670 115486105
======================
   8      16 sdb 27330 0 218334 6015272 18610529 22427264 6042585064 110233038 136 34307673 116204046
======================
   8      16 sdb 27330 0 218334 6015272 18615085 22427265 6042622296 110952517 158 34312676 116923227
======================
   8      16 sdb 27330 0 218334 6015272 18619755 22427266 6042660504 111669567 130 34317679 117640992
======================
   8      16 sdb 27330 0 218334 6015272 18624321 22427267 6042697800 112386546 142 34322681 118358827
======================
   8      16 sdb 27330 0 218334 6015272 18629012 22427268 6042736192 113104608 157 34327684 119075270
======================
   8      16 sdb 27330 0 218334 6015272 18633620 22427269 6042773664 113821218 159 34332687 119793812
======================
   8      16 sdb 27330 0 218334 6015272 18638280 22427270 6042811640 114542152 140 34337691 120512158
======================
   8      16 sdb 27330 0 218334 6015272 18643114 22427270 6042851128 115258607 139 34342695 121230767
======================
   8      16 sdb 27330 0 218334 6015272 18647919 22427271 6042890464 115978311 136 34347698 121948782
======================
   8      16 sdb 27330 0 218334 6015272 18652866 22427272 6042930864 116695765 151 34352701 122667501
======================
   8      16 sdb 27330 0 218334 6015272 18657767 22427273 6042970768 117416238 148 34357705 123386446
======================
   8      16 sdb 27330 0 218334 6015272 18662753 22427274 6043011528 118131508 156 34362707 124102851
======================
   8      16 sdb 27330 0 218334 6015272 18667549 22427275 6043050752 118848847 130 34367711 124820904
======================
   8      16 sdb 27330 0 218334 6015272 18672495 22427276 6043091192 119567140 146 34372714 125539197
======================
   8      16 sdb 27330 0 218334 6015272 18677494 22427277 6043132120 120287542 141 34377717 126256924
======================
   8      16 sdb 27330 0 218334 6015272 18682507 22427278 6043173096 121002774 154 34382720 126974211
======================
   8      16 sdb 27330 0 218334 6015272 18687271 22427279 6043212136 121721363 128 34387723 127692908
======================
   8      16 sdb 27330 0 218334 6015272 18692150 22427280 6043252112 122438345 147 34392726 128409880
======================
   8      16 sdb 27330 0 218334 6015272 18696922 22427281 6043291080 123156276 145 34397729 129127156
======================
   8      16 sdb 27330 0 218334 6015272 18701769 22427282 6043330568 123872955 132 34402732 129844564
======================
   8      16 sdb 27330 0 218334 6015272 18706546 22427283 6043369584 124589652 157 34407735 130562326
======================
   8      16 sdb 27330 0 218334 6015272 18711221 22427284 6043407816 125309124 156 34412738 131280522
======================
   8      16 sdb 27330 0 218334 6015272 18716002 22427285 6043446816 126026300 145 34417741 131997563
======================
   8      16 sdb 27330 0 218334 6015272 18720765 22427286 6043485776 126743149 152 34422744 132715432
======================
   8      16 sdb 27330 0 218334 6015272 18725636 22427287 6043525448 127463122 147 34427747 133433755
======================
   8      16 sdb 27330 0 218334 6015272 18730435 22427288 6043564520 128182434 150 34432750 134152907
======================
   8      16 sdb 27330 0 218334 6015272 18735195 22427289 6043603296 128897296 128 34437753 134871111
======================
   8      16 sdb 27330 0 218334 6015272 18740029 22427290 6043642960 129615976 128 34442756 135588813
======================
   8      16 sdb 27330 0 218334 6015272 18744644 22427291 6043680664 130335494 155 34447759 136306044
======================
   8      16 sdb 27330 0 218334 6015272 18749447 22427291 6043719968 131053202 152 34452762 137024017
======================
   8      16 sdb 27330 0 218334 6015272 18754205 22427292 6043758800 131771044 132 34457765 137741440
======================
   8      16 sdb 27330 0 218334 6015272 18758806 22427293 6043796288 132487290 141 34462768 138458862
======================
   8      16 sdb 27330 0 218334 6015272 18763513 22427294 6043834704 133203291 140 34467771 139176303
======================
   8      16 sdb 27330 0 218334 6015272 18768423 22427295 6043874904 133923264 128 34472774 139894982
======================
   8      16 sdb 27330 0 218334 6015272 18773207 22427296 6043914024 134642341 146 34477777 140613480
======================
   8      16 sdb 27330 0 218334 6015272 18777954 22427297 6043952784 135358065 137 34482780 141332222
======================
   8      16 sdb 27330 0 218334 6015272 18782574 22427298 6043990576 136075954 159 34487783 142049836
======================
   8      16 sdb 27330 0 218334 6015272 18787319 22427299 6044029184 136796769 152 34492786 142767403
======================
   8      16 sdb 27330 0 218334 6015272 18792089 22427300 6044068192 137515240 152 34497788 143486343
======================
   8      16 sdb 27330 0 218334 6015272 18796812 22427301 6044106840 138231034 135 34502791 144203855
======================
   8      16 sdb 27330 0 218334 6015272 18801473 22427302 6044144960 138950031 148 34507795 144921254
======================
   8      16 sdb 27330 0 218334 6015272 18806185 22427303 6044183488 139664400 142 34512797 145639052
======================
   8      16 sdb 27330 0 218334 6015272 18810754 22427304 6044220832 140383638 151 34517800 146356703
======================
   8      16 sdb 27330 0 218334 6015272 18815445 22427305 6044259160 141104349 134 34522803 147074724
======================
   8      16 sdb 27330 0 218334 6015272 18820081 22427306 6044297064 141819976 140 34527806 147791469
======================
   8      16 sdb 27330 0 218334 6015272 18824672 22427306 6044334544 142534840 157 34532809 148508972
======================
   8      16 sdb 27330 0 218334 6015272 18829448 22427307 6044373480 143256685 151 34537812 149226913
======================
   8      16 sdb 27330 0 218334 6015272 18834105 22427308 6044411536 143973281 136 34542816 149943734
======================
   8      16 sdb 27330 0 218334 6015272 18838798 22427309 6044449824 144688568 149 34547818 150661565
======================
   8      16 sdb 27330 0 218334 6015272 18843440 22427310 6044487896 145408560 149 34552821 151379848
======================
   8      16 sdb 27330 0 218334 6015272 18848056 22427311 6044525528 146124749 143 34557824 152096934
======================
   8      16 sdb 27330 0 218334 6015272 18852642 22427312 6044562976 146842565 135 34562827 152815950
======================
   8      16 sdb 27330 0 218334 6015272 18857224 22427313 6044600352 147565694 131 34567831 153535683
======================
   8      16 sdb 27330 0 218334 6015272 18861862 22427314 6044638304 148284236 135 34572834 154255367
======================
   8      16 sdb 27330 0 218334 6015272 18866418 22427315 6044675632 149002516 157 34577836 154973503
======================
   8      16 sdb 27330 0 218334 6015272 18871029 22427316 6044713160 149720109 156 34582840 155691548
======================
   8      16 sdb 27330 0 218334 6015272 18875603 22427317 6044750432 150439497 128 34587843 156409985
======================
   8      16 sdb 27330 0 218334 6015272 18880394 22427318 6044789528 151154672 139 34592846 157126949
======================
   8      16 sdb 27330 0 218334 6015272 18885027 22427319 6044827432 151871890 147 34597849 157843814
======================
   8      16 sdb 27330 0 218334 6015272 18889458 22427319 6044863680 152590063 133 34602852 158562105
======================
   8      16 sdb 27330 0 218334 6015272 18894095 22427320 6044901432 153305066 138 34607855 159280045
======================
   8      16 sdb 27330 0 218334 6015272 18898597 22427321 6044938200 154023476 150 34612858 159997501
======================
   8      16 sdb 27330 0 218334 6015272 18903283 22427322 6044976528 154739289 138 34617861 160714289
======================
   8      16 sdb 27330 0 218334 6015272 18907840 22427323 6045013728 155461267 159 34622864 161432230
======================
   8      16 sdb 27330 0 218334 6015272 18912420 22427324 6045051064 156177542 157 34627867 162150390
======================
   8      16 sdb 27330 0 218334 6015272 18916997 22427325 6045088496 156896583 158 34632870 162868385
======================
   8      16 sdb 27330 0 218334 6015272 18921587 22427326 6045126144 157612467 146 34637873 163587487
======================
   8      16 sdb 27330 0 218334 6015272 18926157 22427327 6045163448 158334904 154 34642876 164305587
======================
   8      16 sdb 27330 0 218334 6015272 18930748 22427328 6045200936 159053492 141 34647880 165023859
======================
   8      16 sdb 27330 0 218334 6015272 18935310 22427329 6045238096 159770671 157 34652883 165742200
======================
   8      16 sdb 27330 0 218334 6015272 18940015 22427329 6045276496 160488234 156 34657886 166460024
======================
   8      16 sdb 27330 0 218334 6015272 18944533 22427330 6045313432 161207953 152 34662889 167178450
======================
   8      16 sdb 27330 0 218334 6015272 18949185 22427331 6045351520 161925127 142 34667892 167896204
======================
   8      16 sdb 27330 0 218334 6015272 18953774 22427332 6045388952 162643625 131 34672895 168613803
======================
   8      16 sdb 27330 0 218334 6015272 18958570 22427333 6045428264 163362005 137 34677898 169332448
======================
   8      16 sdb 27330 0 218334 6015272 18963384 22427334 6045467544 164079595 157 34682901 170050689
======================
   8      16 sdb 27330 0 218334 6015272 18968185 22427335 6045506848 164798301 158 34687904 170769118
======================
   8      16 sdb 27330 0 218334 6015272 18973156 22427336 6045547488 165514145 149 34692907 171485766
======================
   8      16 sdb 27330 0 218334 6015272 18978081 22427337 6045587592 166234708 154 34697910 172205084
======================
   8      16 sdb 27330 0 218334 6015272 18982844 22427338 6045626504 166951999 129 34702913 172923249
======================
   8      16 sdb 27330 0 218334 6015272 18987870 22427339 6045667592 167671070 129 34707917 173641197
======================
   8      16 sdb 27330 0 218334 6015272 18992677 22427340 6045706848 168386309 156 34712920 174358868
======================
   8      16 sdb 27330 0 218334 6015272 18997518 22427341 6045746440 169106285 149 34717923 175076665
======================
   8      16 sdb 27330 0 218334 6015272 19002440 22427342 6045786832 169824995 157 34722926 175795176
======================
   8      16 sdb 27330 0 218334 6015272 19007272 22427343 6045826304 170543038 159 34727929 176514210
======================
   8      16 sdb 27330 0 218334 6015272 19012050 22427344 6045865248 171263791 151 34732932 177232908
======================
   8      16 sdb 27330 0 218334 6015272 19016885 22427345 6045904784 171979269 150 34737935 177950276
======================
   8      16 sdb 27330 0 218334 6015272 19021632 22427346 6045943496 172695830 141 34742937 178667876
======================
   8      16 sdb 27330 0 218334 6015272 19026319 22427347 6045981704 173414098 128 34747940 179385997
======================
   8      16 sdb 27330 0 218334 6015272 19030990 22427348 6046019920 174133951 131 34752943 180104813
======================
   8      16 sdb 27330 0 218334 6015272 19035686 22427349 6046058304 174850924 140 34757946 180822421
======================
   8      16 sdb 27330 0 218334 6015272 19040473 22427350 6046097272 175568867 155 34762950 181540086
======================
   8      16 sdb 27330 0 218334 6015272 19045155 22427350 6046135464 176286340 146 34767954 182258985
======================
   8      16 sdb 27330 0 218334 6015272 19049873 22427351 6046174008 177006714 134 34772957 182977016
======================
   8      16 sdb 27330 0 218334 6015272 19054682 22427352 6046213424 177723277 159 34777960 183695365
======================
   8      16 sdb 27330 0 218334 6015272 19059411 22427353 6046252024 178440446 136 34782963 184413278
======================
   8      16 sdb 27330 0 218334 6015272 19064182 22427354 6046290928 179159241 135 34787966 185131859
======================
   8      16 sdb 27330 0 218334 6015272 19068993 22427355 6046330208 179879961 158 34792969 185850153
======================
   8      16 sdb 27330 0 218334 6015272 19073793 22427356 6046369240 180597339 128 34797972 186568061
======================
   8      16 sdb 27330 0 218334 6015272 19078476 22427357 6046407512 181314615 151 34802975 187286420
======================
   8      16 sdb 27330 0 218334 6015272 19083196 22427358 6046445968 182031762 137 34807978 188005178
======================
   8      16 sdb 27330 0 218334 6015272 19087900 22427359 6046484568 182752310 139 34812981 188723296
