120.4
40.5
42.5
43.2
41.8
43.0
45.2
38.0
46.3
46.1
44.5
43.0
41.4
43.7
42.5
48.2
43.3
43.5
46.5
43.8
46.9
42.6
41.1
44.1
48.6
42.2
48.5
44.8
39.2
48.1
38.8
50.6
43.0
45.8
44.2
44.6
44.9
44.7
45.0
39.8
43.3
48.5
44.8
46.7
43.7
41.3
49.4
40.8
46.0
47.3
40.7
43.4
43.1
45.1
47.0
44.6
46.3
45.9
44.1
40.3
46.9
43.9
43.6
42.9
43.3
44.7
44.5
46.8
41.7
44.1
48.3
38.0
50.8
43.9
40.1
46.7
44.2
43.5
45.2
41.0
46.0
50.0
45.2
45.8
42.8
45.4
41.8
45.8
42.4
47.3
41.9
47.3
40.5
45.8
47.4
39.2
45.4
49.9
41.7
46.1
43.1
42.4
41.4
50.3
45.2
46.7
42.8
42.9
48.6
39.1
50.0
42.1
44.3
46.3
45.5
43.7
45.0
44.6
38.5
47.0
43.3
43.9
48.0
45.9
42.5
46.2
45.6
43.4
44.3
45.4
44.0
46.7
40.5
45.9
49.1
41.4
40.7
