======================
   8      48 sdd 12877286 0 3272520392 128505223 242674930 99108023 22391187888 3205897040 0 103775510 3334099058
======================
   8      48 sdd 12877296 0 3272520472 128505705 242676234 99108023 22392009648 3206123824 130 103777528 3334350455
======================
   8      48 sdd 12877302 0 3272520520 128506927 242678336 99108054 22393324584 3206745213 145 103782531 3334973903
======================
   8      48 sdd 12877307 0 3272520560 128508093 242680426 99108067 22394639912 3207381271 148 103787534 3335611020
======================
   8      48 sdd 12877313 0 3272520608 128509571 242682518 99108080 22395956264 3207989716 136 103792537 3336220447
======================
   8      48 sdd 12877318 0 3272520648 128510812 242684607 99108093 22397270952 3208607803 129 103797540 3336839514
======================
   8      48 sdd 12877323 0 3272520688 128511832 242686695 99108106 22398585000 3209232895 134 103802542 3337466075
======================
   8      48 sdd 12877329 0 3272520736 128513044 242688786 99108119 22399900968 3209839594 138 103807544 3338074038
======================
   8      48 sdd 12877334 0 3272520776 128514158 242690876 99108132 22401216040 3210461656 131 103812547 3338696930
======================
   8      48 sdd 12877339 0 3272520816 128515299 242692963 99108145 22402529448 3211078071 127 103817550 3339314235
======================
   8      48 sdd 12877345 0 3272520864 128516696 242695054 99108158 22403845416 3211666964 93 103822553 3339901917
======================
   8      48 sdd 12877350 0 3272520904 128517736 242697144 99108171 22405161384 3212298667 86 103827555 3340533707
======================
   8      48 sdd 12877355 0 3272520944 128519047 242699232 99108185 22406474800 3212929503 81 103832558 3341164999
======================
   8      48 sdd 12877361 0 3272520992 128520307 242701325 99108197 22407790520 3213536103 73 103837561 3341771560
======================
   8      48 sdd 12877366 0 3272521032 128521545 242703414 99108210 22409105208 3214170799 67 103842564 3342406542
======================
   8      48 sdd 12877371 0 3272521072 128522706 242705501 99108223 22410418616 3214788939 63 103847567 3343025063
======================
   8      48 sdd 12877377 0 3272521120 128524056 242707594 99108235 22411735224 3215395153 28 103852569 3343624372
======================
   8      48 sdd 12877383 0 3272521168 128525463 242709684 99108248 22413050296 3215999435 130 103857571 3344244891
======================
   8      48 sdd 12877388 0 3272521208 128526851 242711771 99108261 22414363704 3216596239 154 103862575 3344843930
======================
   8      48 sdd 12877394 0 3272521256 128527985 242713859 99108273 22415677112 3217235148 112 103867578 3345464135
======================
   8      48 sdd 12877399 0 3272521296 128529108 242715930 99108286 22416980280 3217853455 94 103872581 3346087000
======================
   8      48 sdd 12877403 0 3272521328 128530137 242718014 99108299 22418291768 3218464453 24 103877585 3346698533
======================
   8      48 sdd 12877409 0 3272521376 128531390 242720111 99108311 22419610936 3219065708 11 103882587 3347297089
======================
   8      48 sdd 12877415 0 3272521424 128532582 242722206 99108324 22420929208 3219679346 141 103887590 3347932129
======================
   8      48 sdd 12877420 0 3272521464 128533686 242724295 99108337 22422243896 3220306296 137 103892593 3348551903
======================
   8      48 sdd 12877426 0 3272521512 128534927 242726388 99108351 22423559888 3220943210 138 103897595 3349189832
======================
   8      48 sdd 12877431 0 3272521552 128536164 242728477 99108364 22424874576 3221575715 128 103902597 3349825354
======================
   8      48 sdd 12877436 0 3272521592 128537328 242730566 99108377 22426189008 3222192751 155 103907600 3350444596
======================
   8      48 sdd 12877442 0 3272521640 128538629 242732659 99108389 22427505616 3222797837 140 103912603 3351053356
======================
   8      48 sdd 12877447 0 3272521680 128539793 242734748 99108402 22428820304 3223408531 138 103917606 3351669507
======================
   8      48 sdd 12877452 0 3272521720 128541337 242736837 99108415 22430134992 3223991856 156 103922609 3352252078
======================
   8      48 sdd 12877457 0 3272521760 128542712 242738929 99108427 22431450704 3224591193 148 103927610 3352850486
======================
   8      48 sdd 12877462 0 3272521800 128544103 242741019 99108440 22432766032 3225185684 136 103932613 3353447920
======================
   8      48 sdd 12877467 0 3272521840 128545144 242743110 99108453 22434082000 3225814018 134 103937616 3354079597
======================
   8      48 sdd 12877473 0 3272521888 128546420 242745201 99108465 22435397072 3226417098 144 103942619 3354683934
======================
   8      48 sdd 12877478 0 3272521928 128547544 242747289 99108478 22436711120 3227033995 136 103947622 3355302459
======================
   8      48 sdd 12877483 0 3272521968 128548665 242749380 99108491 22438027088 3227654028 155 103952624 3355923405
======================
   8      48 sdd 12877489 0 3272522016 128549852 242751472 99108504 22439342432 3228260065 147 103957626 3356531494
======================
   8      48 sdd 12877494 0 3272522056 128550820 242753560 99108517 22440656224 3228886196 133 103962628 3357158306
======================
   8      48 sdd 12877499 0 3272522096 128552134 242755648 99108531 22441970280 3229517540 132 103967631 3357790594
======================
   8      48 sdd 12877505 0 3272522144 128553365 242757741 99108543 22443286888 3230143645 147 103972633 3358418515
======================
   8      48 sdd 12877510 0 3272522184 128554529 242759830 99108556 22444601576 3230764758 144 103977635 3359040478
======================
   8      48 sdd 12877515 0 3272522224 128555765 242761919 99108569 22445916008 3231378996 132 103982637 3359655363
======================
   8      48 sdd 12877521 0 3272522272 128556954 242764012 99108581 22447232616 3231996048 149 103987638 3360274151
======================
   8      48 sdd 12877526 0 3272522312 128558348 242766102 99108594 22448547944 3232591761 137 103992641 3360871254
======================
   8      48 sdd 12877531 0 3272522352 128559465 242768190 99108607 22449862592 3233212020 142 103997644 3361492361
======================
   8      48 sdd 12877537 0 3272522400 128560392 242770283 99108619 22451178344 3233837878 156 104002646 3362118505
======================
   8      48 sdd 12877542 0 3272522440 128561517 242772371 99108632 22452492992 3234451689 146 104007647 3362734339
======================
   8      48 sdd 12877547 0 3272522480 128562637 242774460 99108645 22453807080 3235070367 135 104012650 3363354035
======================
   8      48 sdd 12877553 0 3272522528 128563621 242776551 99108658 22455123656 3235694832 154 104017652 3363979200
======================
   8      48 sdd 12877558 0 3272522568 128564858 242778634 99108672 22456432640 3236323374 156 104022655 3364608659
======================
   8      48 sdd 12877563 0 3272522608 128566020 242780720 99108680 22457746000 3236966217 153 104027659 3365252903
======================
   8      48 sdd 12877569 0 3272522656 128567295 242782808 99108695 22459059784 3237595326 148 104032663 3365883386
======================
   8      48 sdd 12877574 0 3272522696 128568454 242784896 99108704 22460373832 3238231927 138 104037666 3366521328
======================
   8      48 sdd 12877579 0 3272522736 128569615 242786983 99108717 22461686600 3238856218 136 104042668 3367142846
======================
   8      48 sdd 12877585 0 3272522784 128570813 242789072 99108730 22463001288 3239469102 156 104047670 3367753862
======================
   8      48 sdd 12877590 0 3272522824 128572052 242791162 99108742 22464315976 3240093204 144 104052674 3368375232
======================
   8      48 sdd 12877595 0 3272522864 128573374 242793248 99108755 22465628488 3240700379 135 104057676 3368977891
======================
   8      48 sdd 12877601 0 3272522912 128574620 242795339 99108768 22466944456 3241313624 148 104062679 3369586842
======================
   8      48 sdd 12877606 0 3272522952 128575841 242797409 99108780 22468247792 3241927532 30 104067682 3370208874
======================
   8      48 sdd 12877611 0 3272522992 128576971 242799488 99108793 22469556080 3242547136 8 104072685 3370822853
======================
   8      48 sdd 12877617 0 3272523040 128578223 242801588 99108807 22470877552 3243156825 17 104077689 3371436683
======================
   8      48 sdd 12877622 0 3272523080 128579495 242803682 99108819 22472194176 3243764446 60 104082691 3372056231
======================
   8      48 sdd 12877627 0 3272523120 128580594 242805772 99108832 22473509248 3244389584 53 104087693 3372680980
======================
   8      48 sdd 12877633 0 3272523168 128581825 242807864 99108845 22474825856 3244996747 70 104092695 3373292722
======================
   8      48 sdd 12877639 0 3272523216 128583045 242809953 99108857 22476139904 3245611730 91 104097698 3373911937
======================
   8      48 sdd 12877643 0 3272523248 128583956 242812042 99108862 22477454600 3246254884 85 104102700 3374555167
======================
   8      48 sdd 12877650 0 3272523304 128585534 242814134 99108875 22478770952 3246864119 157 104107700 3375168874
======================
   8      48 sdd 12877655 0 3272523344 128586773 242816224 99108888 22480086280 3247482030 143 104112703 3375788631
======================
   8      48 sdd 12877659 0 3272523376 128587914 242818313 99108902 22481400344 3248103302 38 104117707 3376398468
======================
   8      48 sdd 12877666 0 3272523432 128589339 242820406 99108915 22482717592 3248698477 135 104122708 3377007606
======================
   8      48 sdd 12877670 0 3272523464 128590119 242822473 99108928 22484018200 3249340689 44 104127711 3377640111
======================
   8      48 sdd 12877675 0 3272523504 128591250 242824555 99108941 22485328408 3249964392 45 104132715 3378264353
======================
   8      48 sdd 12877681 0 3272523552 128592426 242826660 99108955 22486652456 3250570616 24 104137718 3378866426
======================
   8      48 sdd 12877687 0 3272523600 128593876 242828754 99108968 22487970344 3251163948 155 104142720 3379477281
======================
   8      48 sdd 12877691 0 3272523632 128594830 242830842 99108981 22489284392 3251783587 8 104147722 3380076866
======================
   8      48 sdd 12877698 0 3272523688 128596295 242832934 99108994 22490600744 3252391680 28 104152725 3380684005
======================
   8      48 sdd 12877703 0 3272523728 128597378 242835023 99109008 22491915440 3253011079 128 104157729 3381314112
======================
   8      48 sdd 12877707 0 3272523760 128598443 242837111 99109021 22493229360 3253636069 141 104162732 3381955087
======================
   8      48 sdd 12877712 0 3272523800 128599926 242839203 99109033 22494545456 3254242113 148 104167734 3382550854
======================
   8      48 sdd 12877717 0 3272523840 128601021 242841293 99109046 22495860528 3254859166 157 104172737 3383180350
======================
   8      48 sdd 12877723 0 3272523888 128602463 242843381 99109059 22497174576 3255462380 157 104177739 3383771217
======================
   8      48 sdd 12877728 0 3272523928 128603705 242845474 99109071 22498491184 3256068968 145 104182742 3384388266
======================
   8      48 sdd 12877733 0 3272523968 128604983 242847562 99109084 22499805232 3256674095 152 104187744 3384993647
======================
   8      48 sdd 12877739 0 3272524016 128606365 242849651 99109097 22501119664 3257274060 128 104192747 3385591467
======================
   8      48 sdd 12877744 0 3272524056 128607260 242851745 99109110 22502436288 3257909288 156 104197751 3386234682
======================
   8      48 sdd 12877749 0 3272524096 128608415 242853834 99109123 22503750976 3258519223 154 104202753 3386845857
======================
   8      48 sdd 12877755 0 3272524144 128609812 242855921 99109136 22505064384 3259107530 141 104207756 3387432059
======================
   8      48 sdd 12877760 0 3272524184 128610753 242858015 99109148 22506381376 3259739384 137 104212759 3388069631
======================
   8      48 sdd 12877765 0 3272524224 128611854 242860104 99109161 22507696064 3260356294 130 104217763 3388687832
======================
   8      48 sdd 12877771 0 3272524272 128613061 242862192 99109175 22509010120 3260972910 153 104222764 3389303758
======================
   8      48 sdd 12877776 0 3272524312 128614300 242864285 99109186 22510326720 3261607440 131 104227766 3389941579
======================
   8      48 sdd 12877781 0 3272524352 128615237 242866374 99109199 22511641152 3262265488 133 104232769 3390600681
======================
   8      48 sdd 12877787 0 3272524400 128616693 242868462 99109212 22512955200 3262873437 134 104237773 3391209401
======================
   8      48 sdd 12877792 0 3272524440 128617860 242870555 99109224 22514271808 3263501650 128 104242775 3391839553
======================
   8      48 sdd 12877797 0 3272524480 128619173 242872644 99109237 22515586496 3264118530 156 104247778 3392457949
======================
   8      48 sdd 12877803 0 3272524528 128620587 242874732 99109250 22516900920 3264719126 140 104252781 3393059805
started
======================
   8      48 sdd 12879832 0 3273010954 128624222 242874952 99109267 22517029696 3264789357 1 104255248 3393109325
======================
   8      48 sdd 12883963 0 3274068490 128633669 242874955 99109269 22517029736 3264789357 2 104260280 3393118761
======================
   8      48 sdd 12888775 0 3275300362 128642938 242874955 99109269 22517029736 3264789357 2 104265284 3393128014
======================
   8      48 sdd 12893585 0 3276531722 128652224 242874955 99109269 22517029736 3264789357 2 104270284 3393137291
======================
   8      48 sdd 12898389 0 3277761546 128661486 242874955 99109269 22517029736 3264789357 2 104275279 3393146543
======================
   8      48 sdd 12903196 0 3278992138 128670744 242874955 99109269 22517029736 3264789357 2 104280276 3393155792
======================
   8      48 sdd 12908000 0 3280221962 128680007 242874955 99109269 22517029736 3264789357 2 104285260 3393165043
======================
   8      48 sdd 12912808 0 3281452810 128689220 242874955 99109269 22517029736 3264789357 1 104290255 3393174250
======================
   8      48 sdd 12917603 0 3282680330 128698452 242874957 99109269 22517029752 3264789357 2 104295238 3393183473
======================
   8      48 sdd 12922417 0 3283912714 128707741 242874957 99109269 22517029752 3264789357 2 104300244 3393192754
======================
   8      48 sdd 12927211 0 3285139978 128716935 242874957 99109269 22517029752 3264789357 2 104305228 3393201937
======================
   8      48 sdd 12932014 0 3286369546 128726162 242874957 99109269 22517029752 3264789357 2 104310217 3393211157
======================
   8      48 sdd 12936834 0 3287603466 128735465 242874957 99109269 22517029752 3264789357 2 104315224 3393220452
======================
   8      48 sdd 12941645 0 3288835082 128744736 242874957 99109269 22517029752 3264789357 1 104320221 3393229714
======================
   8      48 sdd 12946446 0 3290064138 128753981 242874957 99109269 22517029752 3264789357 2 104325209 3393238947
======================
   8      48 sdd 12951248 0 3291293450 128763239 242874957 99109269 22517029752 3264789357 1 104330200 3393248189
======================
   8      48 sdd 12956048 0 3292522250 128772456 242874957 99109269 22517029752 3264789357 1 104335187 3393257397
======================
   8      48 sdd 12960876 0 3293758218 128781753 242874957 99109269 22517029752 3264789357 2 104340200 3393266689
======================
   8      48 sdd 12965686 0 3294989578 128791011 242874957 99109269 22517029752 3264789357 2 104345197 3393275940
======================
   8      48 sdd 12970496 0 3296220938 128800289 242874957 99109269 22517029752 3264789357 2 104350196 3393285210
======================
   8      48 sdd 12975294 0 3297449226 128809521 242874957 99109269 22517029752 3264789357 1 104355180 3393294429
======================
   8      48 sdd 12980089 0 3298676746 128818713 242874957 99109269 22517029752 3264789357 2 104360162 3393303609
======================
   8      48 sdd 12984898 0 3299907850 128827967 242874957 99109269 22517029752 3264789357 2 104365154 3393312852
======================
   8      48 sdd 12989711 0 3301139978 128837243 242874957 99109269 22517029752 3264789357 2 104370156 3393322122
======================
   8      48 sdd 12994513 0 3302369290 128846496 242874957 99109269 22517029752 3264789357 2 104375152 3393331367
======================
   8      48 sdd 12999312 0 3303597834 128855782 242874957 99109269 22517029752 3264789357 1 104380145 3393340640
======================
   8      48 sdd 13004110 0 3304826122 128865067 242874957 99109269 22517029752 3264789357 2 104385146 3393349915
======================
   8      48 sdd 13008925 0 3306058762 128874370 242874957 99109269 22517029752 3264789357 2 104390152 3393359213
======================
   8      48 sdd 13013736 0 3307290378 128883646 242874957 99109269 22517029752 3264789357 2 104395149 3393368478
======================
   8      48 sdd 13018544 0 3308521226 128892935 242874957 99109269 22517029752 3264789357 2 104400146 3393377756
======================
   8      48 sdd 13023344 0 3309750026 128902209 242874957 99109269 22517029752 3264789357 2 104405140 3393387025
======================
   8      48 sdd 13028136 0 3310976778 128911468 242874957 99109269 22517029752 3264789357 2 104410125 3393396278
======================
   8      48 sdd 13032943 0 3312207370 128920726 242874957 99109269 22517029752 3264789357 2 104415119 3393405527
======================
   8      48 sdd 13037745 0 3313436682 128929916 242874957 99109269 22517029752 3264789357 2 104420107 3393414706
======================
   8      48 sdd 13042542 0 3314664714 128939123 242874957 99109269 22517029752 3264789357 1 104425098 3393423898
======================
   8      48 sdd 13047338 0 3315892490 128948333 242874957 99109269 22517029752 3264789357 2 104430090 3393433105
======================
   8      48 sdd 13052140 0 3317121802 128957597 242874957 99109269 22517029752 3264789357 2 104435089 3393442354
======================
   8      48 sdd 13056947 0 3318352394 128966898 242874957 99109269 22517029752 3264789357 2 104440083 3393451646
======================
   8      48 sdd 13061753 0 3319582730 128976160 242874957 99109269 22517029752 3264789357 2 104445078 3393460895
======================
   8      48 sdd 13066555 0 3320812042 128985363 242874957 99109269 22517029752 3264789357 1 104450053 3393470088
======================
   8      48 sdd 13071360 0 3322042122 128994586 242874957 99109269 22517029752 3264789357 2 104455033 3393479297
======================
   8      48 sdd 13076158 0 3323270410 129003794 242874957 99109269 22517029752 3264789357 2 104460004 3393488499
======================
   8      48 sdd 13080972 0 3324502794 129013085 242874957 99109269 22517029752 3264789357 1 104465011 3393497779
======================
   8      48 sdd 13085762 0 3325729034 129022327 242874957 99109269 22517029752 3264789357 2 104469982 3393507014
======================
   8      48 sdd 13090569 0 3326959626 129031589 242874957 99109269 22517029752 3264789357 2 104474967 3393516266
======================
   8      48 sdd 13095377 0 3328190474 129040870 242874957 99109269 22517029752 3264789357 2 104479951 3393525540
======================
   8      48 sdd 13100192 0 3329423114 129050141 242874957 99109269 22517029752 3264789357 2 104484944 3393534798
======================
   8      48 sdd 13104995 0 3330652682 129059411 242874957 99109269 22517029752 3264789357 2 104489948 3393544063
======================
   8      48 sdd 13109794 0 3331881226 129068687 242874957 99109269 22517029752 3264789357 2 104494944 3393553332
======================
   8      48 sdd 13114592 0 3333109514 129078012 242874957 99109269 22517029752 3264789357 2 104499935 3393562641
======================
   8      48 sdd 13119399 0 3334340106 129087276 242874957 99109269 22517029752 3264789357 2 104504928 3393571892
======================
   8      48 sdd 13124200 0 3335569162 129096507 242874957 99109269 22517029752 3264789357 2 104509903 3393581116
======================
   8      48 sdd 13129010 0 3336800522 129105742 242874957 99109269 22517029752 3264789357 2 104514895 3393590343
======================
   8      48 sdd 13133811 0 3338029578 129114932 242874957 99109269 22517029752 3264789357 2 104519892 3393599522
======================
   8      48 sdd 13138613 0 3339258890 129124189 242874957 99109269 22517029752 3264789357 2 104524886 3393608761
======================
   8      48 sdd 13143410 0 3340486922 129133422 242874957 99109269 22517029752 3264789357 2 104529870 3393617990
======================
   8      48 sdd 13148223 0 3341719050 129142677 242874957 99109269 22517029752 3264789357 2 104534862 3393627236
======================
   8      48 sdd 13153033 0 3342950410 129151862 242874957 99109269 22517029752 3264789357 2 104539849 3393636411
======================
   8      48 sdd 13157828 0 3344177930 129161051 242874957 99109269 22517029752 3264789357 2 104544816 3393645590
======================
   8      48 sdd 13162619 0 3345404426 129170266 242874957 99109269 22517029752 3264789357 2 104549786 3393654798
======================
   8      48 sdd 13167402 0 3346628874 129179448 242874957 99109269 22517029752 3264789357 2 104554769 3393663968
======================
   8      48 sdd 13172196 0 3347856138 129188626 242874957 99109269 22517029752 3264789357 2 104559748 3393673140
======================
   8      48 sdd 13177009 0 3349088266 129197903 242874957 99109269 22517029752 3264789357 2 104564739 3393682408
======================
   8      48 sdd 13181819 0 3350319626 129207120 242874957 99109269 22517029752 3264789357 2 104569715 3393691617
======================
   8      48 sdd 13186620 0 3351548682 129216342 242874957 99109269 22517029752 3264789357 2 104574695 3393700832
======================
   8      48 sdd 13191422 0 3352777994 129225581 242874957 99109269 22517029752 3264789357 1 104579686 3393710058
======================
   8      48 sdd 13196214 0 3354004746 129234800 242874957 99109269 22517029752 3264789357 1 104584664 3393719262
======================
   8      48 sdd 13201025 0 3355236362 129244056 242874957 99109269 22517029752 3264789357 2 104589655 3393728513
======================
   8      48 sdd 13205826 0 3356465418 129253295 242874957 99109269 22517029752 3264789357 2 104594628 3393737744
======================
   8      48 sdd 13210635 0 3357696522 129262538 242874957 99109269 22517029752 3264789357 2 104599610 3393746978
======================
   8      48 sdd 13215439 0 3358926346 129271811 242874957 99109269 22517029752 3264789357 2 104604600 3393756239
======================
   8      48 sdd 13220238 0 3360154890 129281091 242874957 99109269 22517029752 3264789357 2 104609588 3393765507
======================
   8      48 sdd 13225032 0 3361382154 129290346 242874957 99109269 22517029752 3264789357 2 104614575 3393774757
======================
   8      48 sdd 13229847 0 3362614546 129299633 242874957 99109269 22517029752 3264789357 2 104619575 3393784035
======================
   8      48 sdd 13234658 0 3363846162 129308881 242874957 99109269 22517029752 3264789357 2 104624563 3393793280
======================
   8      48 sdd 13239470 0 3365078034 129318160 242874957 99109269 22517029752 3264789357 1 104629553 3393802546
======================
   8      48 sdd 13244268 0 3366306322 129327420 242874957 99109269 22517029752 3264789357 1 104634535 3393811797
======================
   8      48 sdd 13249067 0 3367534866 129336658 242874957 99109269 22517029752 3264789357 2 104639524 3393821030
======================
   8      48 sdd 13253867 0 3368763666 129345904 242874957 99109269 22517029752 3264789357 2 104644517 3393830272
======================
   8      48 sdd 13258683 0 3369996562 129355144 242874957 99109269 22517029752 3264789357 1 104649512 3393839500
======================
   8      48 sdd 13263492 0 3371227666 129364375 242874957 99109269 22517029752 3264789357 2 104654493 3393848721
======================
   8      48 sdd 13268293 0 3372456722 129373618 242874957 99109269 22517029752 3264789357 2 104659480 3393857952
======================
   8      48 sdd 13272990 0 3373659154 129382866 242874957 99109269 22517029752 3264789357 2 104664457 3393867191
======================
   8      48 sdd 13277676 0 3374858770 129392074 242874957 99109269 22517029752 3264789357 2 104669435 3393876389
======================
   8      48 sdd 13282363 0 3376058642 129401242 242874957 99109269 22517029752 3264789357 2 104674410 3393885545
======================
   8      48 sdd 13287061 0 3377261330 129410452 242874957 99109269 22517029752 3264789357 1 104679391 3393894743
======================
   8      48 sdd 13291765 0 3378465554 129419685 242874957 99109269 22517029752 3264789357 2 104684378 3393903964
======================
   8      48 sdd 13296501 0 3379677970 129428969 242874957 99109269 22517029752 3264789357 1 104689371 3393913233
======================
   8      48 sdd 13301304 0 3380907538 129438209 242874957 99109269 22517029752 3264789357 2 104694365 3393922471
======================
   8      48 sdd 13306115 0 3382139154 129447434 242874957 99109269 22517029752 3264789357 1 104699360 3393931681
======================
   8      48 sdd 13310926 0 3383370770 129456705 242874957 99109269 22517029752 3264789357 2 104704357 3393940940
======================
   8      48 sdd 13315784 0 3384614130 129465971 242874957 99109269 22517029752 3264789357 2 104709353 3393950201
======================
   8      48 sdd 13320668 0 3385864434 129475269 242874957 99109269 22517029752 3264789357 2 104714364 3393959494
======================
   8      48 sdd 13325536 0 3387110386 129484530 242874957 99109269 22517029752 3264789357 2 104719354 3393968740
======================
   8      48 sdd 13330390 0 3388353010 129493750 242874957 99109269 22517029752 3264789357 2 104724323 3393977951
======================
   8      48 sdd 13335241 0 3389594866 129502970 242874957 99109269 22517029752 3264789357 2 104729294 3393987165
======================
   8      48 sdd 13340098 0 3390838002 129512172 242874957 99109269 22517029752 3264789357 2 104734267 3393996360
======================
   8      48 sdd 13344980 0 3392087794 129521465 242874957 99109269 22517029752 3264789357 2 104739266 3394005644
======================
   8      48 sdd 13349837 0 3393331186 129530666 242874957 99109269 22517029752 3264789357 2 104744239 3394014830
======================
   8      48 sdd 13354700 0 3394575858 129539893 242874957 99109269 22517029752 3264789357 2 104749220 3394024049
======================
   8      48 sdd 13359557 0 3395819250 129549139 242874957 99109269 22517029752 3264789357 2 104754203 3394033289
======================
   8      48 sdd 13364419 0 3397063922 129558414 242874957 99109269 22517029752 3264789357 2 104759194 3394042550
======================
   8      48 sdd 13369463 0 3398354706 129566848 242874957 99109269 22517029752 3264789357 0 104763796 3394050973
