======================
   8      16 sdb 11088326 8583 2785078964 23136734 4580526 14098643 2882530816 1057123921 33 18570735 1080223725
======================
   8      16 sdb 11088447 8583 2785079932 23143729 4581742 14098643 2883297280 1057280848 158 18572726 1080403217
======================
   8      16 sdb 11088453 8583 2785079980 23145281 4583753 14098671 2884555352 1057868053 132 18577727 1080992457
======================
   8      16 sdb 11088459 8583 2785080028 23146733 4586302 14098686 2886159848 1058453409 141 18582730 1081570086
======================
   8      16 sdb 11088466 8583 2785080084 23149173 4588749 14098700 2887699448 1058902179 139 18587733 1082023159
======================
   8      16 sdb 11088472 8583 2785080132 23150560 4591267 14098715 2889284360 1059467694 133 18592742 1082598745
======================
   8      16 sdb 11088476 8583 2785080164 23151617 4593658 14098732 2890789288 1060067447 1 18597745 1083179535
======================
   8      16 sdb 11088483 8583 2785080220 23154353 4596277 14098746 2892437432 1060574935 150 18602747 1083698879
======================
   8      16 sdb 11088489 8583 2785080268 23155956 4598816 14098761 2894035528 1061145503 138 18607751 1084280720
======================
   8      16 sdb 11088496 8583 2785080324 23157657 4601329 14098775 2895616856 1061687560 149 18612754 1084826005
======================
   8      16 sdb 11088502 8583 2785080372 23159531 4603886 14098791 2897226480 1062243632 142 18617762 1085381906
======================
   8      16 sdb 11088509 8583 2785080428 23161812 4606362 14098805 2898784384 1062742559 139 18622765 1085884422
======================
   8      16 sdb 11088515 8583 2785080476 23163628 4608902 14098820 2900383120 1063299314 144 18627769 1086443505
======================
   8      16 sdb 11088521 8583 2785080524 23165129 4611418 14098835 2901966752 1063908689 127 18632771 1087054286
======================
   8      16 sdb 11088528 8583 2785080580 23167211 4613952 14098849 2903561264 1064441827 67 18637774 1087582838
======================
   8      16 sdb 11088534 8583 2785080628 23169400 4616447 14098864 2905131712 1064928090 71 18642777 1088072162
======================
   8      16 sdb 11088541 8583 2785080684 23171702 4618961 14098879 2906714320 1065438205 56 18647777 1088583112
======================
   8      16 sdb 11088548 8583 2785080740 23173464 4621476 14098894 2908297312 1065999928 130 18652780 1089148391
======================
   8      16 sdb 11088553 8583 2785080780 23174587 4624014 14098909 2909894768 1066593189 1 18657783 1089727887
======================
   8      16 sdb 11088560 8583 2785080836 23176511 4626514 14098925 2911467792 1067130583 1 18662787 1090267172
======================
   8      16 sdb 11088566 8583 2785080884 23178401 4629013 14098940 2913040800 1067656099 1 18667789 1090794712
======================
   8      16 sdb 11088574 8583 2785080948 23180902 4631614 14098955 2914677056 1068153733 152 18672797 1091314266
======================
   8      16 sdb 11088580 8583 2785080996 23182704 4634134 14098970 2916263248 1068698502 153 18677800 1091858474
======================
   8      16 sdb 11088587 8583 2785081052 23184823 4636595 14098985 2917812832 1069218437 90 18682803 1092366323
======================
   8      16 sdb 11088593 8583 2785081100 23186519 4639085 14098999 2919379056 1069774115 144 18687803 1092923809
======================
   8      16 sdb 11088599 8583 2785081148 23188367 4641585 14099014 2920952704 1070295783 139 18692805 1093458496
======================
   8      16 sdb 11088606 8583 2785081204 23190384 4643999 14099028 2922471440 1070810521 139 18697807 1093978058
======================
   8      16 sdb 11088611 8583 2785081244 23192003 4646484 14099043 2924035488 1071390334 1 18702811 1094542339
======================
   8      16 sdb 11088617 8583 2785081292 23193846 4648937 14099058 2925579568 1071937976 47 18707814 1095102789
======================
   8      16 sdb 11088624 8583 2785081348 23195665 4651372 14099072 2927111744 1072499979 112 18712817 1095676927
======================
   8      16 sdb 11088630 8583 2785081396 23197652 4653824 14099087 2928655184 1073055576 137 18717818 1096233617
======================
   8      16 sdb 11088637 8583 2785081452 23199268 4656259 14099102 2930186480 1073628955 152 18722820 1096810724
======================
   8      16 sdb 11088643 8583 2785081500 23200742 4658741 14099117 2931748864 1074234590 132 18727825 1097414810
======================
   8      16 sdb 11088649 8583 2785081548 23202261 4661213 14099132 2933304848 1074827868 139 18732828 1098012400
======================
   8      16 sdb 11088656 8583 2785081604 23204002 4663632 14099146 2934826784 1075378495 156 18737829 1098562074
======================
   8      16 sdb 11088662 8583 2785081652 23205404 4666070 14099161 2936361264 1075993719 152 18742831 1099169325
======================
   8      16 sdb 11088669 8583 2785081708 23207304 4668525 14099175 2937905984 1076541369 125 18747833 1099718323
======================
   8      16 sdb 11088674 8583 2785081748 23208479 4670972 14099190 2939446864 1077140787 92 18752837 1100326246
======================
   8      16 sdb 11088680 8583 2785081796 23210410 4673464 14099205 2941014752 1077699548 99 18757840 1100887751
======================
   8      16 sdb 11088687 8583 2785081852 23212538 4675865 14099219 2942526656 1078210050 134 18762841 1101402878
======================
   8      16 sdb 11088693 8583 2785081900 23214143 4678350 14099234 2944090320 1078804843 149 18767843 1101998797
======================
   8      16 sdb 11088700 8583 2785081956 23216197 4680761 14099245 2945607784 1079341795 152 18772844 1102534101
======================
   8      16 sdb 11088706 8583 2785082004 23217807 4683207 14099259 2947146112 1079943743 139 18777848 1103124270
======================
   8      16 sdb 11088711 8583 2785082044 23219431 4685615 14099264 2948662832 1080499646 1 18782851 1103678939
======================
   8      16 sdb 11088718 8583 2785082100 23221774 4688093 14099279 2950222656 1081013638 22 18787852 1104201099
======================
   8      16 sdb 11088724 8583 2785082148 23223214 4690561 14099293 2951775696 1081623890 54 18792855 1104818657
======================
   8      16 sdb 11088731 8583 2785082204 23225405 4693009 14099308 2953316320 1082145151 105 18797857 1105349215
======================
   8      16 sdb 11088737 8583 2785082252 23227378 4695459 14099322 2954857840 1082683407 128 18802859 1105890297
======================
   8      16 sdb 11088743 8583 2785082300 23228744 4697901 14099337 2956395136 1083284501 152 18807862 1106495548
======================
   8      16 sdb 11088750 8583 2785082356 23231382 4700343 14099352 2957932176 1083757086 154 18812862 1106965170
======================
   8      16 sdb 11088756 8583 2785082404 23233450 4702779 14099366 2959464736 1084310650 153 18817865 1107514416
======================
   8      16 sdb 11088761 8583 2785082444 23234750 4705194 14099381 2960984752 1084888003 1 18822868 1108082529
======================
   8      16 sdb 11088769 8583 2785082508 23236970 4707699 14099396 2962560336 1085442183 155 18827871 1108640334
======================
   8      16 sdb 11088774 8583 2785082548 23238173 4710136 14099411 2964094432 1086046974 59 18832877 1109257836
======================
   8      16 sdb 11088781 8583 2785082604 23240180 4712549 14099426 2965613168 1086578045 131 18837880 1109798182
======================
   8      16 sdb 11088787 8583 2785082652 23242285 4714966 14099440 2967133824 1087113985 149 18842882 1110338051
======================
   8      16 sdb 11088793 8583 2785082700 23244124 4717383 14099455 2968655120 1087670517 135 18847883 1110892698
======================
   8      16 sdb 11088800 8583 2785082756 23245856 4719794 14099469 2970172192 1088231003 155 18852885 1111458599
======================
   8      16 sdb 11088806 8583 2785082804 23247977 4722232 14099484 2971706672 1088781707 137 18857889 1111995741
======================
   8      16 sdb 11088812 8583 2785082852 23249578 4724637 14099500 2973219920 1089339963 87 18862892 1112566688
======================
   8      16 sdb 11088818 8583 2785082900 23251400 4727073 14099514 2974752480 1089892081 134 18867895 1113123995
======================
   8      16 sdb 11088824 8583 2785082948 23253383 4729477 14099528 2976265704 1090443697 156 18872896 1113677039
======================
   8      16 sdb 11088831 8583 2785083004 23255269 4731914 14099542 2977798904 1090968308 156 18877900 1114199267
======================
   8      16 sdb 11088837 8583 2785083052 23257035 4734311 14099557 2979307656 1091532692 145 18882901 1114760985
======================
   8      16 sdb 11088843 8583 2785083100 23258864 4736725 14099572 2980827288 1092053089 80 18887904 1115288114
======================
   8      16 sdb 11088849 8583 2785083148 23260690 4739158 14099586 2982358568 1092608049 147 18892909 1115848513
======================
   8      16 sdb 11088855 8583 2785083196 23262583 4741585 14099601 2983885624 1093165793 136 18897911 1116410427
======================
   8      16 sdb 11088862 8583 2785083252 23264688 4743991 14099616 2985399880 1093699759 131 18902914 1116939896
======================
   8      16 sdb 11088867 8583 2785083292 23266085 4746289 14099631 2986846296 1094297042 97 18907917 1117543143
======================
   8      16 sdb 11088873 8583 2785083340 23267746 4748642 14099646 2988327400 1094877764 157 18912920 1118125600
======================
   8      16 sdb 11088879 8583 2785083388 23269428 4750967 14099658 2989790184 1095433470 2 18917924 1118662629
======================
   8      16 sdb 11088885 8583 2785083436 23271453 4753326 14099673 2991274872 1095981729 142 18922930 1119234459
======================
   8      16 sdb 11088892 8583 2785083492 23273645 4755622 14099687 2992720000 1096508387 128 18927932 1119752151
======================
   8      16 sdb 11088897 8583 2785083532 23275566 4757969 14099700 2994195984 1097026598 83 18932935 1120278715
======================
   8      16 sdb 11088903 8583 2785083580 23277295 4760302 14099715 2995664288 1097611547 155 18937938 1120868530
======================
   8      16 sdb 11088909 8583 2785083628 23278803 4762598 14099728 2997108776 1098208143 37 18942941 1121456795
======================
   8      16 sdb 11088915 8583 2785083676 23280570 4764897 14099741 2998555816 1098781504 135 18947945 1122042975
======================
   8      16 sdb 11088921 8583 2785083724 23282417 4767212 14099756 3000012856 1099361649 132 18952947 1122612067
======================
   8      16 sdb 11088927 8583 2785083772 23284069 4769473 14099768 3001435192 1099888065 139 18957949 1123152628
======================
   8      16 sdb 11088933 8583 2785083820 23285755 4771780 14099783 3002887112 1100482456 81 18962951 1123733405
======================
   8      16 sdb 11088939 8583 2785083868 23287745 4774061 14099798 3004322904 1101007907 138 18967954 1124260733
======================
   8      16 sdb 11088944 8583 2785083908 23289059 4776354 14099810 3005765464 1101569197 29 18972957 1124825937
======================
   8      16 sdb 11088950 8583 2785083956 23290655 4778679 14099825 3007228648 1102161764 158 18977960 1125432193
======================
   8      16 sdb 11089009 8583 2785084422 23292406 4780509 14099845 3008371976 1102584158 0 18981948 1125835521
started
======================
   8      16 sdb 11092995 8606 2785834054 23325551 4780513 14099846 3008372016 1102584159 15 18985715 1125871339
======================
   8      16 sdb 11099350 8654 2786657638 23406007 4780515 14099848 3008372048 1102584159 6 18990752 1125949334
======================
   8      16 sdb 11104906 8697 2787617854 23446734 4780515 14099848 3008372048 1102584159 1 18995531 1125989907
======================
   8      16 sdb 11111660 8739 2789177630 23456361 4780515 14099848 3008372048 1102584159 2 19000291 1125999564
======================
   8      16 sdb 11118465 8766 2790775862 23466746 4780515 14099848 3008372048 1102584159 2 19005256 1126009938
======================
   8      16 sdb 11125323 8802 2792363734 23476835 4780517 14099848 3008372064 1102584159 1 19010238 1126020038
======================
   8      16 sdb 11132389 8848 2793977974 23486860 4780517 14099848 3008372064 1102584159 1 19015216 1126030058
======================
   8      16 sdb 11139285 8891 2795564190 23496946 4780517 14099848 3008372064 1102584159 2 19020193 1126040141
======================
   8      16 sdb 11146369 8953 2797160542 23507124 4780517 14099848 3008372064 1102584159 2 19025150 1126050313
======================
   8      16 sdb 11153405 8985 2798773862 23517494 4780517 14099848 3008372064 1102584159 2 19030107 1126060678
======================
   8      16 sdb 11160301 9017 2800360054 23527620 4780517 14099848 3008372064 1102584159 2 19035071 1126070812
======================
   8      16 sdb 11167399 9057 2801975622 23537910 4780517 14099848 3008372064 1102584159 2 19040049 1126081099
======================
   8      16 sdb 11174295 9093 2803567190 23548435 4780517 14099848 3008372064 1102584159 1 19045034 1126091630
======================
   8      16 sdb 11181222 9135 2805165798 23558686 4780517 14099848 3008372064 1102584159 1 19050017 1126101883
======================
   8      16 sdb 11188033 9171 2806750646 23568685 4780517 14099848 3008372064 1102584159 2 19054991 1126111868
======================
   8      16 sdb 11195001 9218 2808358318 23578618 4780517 14099848 3008372064 1102584159 2 19059942 1126121808
======================
   8      16 sdb 11202018 9248 2809936286 23588934 4780517 14099848 3008372064 1102584159 3 19064879 1126132122
======================
   8      16 sdb 11209081 9288 2811535614 23599187 4780517 14099848 3008372064 1102584159 4 19069860 1126142366
======================
   8      16 sdb 11215967 9323 2813132190 23609283 4780517 14099848 3008372064 1102584159 2 19074837 1126152451
======================
   8      16 sdb 11222741 9352 2814726566 23619211 4780517 14099848 3008372064 1102584159 2 19079808 1126162380
======================
   8      16 sdb 11229779 9398 2816320694 23629340 4780517 14099848 3008372064 1102584159 2 19084781 1126172508
======================
   8      16 sdb 11236716 9431 2817918502 23639561 4780517 14099848 3008372064 1102584159 5 19089747 1126182716
======================
   8      16 sdb 11243778 9472 2819525726 23649882 4780517 14099848 3008372064 1102584159 3 19094696 1126193036
======================
   8      16 sdb 11250814 9507 2821112790 23660069 4780517 14099848 3008372064 1102584159 2 19099669 1126203231
======================
   8      16 sdb 11257622 9539 2822693110 23670080 4780517 14099848 3008372064 1102584159 2 19104646 1126213239
======================
   8      16 sdb 11264232 9569 2824235334 23680219 4780517 14099848 3008372064 1102584159 3 19109627 1126223366
======================
   8      16 sdb 11270994 9609 2825786678 23690470 4780517 14099848 3008372064 1102584159 1 19114594 1126233617
======================
   8      16 sdb 11277742 9650 2827323894 23700475 4780517 14099848 3008372064 1102584159 2 19119539 1126243621
======================
   8      16 sdb 11284551 9686 2828883630 23710952 4780517 14099848 3008372064 1102584159 2 19124523 1126254088
======================
   8      16 sdb 11291246 9712 2830429790 23721167 4780517 14099848 3008372064 1102584159 2 19129500 1126264303
======================
   8      16 sdb 11298052 9755 2831969558 23731611 4780517 14099848 3008372064 1102584159 1 19134482 1126274741
======================
   8      16 sdb 11304944 9792 2833534974 23741977 4780517 14099848 3008372064 1102584159 2 19139465 1126285099
======================
   8      16 sdb 11311593 9820 2835073062 23751979 4780517 14099848 3008372064 1102584159 2 19144443 1126295104
======================
   8      16 sdb 11318546 9864 2836640390 23762454 4780517 14099848 3008372064 1102584159 2 19149420 1126305588
======================
   8      16 sdb 11325019 9887 2838152566 23772663 4780517 14099848 3008372064 1102584159 2 19154407 1126315796
======================
   8      16 sdb 11331922 9928 2839720190 23782747 4780517 14099848 3008372064 1102584159 2 19159374 1126325867
======================
   8      16 sdb 11338806 9967 2841258766 23793268 4780517 14099848 3008372064 1102584159 2 19164317 1126336379
======================
   8      16 sdb 11345862 10009 2842815798 23803610 4780517 14099848 3008372064 1102584159 0 19169290 1126346722
======================
   8      16 sdb 11352607 10040 2844357318 23814030 4780517 14099848 3008372064 1102584159 2 19174250 1126357149
======================
   8      16 sdb 11359202 10066 2845897142 23824298 4780517 14099848 3008372064 1102584159 2 19179221 1126367406
======================
   8      16 sdb 11366109 10110 2847461878 23834465 4780517 14099848 3008372064 1102584159 2 19184185 1126377576
======================
   8      16 sdb 11372722 10136 2848992158 23844639 4780517 14099848 3008372064 1102584159 2 19189150 1126387752
======================
   8      16 sdb 11379532 10172 2850540862 23854887 4780517 14099848 3008372064 1102584159 2 19194119 1126397999
======================
   8      16 sdb 11386244 10202 2852077718 23865356 4780517 14099848 3008372064 1102584159 2 19199102 1126408478
======================
   8      16 sdb 11393090 10246 2853640646 23875513 4780517 14099848 3008372064 1102584159 2 19204077 1126418625
======================
   8      16 sdb 11399751 10279 2855176846 23885708 4780517 14099848 3008372064 1102584159 2 19209046 1126428812
======================
   8      16 sdb 11406585 10315 2856735254 23895824 4780517 14099848 3008372064 1102584159 7 19214008 1126438931
======================
   8      16 sdb 11413317 10345 2858277678 23906201 4780517 14099848 3008372064 1102584159 2 19218991 1126449307
======================
   8      16 sdb 11419809 10370 2859822718 23916308 4780517 14099848 3008372064 1102584159 1 19223961 1126459405
======================
   8      16 sdb 11426612 10415 2861367550 23926462 4780517 14099848 3008372064 1102584159 1 19228927 1126469552
======================
   8      16 sdb 11433248 10454 2862917566 23936631 4780517 14099848 3008372064 1102584159 2 19233905 1126479714
======================
   8      16 sdb 11439917 10494 2864467534 23946967 4780517 14099848 3008372064 1102584159 1 19238899 1126490042
======================
   8      16 sdb 11446659 10525 2866026422 23956975 4780517 14099848 3008372064 1102584159 2 19243851 1126500043
======================
   8      16 sdb 11453337 10556 2867562662 23967212 4780517 14099848 3008372064 1102584159 2 19248822 1126510290
======================
   8      16 sdb 11459823 10596 2869091350 23977244 4780517 14099848 3008372064 1102584159 2 19253808 1126520318
======================
   8      16 sdb 11466172 10621 2870611214 23987153 4780517 14099848 3008372064 1102584159 2 19258794 1126530222
======================
   8      16 sdb 11472951 10654 2872126934 23997242 4780517 14099848 3008372064 1102584159 2 19263762 1126540307
======================
   8      16 sdb 11479798 10702 2873673262 24007692 4780517 14099848 3008372064 1102584159 2 19268741 1126550758
======================
   8      16 sdb 11486437 10725 2875194086 24017805 4780517 14099848 3008372064 1102584159 1 19273719 1126560866
======================
   8      16 sdb 11493090 10751 2876729446 24028222 4780517 14099848 3008372064 1102584159 2 19278700 1126571287
======================
   8      16 sdb 11499864 10787 2878268166 24038713 4780517 14099848 3008372064 1102584159 2 19283675 1126581770
======================
   8      16 sdb 11506482 10813 2879788574 24048866 4780517 14099848 3008372064 1102584159 2 19288653 1126591930
======================
   8      16 sdb 11513132 10847 2881324974 24059245 4780517 14099848 3008372064 1102584159 2 19293636 1126602295
======================
   8      16 sdb 11519843 10892 2882839046 24069938 4780517 14099848 3008372064 1102584159 2 19298608 1126612976
======================
   8      16 sdb 11526638 10918 2884366190 24079844 4780517 14099848 3008372064 1102584159 2 19303522 1126622880
======================
   8      16 sdb 11533267 10957 2885889966 24089922 4780517 14099848 3008372064 1102584159 2 19308476 1126632948
======================
   8      16 sdb 11539857 10988 2887423278 24100019 4780517 14099848 3008372064 1102584159 2 19313443 1126643037
======================
   8      16 sdb 11546339 11020 2888950526 24109960 4780517 14099848 3008372064 1102584159 2 19318409 1126652976
======================
   8      16 sdb 11552561 11047 2890417734 24119956 4780517 14099848 3008372064 1102584159 2 19323398 1126662961
======================
   8      16 sdb 11558993 11098 2891878718 24130211 4780517 14099848 3008372064 1102584159 2 19328379 1126673226
======================
   8      16 sdb 11565508 11136 2893352910 24140950 4780517 14099848 3008372064 1102584159 2 19333360 1126683974
======================
   8      16 sdb 11572022 11170 2894838598 24151355 4780517 14099848 3008372064 1102584159 2 19338322 1126694377
======================
   8      16 sdb 11578546 11200 2896304814 24161740 4780517 14099848 3008372064 1102584159 2 19343267 1126704752
======================
   8      16 sdb 11585137 11240 2897779118 24172044 4780517 14099848 3008372064 1102584159 2 19348225 1126715058
======================
   8      16 sdb 11591807 11292 2899242790 24182618 4780517 14099848 3008372064 1102584159 3 19353185 1126725649
======================
   8      16 sdb 11598243 11329 2900711150 24192847 4780517 14099848 3008372064 1102584159 1 19358164 1126735865
======================
   8      16 sdb 11604526 11361 2902144502 24203070 4780517 14099848 3008372064 1102584159 2 19363151 1126746098
======================
   8      16 sdb 11610823 11392 2903607966 24213260 4780517 14099848 3008372064 1102584159 2 19368124 1126756279
======================
   8      16 sdb 11616997 11422 2905046998 24223530 4780517 14099848 3008372064 1102584159 2 19373107 1126766547
======================
   8      16 sdb 11623363 11451 2906505950 24233954 4780517 14099848 3008372064 1102584159 2 19378091 1126776974
======================
   8      16 sdb 11629455 11472 2907949598 24244297 4780517 14099848 3008372064 1102584159 2 19383081 1126787316
======================
   8      16 sdb 11635891 11506 2909397966 24254526 4780517 14099848 3008372064 1102584159 2 19388040 1126797554
======================
   8      16 sdb 11642323 11546 2910858262 24264748 4780517 14099848 3008372064 1102584159 2 19393017 1126807782
======================
   8      16 sdb 11648831 11591 2912295838 24275496 4780517 14099848 3008372064 1102584159 2 19397959 1126818536
