======================
   8      48 sdd 5415872 0 1384191326 12036303 2321571 9468231 1460866896 687836611 0 11151157 699853926
======================
   8      48 sdd 5415883 0 1384191414 12037427 2323720 9468231 1462221264 688422266 156 11155869 700465182
======================
   8      48 sdd 5415888 0 1384191454 12038598 2325820 9468257 1463537784 689057994 150 11160872 701102125
======================
   8      48 sdd 5415894 0 1384191502 12039749 2327910 9468270 1464853112 689675141 149 11165873 701720650
======================
   8      48 sdd 5415899 0 1384191542 12040912 2330006 9468282 1466171640 690298572 145 11170875 702345248
======================
   8      48 sdd 5415904 0 1384191582 12041962 2332083 9468295 1467478648 690928610 128 11175894 702976497
======================
   8      48 sdd 5415910 0 1384191630 12043188 2334161 9468308 1468786296 691536285 130 11180897 703584623
======================
   8      48 sdd 5415915 0 1384191670 12044241 2336263 9468320 1470108408 692159889 131 11185900 704209330
======================
   8      48 sdd 5415920 0 1384191710 12045357 2338359 9468333 1471427576 692778639 118 11190902 704828659
======================
   8      48 sdd 5415926 0 1384191758 12046545 2340448 9468346 1472742264 693383324 86 11195905 705431266
======================
   8      48 sdd 5415931 0 1384191798 12047815 2342539 9468360 1474057352 694012808 79 11200908 706061599
======================
   8      48 sdd 5415936 0 1384191838 12048992 2344630 9468373 1475373320 694630842 71 11205911 706678792
======================
   8      48 sdd 5415943 0 1384191894 12050421 2346716 9468386 1476686088 695234799 155 11210914 707289482
======================
   8      48 sdd 5415947 0 1384191926 12051428 2348811 9468399 1478003352 695857462 58 11215916 707905696
======================
   8      48 sdd 5415952 0 1384191966 12052838 2350901 9468412 1479318424 696454038 51 11220918 708502252
======================
   8      48 sdd 5415959 0 1384192022 12054451 2352991 9468425 1480633752 697050664 131 11225920 709100015
======================
   8      48 sdd 5415964 0 1384192062 12055598 2355084 9468437 1481950360 697655275 147 11230924 709716188
======================
   8      48 sdd 5415969 0 1384192102 12056762 2357175 9468450 1483266072 698265338 143 11235927 710326663
======================
   8      48 sdd 5415975 0 1384192150 12057985 2359265 9468463 1484581400 698868797 144 11240932 710931749
======================
   8      48 sdd 5415980 0 1384192190 12059163 2361357 9468476 1485897376 699508596 144 11245935 711554384
======================
   8      48 sdd 5415985 0 1384192230 12060419 2363447 9468489 1487212704 700134693 133 11250937 712184632
======================
   8      48 sdd 5415991 0 1384192278 12061465 2365539 9468502 1488529056 700744946 152 11255940 712811605
======================
   8      48 sdd 5415996 0 1384192318 12062722 2367633 9468514 1489846176 701373529 141 11260943 713431244
======================
   8      48 sdd 5416001 0 1384192358 12063824 2369722 9468527 1491160992 701987509 128 11265945 714056246
======================
   8      48 sdd 5416007 0 1384192406 12064756 2371813 9468540 1492476704 702619217 135 11270949 714689216
======================
   8      48 sdd 5416012 0 1384192446 12065658 2373907 9468553 1493793328 703254062 142 11275953 715325794
======================
   8      48 sdd 5416017 0 1384192486 12067029 2375997 9468566 1495108656 703851199 135 11280955 715920279
======================
   8      48 sdd 5416023 0 1384192534 12068250 2378088 9468579 1496424368 704457400 144 11285958 716529843
======================
   8      48 sdd 5416028 0 1384192574 12069379 2380182 9468591 1497741616 705075069 135 11290961 717149166
======================
   8      48 sdd 5416033 0 1384192614 12070265 2382272 9468604 1499056944 705707217 145 11295964 717783160
======================
   8      48 sdd 5416039 0 1384192662 12071433 2384364 9468617 1500373296 706315222 148 11300968 718392092
======================
   8      48 sdd 5416044 0 1384192702 12072609 2386458 9468631 1501690560 706951342 129 11305971 719028880
======================
   8      48 sdd 5416049 0 1384192742 12073783 2388546 9468644 1503005248 707570287 159 11310974 719649358
======================
   8      48 sdd 5416055 0 1384192790 12075013 2390639 9468657 1504321600 708176890 153 11315977 720256853
======================
   8      48 sdd 5416060 0 1384192830 12076425 2392733 9468669 1505638848 708775827 155 11320980 720857197
======================
   8      48 sdd 5416065 0 1384192870 12077828 2394825 9468682 1506955456 709376766 146 11325990 721459917
======================
   8      48 sdd 5416071 0 1384192918 12079087 2396917 9468695 1508271808 709990048 128 11330993 722073698
======================
   8      48 sdd 5416076 0 1384192958 12080224 2399011 9468708 1509588432 710607908 133 11335995 722692788
======================
   8      48 sdd 5416081 0 1384192998 12081433 2401099 9468721 1510902480 711225639 146 11340998 723312465
======================
   8      48 sdd 5416087 0 1384193046 12082662 2403191 9468734 1512219088 711833374 136 11346001 723921053
======================
   8      48 sdd 5416092 0 1384193086 12083822 2405284 9468746 1513535440 712445590 136 11351005 724534715
======================
   8      48 sdd 5416097 0 1384193126 12085038 2407373 9468759 1514850128 713062899 147 11356009 725153327
======================
   8      48 sdd 5416103 0 1384193174 12085991 2409464 9468772 1516166096 713686428 145 11361012 725777901
======================
   8      48 sdd 5416108 0 1384193214 12087170 2411558 9468785 1517483736 714329355 155 11366015 726421726
======================
   8      48 sdd 5416113 0 1384193254 12088354 2413645 9468798 1518796504 714962620 144 11371018 727056975
======================
   8      48 sdd 5416119 0 1384193302 12089849 2415736 9468811 1520112472 715574767 138 11376021 727669957
======================
   8      48 sdd 5416124 0 1384193342 12091023 2417829 9468824 1521430104 716203728 129 11381023 728299572
======================
   8      48 sdd 5416129 0 1384193382 12092431 2419917 9468837 1522743512 716796889 124 11386027 728894737
======================
   8      48 sdd 5416135 0 1384193430 12093617 2421987 9468851 1524045672 717409267 135 11391029 729508260
======================
   8      48 sdd 5416140 0 1384193470 12094755 2424083 9468864 1525364584 718033808 125 11396033 730133332
======================
   8      48 sdd 5416145 0 1384193510 12095853 2426184 9468877 1526686824 718647079 107 11401036 730746350
======================
   8      48 sdd 5416151 0 1384193558 12097296 2428278 9468890 1528004584 719232182 96 11406038 731331763
======================
   8      48 sdd 5416156 0 1384193598 12098422 2430369 9468903 1529320552 719849793 88 11411041 731949695
======================
   8      48 sdd 5416161 0 1384193638 12099561 2432459 9468916 1530635880 720464452 81 11416043 732564421
======================
   8      48 sdd 5416168 0 1384193694 12101148 2434549 9468929 1531950320 721053607 148 11421045 733159638
======================
   8      48 sdd 5416173 0 1384193734 12102319 2436643 9468942 1533268208 721690784 131 11426048 733794967
======================
   8      48 sdd 5416178 0 1384193774 12103495 2438732 9468955 1534582896 722310441 128 11431051 734415249
======================
   8      48 sdd 5416184 0 1384193822 12104791 2440820 9468964 1535897288 722920070 148 11436054 735022449
======================
   8      48 sdd 5416189 0 1384193862 12105969 2442914 9468980 1537214536 723540230 139 11441057 735643486
======================
   8      48 sdd 5416194 0 1384193902 12107298 2445006 9468989 1538531144 724157628 156 11446060 736256120
======================
   8      48 sdd 5416199 0 1384193942 12108213 2447095 9469003 1539845584 724772652 27 11451063 736869662
======================
   8      48 sdd 5416204 0 1384193982 12109626 2449190 9469015 1541162840 725370111 17 11456066 737465546
======================
   8      48 sdd 5416210 0 1384194030 12111092 2451279 9469032 1542477528 725968522 138 11461068 738084799
======================
   8      48 sdd 5416216 0 1384194078 12112206 2453371 9469041 1543794136 726587103 152 11466071 738703038
======================
   8      48 sdd 5416221 0 1384194118 12113338 2455464 9469053 1545110488 727208863 130 11471074 739319662
======================
   8      48 sdd 5416226 0 1384194158 12114477 2457553 9469066 1546425176 727829298 154 11476076 739935980
======================
   8      48 sdd 5416232 0 1384194206 12115412 2459645 9469079 1547741784 728456045 137 11481078 740567914
======================
   8      48 sdd 5416237 0 1384194246 12116552 2461732 9469091 1549054296 729067333 142 11486080 741178808
======================
   8      48 sdd 5416242 0 1384194286 12117810 2463820 9469106 1550368360 729695311 137 11491083 741809177
======================
   8      48 sdd 5416248 0 1384194334 12119132 2465912 9469120 1551684344 730316441 129 11496085 742432840
======================
   8      48 sdd 5416253 0 1384194374 12120308 2468000 9469132 1552998944 730951315 60 11501088 743068543
======================
   8      48 sdd 5416258 0 1384194414 12121480 2470089 9469145 1554313632 731570004 80 11506093 743691630
======================
   8      48 sdd 5416264 0 1384194462 12122810 2472180 9469159 1555629344 732177058 98 11511096 744300472
======================
   8      48 sdd 5416269 0 1384194502 12124300 2474271 9469171 1556944048 732766559 118 11516099 744893695
======================
   8      48 sdd 5416274 0 1384194542 12125710 2476358 9469175 1558257456 733363867 136 11521103 745494133
======================
   8      48 sdd 5416280 0 1384194590 12126851 2478451 9469188 1559574448 733978482 143 11526106 746109723
======================
   8      48 sdd 5416285 0 1384194630 12127985 2480543 9469200 1560890416 734593375 143 11531109 746726361
======================
   8      48 sdd 5416290 0 1384194670 12129130 2482633 9469213 1562205744 735211644 131 11536113 747345361
======================
   8      48 sdd 5416296 0 1384194718 12130363 2484725 9469226 1563522352 735811393 137 11541115 747946543
======================
   8      48 sdd 5416301 0 1384194758 12131503 2486816 9469238 1564837424 736426535 141 11546119 748563022
======================
   8      48 sdd 5416306 0 1384194798 12132922 2488905 9469252 1566152120 737053288 132 11551122 749190935
======================
   8      48 sdd 5416310 0 1384194830 12133931 2490996 9469265 1567468088 737694370 139 11556126 749833213
======================
   8      48 sdd 5416315 0 1384194870 12135419 2493089 9469277 1568784440 738288034 144 11561129 750428418
======================
   8      48 sdd 5416320 0 1384194910 12136672 2495179 9469290 1570099768 738906683 135 11566133 751048315
======================
   8      48 sdd 5416326 0 1384194958 12137956 2497271 9469303 1571416376 739516232 128 11571135 751658467
======================
   8      48 sdd 5416331 0 1384194998 12139013 2499363 9469316 1572731464 740145108 149 11576138 752289027
======================
   8      48 sdd 5416336 0 1384195038 12139974 2501453 9469329 1574046792 740778938 154 11581140 752923551
======================
   8      48 sdd 5416342 0 1384195086 12141401 2503544 9469342 1575362760 741365885 141 11586143 753512221
======================
   8      48 sdd 5416347 0 1384195126 12142445 2505636 9469354 1576678728 741993962 135 11591146 754141082
======================
   8      48 sdd 5416352 0 1384195166 12143818 2507725 9469367 1577993160 742588951 129 11596149 754737200
======================
   8      48 sdd 5416358 0 1384195214 12145066 2509817 9469380 1579309768 743185389 145 11601151 755335064
======================
   8      48 sdd 5416363 0 1384195254 12146241 2511908 9469393 1580625104 743829243 136 11606154 755980393
======================
   8      48 sdd 5416368 0 1384195294 12147426 2513995 9469406 1581938512 744464007 134 11611158 756616567
======================
   8      48 sdd 5416374 0 1384195342 12148634 2516088 9469419 1583255504 745070128 124 11616160 757223098
======================
   8      48 sdd 5416379 0 1384195382 12149887 2518181 9469431 1584572112 745693601 115 11621163 757847197
======================
   8      48 sdd 5416384 0 1384195422 12151063 2520268 9469444 1585885520 746313310 111 11626166 758468326
started
======================
   8      48 sdd 5416448 0 1384195928 12151939 2521589 9469465 1586708592 746680422 0 11629300 758812543
======================
   8      48 sdd 5420873 0 1385319808 12160747 2521589 9469465 1586708592 746680422 2 11633859 758821350
======================
   8      48 sdd 5425697 0 1386554752 12170374 2521592 9469467 1586708632 746680422 2 11638862 758830972
======================
   8      48 sdd 5429798 0 1387604608 12180069 2521592 9469467 1586708632 746680422 1 11643865 758840657
======================
   8      48 sdd 5434618 0 1388838528 12189693 2521592 9469467 1586708632 746680422 2 11648868 758850269
======================
   8      48 sdd 5439433 0 1390071168 12199336 2521592 9469467 1586708632 746680422 2 11653872 758859909
======================
   8      48 sdd 5444248 0 1391303808 12208974 2521592 9469467 1586708632 746680422 2 11658875 758869537
======================
   8      48 sdd 5449064 0 1392536704 12218611 2521592 9469467 1586708632 746680422 2 11663878 758879172
======================
   8      48 sdd 5453885 0 1393770880 12228256 2521592 9469467 1586708632 746680422 2 11668883 758888810
======================
   8      48 sdd 5458706 0 1395005056 12237901 2521594 9469467 1586708648 746680422 2 11673887 758898450
======================
   8      48 sdd 5463520 0 1396237440 12247557 2521594 9469467 1586708648 746680422 2 11678890 758908093
======================
   8      48 sdd 5468333 0 1397469568 12257174 2521594 9469467 1586708648 746680422 2 11683893 758917704
======================
   8      48 sdd 5473147 0 1398701952 12266816 2521594 9469467 1586708648 746680422 2 11688896 758927331
======================
   8      48 sdd 5477967 0 1399935872 12276449 2521594 9469467 1586708648 746680422 2 11693900 758936958
======================
   8      48 sdd 5482788 0 1401170048 12286086 2521594 9469467 1586708648 746680422 2 11698903 758946592
======================
   8      48 sdd 5487613 0 1402405248 12295722 2521594 9469467 1586708648 746680422 2 11703908 758956214
======================
   8      48 sdd 5492429 0 1403638144 12305344 2521594 9469467 1586708648 746680422 2 11708911 758965827
======================
   8      48 sdd 5497245 0 1404871040 12314950 2521594 9469467 1586708648 746680422 2 11713914 758975424
======================
   8      48 sdd 5502062 0 1406104192 12324584 2521594 9469467 1586708648 746680422 2 11718917 758985055
======================
   8      48 sdd 5506883 0 1407338368 12334219 2521594 9469467 1586708648 746680422 2 11723920 758994677
======================
   8      48 sdd 5511707 0 1408573312 12343857 2521594 9469467 1586708648 746680422 2 11728924 759004306
======================
   8      48 sdd 5516528 0 1409807488 12353482 2521594 9469467 1586708648 746680422 2 11733927 759013918
======================
   8      48 sdd 5521354 0 1411042944 12363103 2521594 9469467 1586708648 746680422 2 11738941 759023535
======================
   8      48 sdd 5526168 0 1412275328 12372740 2521594 9469467 1586708648 746680422 1 11743944 759033166
======================
   8      48 sdd 5530988 0 1413509248 12382374 2521594 9469467 1586708648 746680422 2 11748947 759042792
======================
   8      48 sdd 5535810 0 1414743680 12392008 2521594 9469467 1586708648 746680422 2 11753950 759052420
======================
   8      48 sdd 5540634 0 1415978624 12401639 2521594 9469467 1586708648 746680422 2 11758954 759062046
======================
   8      48 sdd 5545452 0 1417212032 12411261 2521594 9469467 1586708648 746680422 2 11763958 759071656
======================
   8      48 sdd 5550268 0 1418444928 12420891 2521594 9469467 1586708648 746680422 2 11768962 759081280
======================
   8      48 sdd 5554985 0 1419652480 12430535 2521594 9469467 1586708648 746680422 2 11773967 759090915
======================
   8      48 sdd 5559681 0 1420854656 12440111 2521594 9469467 1586708648 746680422 2 11778968 759100487
======================
   8      48 sdd 5564378 0 1422057088 12449706 2521594 9469467 1586708648 746680422 2 11783965 759110072
======================
   8      48 sdd 5569068 0 1423257728 12459295 2521594 9469467 1586708648 746680422 2 11788964 759119657
======================
   8      48 sdd 5573752 0 1424456832 12468905 2521594 9469467 1586708648 746680422 2 11793958 759129261
======================
   8      48 sdd 5578446 0 1425658496 12478507 2521594 9469467 1586708648 746680422 2 11798956 759138857
======================
   8      48 sdd 5583135 0 1426858880 12488084 2521594 9469467 1586708648 746680422 2 11803954 759148424
======================
   8      48 sdd 5587825 0 1428059520 12497716 2521594 9469467 1586708648 746680422 2 11808956 759158048
======================
   8      48 sdd 5592524 0 1429262464 12507300 2521594 9469467 1586708648 746680422 2 11813959 759167630
======================
   8      48 sdd 5597226 0 1430466176 12516929 2521594 9469467 1586708648 746680422 2 11818955 759177248
======================
   8      48 sdd 5601907 0 1431664512 12526519 2521594 9469467 1586708648 746680422 2 11823953 759186832
======================
   8      48 sdd 5606597 0 1432865152 12536102 2521594 9469467 1586708648 746680422 2 11828949 759196402
======================
   8      48 sdd 5611295 0 1434067840 12545696 2521594 9469467 1586708648 746680422 2 11833946 759205986
======================
   8      48 sdd 5616088 0 1435294848 12555316 2521594 9469467 1586708648 746680422 2 11838949 759215597
======================
   8      48 sdd 5620908 0 1436528768 12564953 2521594 9469467 1586708648 746680422 2 11843954 759225229
======================
   8      48 sdd 5625731 0 1437763456 12574591 2521594 9469467 1586708648 746680422 2 11848957 759234857
======================
   8      48 sdd 5630555 0 1438998400 12584236 2521594 9469467 1586708648 746680422 2 11853960 759244495
======================
   8      48 sdd 5635374 0 1440232064 12593881 2521594 9469467 1586708648 746680422 2 11858964 759254129
======================
   8      48 sdd 5640189 0 1441464704 12603492 2521594 9469467 1586708648 746680422 2 11863967 759263735
======================
   8      48 sdd 5645006 0 1442697856 12613123 2521594 9469467 1586708648 746680422 2 11868970 759273357
======================
   8      48 sdd 5649825 0 1443931520 12622757 2521594 9469467 1586708648 746680422 2 11873974 759282978
======================
   8      48 sdd 5654650 0 1445166720 12632398 2521594 9469467 1586708648 746680422 2 11878979 759292607
======================
   8      48 sdd 5659473 0 1446401408 12642036 2521594 9469467 1586708648 746680422 2 11883982 759302236
======================
   8      48 sdd 5664289 0 1447634304 12651660 2521594 9469467 1586708648 746680422 2 11888986 759311856
======================
   8      48 sdd 5669106 0 1448867456 12661294 2521594 9469467 1586708648 746680422 2 11893989 759321486
======================
   8      48 sdd 5673923 0 1450100608 12670898 2521594 9469467 1586708648 746680422 2 11898992 759331081
======================
   8      48 sdd 5678746 0 1451335296 12680530 2521594 9469467 1586708648 746680422 2 11903996 759340707
======================
   8      48 sdd 5683570 0 1452570240 12690184 2521594 9469467 1586708648 746680422 2 11908999 759350356
======================
   8      48 sdd 5688393 0 1453804928 12699821 2521594 9469467 1586708648 746680422 2 11914004 759359984
======================
   8      48 sdd 5693210 0 1455038080 12709436 2521594 9469467 1586708648 746680422 2 11919008 759369595
======================
   8      48 sdd 5698028 0 1456271488 12719088 2521594 9469467 1586708648 746680422 2 11924011 759379238
======================
   8      48 sdd 5702848 0 1457505408 12728714 2521594 9469467 1586708648 746680422 2 11929014 759388854
======================
   8      48 sdd 5707671 0 1458740096 12738347 2521594 9469467 1586708648 746680422 2 11934017 759398481
======================
   8      48 sdd 5712494 0 1459974784 12747978 2521594 9469467 1586708648 746680422 2 11939020 759408099
======================
   8      48 sdd 5717311 0 1461207936 12757619 2521594 9469467 1586708648 746680422 2 11944023 759417734
======================
   8      48 sdd 5722130 0 1462441600 12767250 2521594 9469467 1586708648 746680422 2 11949028 759427354
======================
   8      48 sdd 5726948 0 1463675008 12776892 2521594 9469467 1586708648 746680422 2 11954032 759436990
======================
   8      48 sdd 5731772 0 1464909952 12786521 2521594 9469467 1586708648 746680422 2 11959036 759446613
======================
   8      48 sdd 5736597 0 1466145152 12796150 2521594 9469467 1586708648 746680422 2 11964039 759456237
======================
   8      48 sdd 5741419 0 1467379584 12805781 2521594 9469467 1586708648 746680422 2 11969042 759465862
======================
   8      48 sdd 5746235 0 1468612480 12815415 2521594 9469467 1586708648 746680422 2 11974045 759475483
======================
   8      48 sdd 5751051 0 1469845376 12825020 2521594 9469467 1586708648 746680422 2 11979049 759485082
======================
   8      48 sdd 5755872 0 1471079552 12834662 2521594 9469467 1586708648 746680422 2 11984054 759494716
======================
   8      48 sdd 5760694 0 1472313984 12844297 2521594 9469467 1586708648 746680422 2 11989058 759504346
======================
   8      48 sdd 5765517 0 1473548424 12853923 2521594 9469467 1586708648 746680422 1 11994061 759513963
======================
   8      48 sdd 5770334 0 1474781576 12863562 2521594 9469467 1586708648 746680422 2 11999064 759523593
======================
   8      48 sdd 5775144 0 1476013192 12873212 2521594 9469467 1586708648 746680422 2 12004067 759533236
======================
   8      48 sdd 5779959 0 1477245576 12882845 2521594 9469467 1586708648 746680422 2 12009071 759542863
======================
   8      48 sdd 5784779 0 1478479496 12892467 2521594 9469467 1586708648 746680422 2 12014075 759552480
======================
   8      48 sdd 5789600 0 1479713672 12902081 2521594 9469467 1586708648 746680422 2 12019079 759562085
======================
   8      48 sdd 5794422 0 1480948104 12911703 2521594 9469467 1586708648 746680422 2 12024083 759571697
======================
   8      48 sdd 5799237 0 1482180744 12921332 2521594 9469467 1586708648 746680422 2 12029086 759581314
======================
   8      48 sdd 5804055 0 1483414152 12930968 2521594 9469467 1586708648 746680422 2 12034089 759590937
======================
   8      48 sdd 5808872 0 1484647304 12940606 2521594 9469467 1586708648 746680422 2 12039093 759600569
======================
   8      48 sdd 5813693 0 1485881480 12950219 2521594 9469467 1586708648 746680422 2 12044096 759610171
======================
   8      48 sdd 5818517 0 1487116424 12959838 2521594 9469467 1586708648 746680422 2 12049099 759619785
======================
   8      48 sdd 5823340 0 1488351112 12969458 2521594 9469467 1586708648 746680422 2 12054104 759629396
======================
   8      48 sdd 5828157 0 1489584520 12979098 2521594 9469467 1586708648 746680422 2 12059107 759639028
======================
   8      48 sdd 5832983 0 1490819720 12988720 2521594 9469467 1586708648 746680422 2 12064111 759648638
======================
   8      48 sdd 5837806 0 1492054408 12998333 2521594 9469467 1586708648 746680422 2 12069114 759658246
======================
   8      48 sdd 5842630 0 1493289352 13007976 2521594 9469467 1586708648 746680422 2 12074118 759667884
======================
   8      48 sdd 5847453 0 1494524040 13017603 2521594 9469467 1586708648 746680422 2 12079121 759677507
======================
   8      48 sdd 5852279 0 1495759496 13027247 2521594 9469467 1586708648 746680422 2 12084124 759687140
======================
   8      48 sdd 5857108 0 1496995720 13036879 2521594 9469467 1586708648 746680422 1 12089129 759696766
======================
   8      48 sdd 5861938 0 1498232200 13046491 2521594 9469467 1586708648 746680422 2 12094132 759706373
======================
   8      48 sdd 5866764 0 1499467656 13056111 2521594 9469467 1586708648 746680422 2 12099136 759715984
======================
   8      48 sdd 5871588 0 1500702600 13065739 2521594 9469467 1586708648 746680422 2 12104139 759725606
======================
   8      48 sdd 5876413 0 1501937800 13075394 2521594 9469467 1586708648 746680422 2 12109143 759735246
======================
   8      48 sdd 5881239 0 1503173256 13085015 2521594 9469467 1586708648 746680422 1 12114146 759744857
======================
   8      48 sdd 5886068 0 1504409480 13094645 2521594 9469467 1586708648 746680422 2 12119149 759754478
======================
   8      48 sdd 5890897 0 1505645704 13104287 2521594 9469467 1586708648 746680422 2 12124153 759764108
======================
   8      48 sdd 5895723 0 1506881160 13113894 2521594 9469467 1586708648 746680422 2 12129157 759773714
======================
   8      48 sdd 5900538 0 1508113800 13123533 2521594 9469467 1586708648 746680422 2 12134160 759783344
======================
   8      48 sdd 5905363 0 1509349000 13133148 2521594 9469467 1586708648 746680422 2 12139164 759792954
