157.468
173.172
172.473
173.473
174.074
177.172
178.071
177.274
180.175
177.874
178.172
178.773
178.471
177.373
178.271
175.878
178.068
177.160
178.259
177.560
177.759
177.259
178.561
177.269
178.159
177.664
175.760
178.359
178.663
178.960
177.262
177.759
179.259
179.372
178.566
177.764
177.059
176.765
178.063
177.865
178.373
178.074
179.972
178.372
176.872
178.066
177.960
178.662
178.761
180.659
177.159
177.358
180.559
178.460
178.359
177.860
177.960
179.458
177.060
177.059
178.359
177.960
175.661
175.860
177.761
180.162
179.458
176.061
179.060
177.358
177.761
179.259
179.160
180.061
177.960
179.758
178.759
176.263
179.259
177.560
178.361
176.763
178.958
176.965
177.759
178.259
178.060
176.261
177.962
177.062
181.259
177.960
178.760
177.860
177.759
178.759
178.260
176.859
177.559
177.860
179.658
178.760
176.961
178.860
178.861
178.860
179.262
178.860
178.963
178.465
145.395
