======================
   8      48 sdd 10446196 5538 2644742326 23709521 4423001 17359793 2783127632 1307392378 0 21193010 1331062053
======================
   8      48 sdd 10446206 5538 2644742406 23710205 4424192 17359793 2783878352 1307583958 150 21194779 1331259997
======================
   8      48 sdd 10446212 5538 2644742454 23711490 4426295 17359823 2785194296 1308183811 144 21199781 1331869191
======================
   8      48 sdd 10446217 5538 2644742494 23712733 4428384 17359836 2786508984 1308810869 132 21204784 1332505573
======================
   8      48 sdd 10446223 5538 2644742542 23714211 4430477 17359849 2787826232 1309421455 153 21209787 1333118526
======================
   8      48 sdd 10446228 5538 2644742582 23715451 4432567 17359862 2789141304 1310037940 143 21214789 1333736914
======================
   8      48 sdd 10446233 5538 2644742622 23716497 4434654 17359875 2790454712 1310662949 149 21219803 1334364681
======================
   8      48 sdd 10446239 5538 2644742670 23717714 4436743 17359888 2791769400 1311272532 131 21224807 1334975161
======================
   8      48 sdd 10446244 5538 2644742710 23719043 4438831 17359901 2793083448 1311873879 148 21229810 1335578485
======================
   8      48 sdd 10446249 5538 2644742750 23720028 4440917 17359914 2794396216 1312505745 156 21234812 1336210829
======================
   8      48 sdd 10446255 5538 2644742798 23721434 4443007 17359927 2795711544 1313093974 146 21239815 1336800409
======================
   8      48 sdd 10446260 5538 2644742838 23722304 4445094 17359940 2797024696 1313734293 151 21244818 1337442020
======================
   8      48 sdd 10446265 5538 2644742878 23723406 4447181 17359953 2798338104 1314351566 147 21249824 1338060314
======================
   8      48 sdd 10446271 5538 2644742926 23724629 4449272 17359967 2799652816 1314961640 152 21254827 1338671156
======================
   8      48 sdd 10446276 5538 2644742966 23725792 4451362 17359980 2800968144 1315598713 140 21259830 1339309241
======================
   8      48 sdd 10446281 5538 2644743006 23726958 4453450 17359993 2802282192 1316210571 135 21264833 1339922423
======================
   8      48 sdd 10446287 5538 2644743054 23728538 4455542 17360005 2803597904 1316786564 150 21269835 1340499525
======================
   8      48 sdd 10446292 5538 2644743094 23729852 4457631 17360018 2804912592 1317387985 144 21274839 1341102470
======================
   8      48 sdd 10446297 5538 2644743134 23731244 4459720 17360031 2806227280 1317983930 138 21279843 1341700142
======================
   8      48 sdd 10446303 5538 2644743182 23732137 4461813 17360043 2807543632 1318623698 129 21284846 1342340113
======================
   8      48 sdd 10446308 5538 2644743222 23733321 4463903 17360056 2808858960 1319242139 122 21289849 1342959526
======================
   8      48 sdd 10446313 5538 2644743262 23734449 4465979 17360069 2810165328 1319855262 129 21294852 1343574180
======================
   8      48 sdd 10446319 5538 2644743310 23735497 4468064 17360081 2811476816 1320483475 128 21299855 1344203201
======================
   8      48 sdd 10446324 5538 2644743350 23736620 4470159 17360094 2812795344 1321103998 116 21304858 1344824243
======================
   8      48 sdd 10446329 5538 2644743390 23737486 4472253 17360107 2814112976 1321744745 79 21309862 1345461740
======================
   8      48 sdd 10446335 5538 2644743438 23738736 4474346 17360121 2815428968 1322375038 71 21314865 1346091928
======================
   8      48 sdd 10446340 5538 2644743478 23739895 4476436 17360134 2816744296 1323008899 64 21319869 1346725677
======================
   8      48 sdd 10446345 5538 2644743518 23741056 4478523 17360147 2818057704 1323629493 60 21324872 1347346572
======================
   8      48 sdd 10446351 5538 2644743566 23742359 4480615 17360159 2819373416 1324234410 52 21329875 1347951496
======================
   8      48 sdd 10446356 5538 2644743606 23743747 4482705 17360172 2820688744 1324845447 45 21334877 1348561986
======================
   8      48 sdd 10446361 5538 2644743646 23745139 4484797 17360185 2822005352 1325440591 36 21339891 1349156339
======================
   8      48 sdd 10446367 5538 2644743694 23746395 4486890 17360197 2823321704 1326049414 27 21344893 1349763860
======================
   8      48 sdd 10446372 5538 2644743734 23747511 4488980 17360210 2824637032 1326672234 20 21349897 1350385965
======================
   8      48 sdd 10446377 5538 2644743774 23748655 4491068 17360223 2825951080 1327290000 15 21354900 1351003390
======================
   8      48 sdd 10446384 5538 2644743830 23750086 4493161 17360235 2827267688 1327894499 143 21359903 1351611831
======================
   8      48 sdd 10446389 5538 2644743870 23751210 4495251 17360248 2828582760 1328516462 143 21364906 1352233318
======================
   8      48 sdd 10446394 5538 2644743910 23752373 4497338 17360262 2829896176 1329138162 131 21369910 1352874423
======================
   8      48 sdd 10446400 5538 2644743958 23753384 4499432 17360275 2831212800 1329768461 150 21374912 1353504481
======================
   8      48 sdd 10446405 5538 2644743998 23754624 4501521 17360288 2832527488 1330385309 138 21379916 1354120869
======================
   8      48 sdd 10446410 5538 2644744038 23755935 4503609 17360301 2833841280 1331001078 149 21384918 1354733615
======================
   8      48 sdd 10446416 5538 2644744086 23757144 4505693 17360313 2835152128 1331611891 155 21389920 1355346754
======================
   8      48 sdd 10446421 5538 2644744126 23758318 4507770 17360326 2836459392 1332239667 145 21394923 1355981841
======================
   8      48 sdd 10446426 5538 2644744166 23759481 4509868 17360339 2837779584 1332859099 130 21399928 1356602442
======================
   8      48 sdd 10446432 5538 2644744214 23760587 4511965 17360351 2839099992 1333482530 144 21404932 1357226554
======================
   8      48 sdd 10446437 5538 2644744254 23761903 4514057 17360364 2840415104 1334097869 130 21409937 1357840935
======================
   8      48 sdd 10446442 5538 2644744294 23763299 4516144 17360377 2841729112 1334694934 153 21414940 1358436264
======================
   8      48 sdd 10446448 5538 2644744342 23764271 4518237 17360389 2843045120 1335314272 138 21419942 1359062377
======================
   8      48 sdd 10446453 5538 2644744382 23765315 4520325 17360398 2844359768 1335939513 140 21424945 1359689269
======================
   8      48 sdd 10446458 5538 2644744422 23766443 4522414 17360415 2845674200 1336554644 157 21429950 1360305069
======================
   8      48 sdd 10446464 5538 2644744470 23767401 4524505 17360425 2846990176 1337184085 142 21434953 1360935892
======================
   8      48 sdd 10446469 5538 2644744510 23768546 4526598 17360441 2848306152 1337802159 148 21439957 1361555083
======================
   8      48 sdd 10446474 5538 2644744550 23769652 4528687 17360450 2849620584 1338417371 149 21444959 1362171030
======================
   8      48 sdd 10446480 5538 2644744598 23770800 4530778 17360466 2850936552 1339028778 137 21449963 1362783872
======================
   8      48 sdd 10446485 5538 2644744638 23772194 4532869 17360475 2852251752 1339644855 149 21454966 1363401486
======================
   8      48 sdd 10446490 5538 2644744678 23773360 4534956 17360493 2853565296 1340278582 135 21459972 1364036507
======================
   8      48 sdd 10446496 5538 2644744726 23774566 4537051 17360502 2854883568 1340910494 157 21464975 1364645786
======================
   8      48 sdd 10446501 5538 2644744766 23775890 4539139 17360514 2856198168 1341519621 16 21469978 1365260460
======================
   8      48 sdd 10446506 5538 2644744806 23777134 4541225 17360527 2857510936 1342138026 39 21474981 1365886307
======================
   8      48 sdd 10446512 5538 2644744854 23778360 4543318 17360540 2858828184 1342749795 81 21479985 1366507287
======================
   8      48 sdd 10446517 5538 2644744894 23779482 4545408 17360552 2860142616 1343374685 101 21484987 1367136036
======================
   8      48 sdd 10446522 5538 2644744934 23780642 4547507 17360565 2861463704 1343997174 111 21490023 1367761075
======================
   8      48 sdd 10446528 5538 2644744982 23781847 4549599 17360569 2862780056 1344604740 128 21495026 1368370508
======================
   8      48 sdd 10446533 5538 2644745022 23782945 4551689 17360582 2864094120 1345218641 139 21500029 1368986612
======================
   8      48 sdd 10446538 5538 2644745062 23784078 4553778 17360595 2865408808 1345833268 146 21505033 1369602179
======================
   8      48 sdd 10446544 5538 2644745110 23785030 4555873 17360608 2866727080 1346461609 142 21510042 1370230970
======================
   8      48 sdd 10446549 5538 2644745150 23786195 4557962 17360621 2868041136 1347103785 152 21515046 1370874798
======================
   8      48 sdd 10446554 5538 2644745190 23787357 4560052 17360634 2869356464 1347726591 143 21520050 1371498588
======================
   8      48 sdd 10446560 5538 2644745238 23788783 4562144 17360647 2870673072 1348337580 136 21525052 1372110506
======================
   8      48 sdd 10446565 5538 2644745278 23790036 4564227 17360660 2871983920 1348954995 136 21530055 1372729297
======================
   8      48 sdd 10446570 5538 2644745318 23791197 4566316 17360674 2873297728 1349578888 105 21535058 1373352230
======================
   8      48 sdd 10446577 5538 2644745374 23792625 4568405 17360687 2874612416 1350174584 140 21540062 1373950802
======================
   8      48 sdd 10446581 5538 2644745406 23793473 4570492 17360700 2875925824 1350811310 95 21545064 1374585910
======================
   8      48 sdd 10446586 5538 2644745446 23794602 4572571 17360713 2877234112 1351436071 99 21550079 1375212497
======================
   8      48 sdd 10446592 5538 2644745494 23795782 4574656 17360727 2878545616 1352047245 98 21555082 1375824349
======================
   8      48 sdd 10446597 5538 2644745534 23796910 4576753 17360740 2879865424 1352660949 84 21560086 1376437304
======================
   8      48 sdd 10446602 5538 2644745574 23798042 4578845 17360753 2881181776 1353278827 75 21565089 1377055662
======================
   8      48 sdd 10446609 5538 2644745630 23799587 4580936 17360766 2882497744 1353864997 147 21570098 1377647688
======================
   8      48 sdd 10446613 5538 2644745662 23800376 4583026 17360779 2883813072 1354504168 60 21575101 1378280226
======================
   8      48 sdd 10446618 5538 2644745702 23801505 4585114 17360792 2885126992 1355118265 55 21580105 1378894847
======================
   8      48 sdd 10446625 5538 2644745758 23802812 4587208 17360805 2886444120 1355731681 150 21585109 1379517952
======================
   8      48 sdd 10446629 5538 2644745790 23803899 4589297 17360818 2887758808 1356364934 39 21590113 1380139499
======================
   8      48 sdd 10446634 5538 2644745830 23805077 4591386 17360831 2889073496 1356983396 33 21595116 1380757762
======================
   8      48 sdd 10446640 5538 2644745878 23806280 4593480 17360843 2890390488 1357596518 23 21600120 1381369537
======================
   8      48 sdd 10446645 5538 2644745918 23807534 4595567 17360856 2891703896 1358213900 19 21605121 1381986809
======================
   8      48 sdd 10446650 5538 2644745958 23808634 4597657 17360869 2893019224 1358840025 12 21610126 1382611868
======================
   8      48 sdd 10446657 5538 2644746014 23810282 4599751 17360882 2894335848 1359447618 151 21615130 1383221287
======================
   8      48 sdd 10446662 5538 2644746054 23811754 4601839 17360895 2895649640 1360043897 144 21620133 1383820441
======================
   8      48 sdd 10446666 5538 2644746086 23812695 4603919 17360908 2896958568 1360650484 1 21625136 1384422830
======================
   8      48 sdd 10446673 5538 2644746142 23813942 4606020 17360920 2898280296 1361263909 153 21630140 1385061823
======================
   8      48 sdd 10446678 5538 2644746182 23815068 4608109 17360933 2899594984 1361880108 153 21635144 1385679103
======================
   8      48 sdd 10446684 5538 2644746230 23816462 4610198 17360946 2900909416 1362490799 143 21640147 1386269122
======================
   8      48 sdd 10446689 5538 2644746270 23817346 4612295 17360958 2902228584 1363117807 139 21645158 1386909164
======================
   8      48 sdd 10446694 5538 2644746310 23818506 4614384 17360972 2903543280 1363740393 143 21650161 1387532481
======================
   8      48 sdd 10446700 5538 2644746358 23819735 4616473 17360985 2904857712 1364372550 150 21655164 1388161226
======================
   8      48 sdd 10446705 5538 2644746398 23820910 4618566 17360997 2906174320 1365001113 156 21660168 1388798997
======================
   8      48 sdd 10446710 5538 2644746438 23822075 4620655 17361010 2907489008 1365619564 149 21665170 1389419896
======================
   8      48 sdd 10446716 5538 2644746486 23823478 4622746 17361023 2908805352 1366216554 157 21670181 1390014280
started
======================
   8      48 sdd 10450020 5556 2645269408 23842317 4623022 17361040 2908969456 1366296675 2 21672820 1390098249
======================
   8      48 sdd 10454711 5581 2646349768 23852558 4623025 17361042 2908969496 1366296675 2 21677831 1390108483
======================
   8      48 sdd 10459980 5607 2647591728 23862753 4623025 17361042 2908969496 1366296675 2 21682814 1390118677
======================
   8      48 sdd 10465224 5632 2648832104 23872825 4623025 17361042 2908969496 1366296675 2 21687805 1390128744
======================
   8      48 sdd 10470704 5661 2650071936 23883329 4623025 17361042 2908969496 1366296675 2 21692771 1390139238
======================
   8      48 sdd 10476219 5703 2651311024 23893636 4623025 17361042 2908969496 1366296675 2 21697742 1390149543
======================
   8      48 sdd 10481533 5735 2652550280 23904029 4623025 17361042 2908969496 1366296675 2 21702719 1390159932
======================
   8      48 sdd 10486897 5760 2653792528 23914420 4623025 17361042 2908969496 1366296675 2 21707704 1390170314
======================
   8      48 sdd 10492339 5785 2655030600 23924948 4623027 17361042 2908969512 1366296675 2 21712680 1390180842
======================
   8      48 sdd 10497596 5806 2656255168 23935141 4623027 17361042 2908969512 1366296675 2 21717643 1390191034
======================
   8      48 sdd 10502913 5833 2657501960 23945633 4623027 17361042 2908969512 1366296675 2 21722629 1390201522
======================
   8      48 sdd 10508272 5866 2658748920 23955994 4623027 17361042 2908969512 1366296675 2 21727614 1390211881
======================
   8      48 sdd 10513673 5890 2659989616 23966280 4623027 17361042 2908969512 1366296675 3 21732598 1390222172
======================
   8      48 sdd 10518999 5908 2661236080 23976818 4623027 17361042 2908969512 1366296675 2 21737593 1390232702
======================
   8      48 sdd 10524325 5934 2662477072 23987130 4623027 17361042 2908969512 1366296675 1 21742577 1390243013
======================
   8      48 sdd 10529706 5966 2663703296 23997590 4623027 17361042 2908969512 1366296675 2 21747546 1390253466
======================
   8      48 sdd 10535156 6012 2664936208 24007967 4623027 17361042 2908969512 1366296675 2 21752505 1390263854
======================
   8      48 sdd 10540448 6033 2666181392 24018105 4623027 17361042 2908969512 1366296675 1 21757487 1390273985
======================
   8      48 sdd 10545852 6056 2667425664 24028498 4623027 17361042 2908969512 1366296675 2 21762471 1390284371
======================
   8      48 sdd 10551218 6081 2668674528 24039094 4623027 17361042 2908969512 1366296675 2 21767466 1390294955
======================
   8      48 sdd 10556514 6100 2669912568 24049170 4623027 17361042 2908969512 1366296675 2 21772447 1390305028
======================
   8      48 sdd 10561919 6130 2671153664 24059465 4623027 17361042 2908969512 1366296675 2 21777427 1390315323
======================
   8      48 sdd 10567131 6140 2672381880 24069605 4623027 17361042 2908969512 1366296675 2 21782400 1390325463
======================
   8      48 sdd 10572431 6159 2673623928 24079769 4623027 17361042 2908969512 1366296675 2 21787383 1390335618
======================
   8      48 sdd 10577639 6165 2674869376 24089797 4623027 17361042 2908969512 1366296675 2 21792377 1390345655
======================
   8      48 sdd 10582850 6183 2676111056 24099860 4623027 17361042 2908969512 1366296675 2 21797369 1390355720
======================
   8      48 sdd 10588352 6221 2677349848 24110342 4623027 17361042 2908969512 1366296675 2 21802353 1390366195
======================
   8      48 sdd 10593681 6245 2678593056 24120695 4623027 17361042 2908969512 1366296675 2 21807346 1390376535
======================
   8      48 sdd 10598977 6266 2679828848 24130810 4623027 17361042 2908969512 1366296675 2 21812311 1390386648
======================
   8      48 sdd 10604299 6295 2681056440 24141116 4623027 17361042 2908969512 1366296675 2 21817293 1390396952
======================
   8      48 sdd 10609658 6321 2682297944 24151610 4623027 17361042 2908969512 1366296675 2 21822275 1390407442
======================
   8      48 sdd 10614974 6338 2683542488 24161736 4623027 17361042 2908969512 1366296675 2 21827267 1390417559
======================
   8      48 sdd 10620405 6355 2684784352 24172208 4623027 17361042 2908969512 1366296675 2 21832254 1390428025
======================
   8      48 sdd 10625763 6388 2686029816 24182649 4623027 17361042 2908969512 1366296675 2 21837241 1390438456
======================
   8      48 sdd 10631164 6410 2687265152 24192925 4623027 17361042 2908969512 1366296675 2 21842199 1390448724
======================
   8      48 sdd 10636687 6446 2688495168 24203285 4623027 17361042 2908969512 1366296675 1 21847185 1390459084
======================
   8      48 sdd 10642138 6475 2689728624 24213654 4623027 17361042 2908969512 1366296675 2 21852134 1390469447
======================
   8      48 sdd 10647491 6492 2690971752 24224046 4623027 17361042 2908969512 1366296675 4 21857128 1390479831
======================
   8      48 sdd 10652813 6507 2692215896 24234156 4623027 17361042 2908969512 1366296675 2 21862117 1390489937
======================
   8      48 sdd 10658109 6533 2693458568 24244195 4623027 17361042 2908969512 1366296675 3 21867106 1390499970
======================
   8      48 sdd 10663607 6568 2694698872 24254730 4623027 17361042 2908969512 1366296675 2 21872084 1390510498
======================
   8      48 sdd 10669032 6600 2695938824 24265383 4623027 17361042 2908969512 1366296675 3 21877048 1390521142
======================
   8      48 sdd 10674312 6631 2697164840 24275710 4623027 17361042 2908969512 1366296675 2 21882014 1390531468
======================
   8      48 sdd 10679667 6660 2698404040 24286097 4623027 17361042 2908969512 1366296675 2 21886995 1390541848
======================
   8      48 sdd 10685014 6687 2699645504 24296443 4623027 17361042 2908969512 1366296675 2 21891979 1390552190
======================
   8      48 sdd 10690327 6705 2700886624 24306623 4623027 17361042 2908969512 1366296675 2 21896963 1390562376
======================
   8      48 sdd 10695652 6726 2702131552 24317189 4623027 17361042 2908969512 1366296675 2 21901947 1390572936
======================
   8      48 sdd 10701004 6748 2703375624 24327517 4623027 17361042 2908969512 1366296675 2 21906935 1390583274
======================
   8      48 sdd 10706351 6775 2704615280 24337744 4623027 17361042 2908969512 1366296675 2 21911924 1390593497
======================
   8      48 sdd 10711657 6799 2705851016 24347933 4623027 17361042 2908969512 1366296675 1 21916899 1390603684
======================
   8      48 sdd 10717013 6827 2707083728 24358312 4623027 17361042 2908969512 1366296675 2 21921886 1390614053
======================
   8      48 sdd 10722383 6860 2708324712 24368445 4623027 17361042 2908969512 1366296675 2 21926859 1390624187
======================
   8      48 sdd 10727925 6891 2709567488 24378964 4623027 17361042 2908969512 1366296675 1 21931840 1390634719
======================
   8      48 sdd 10733462 6927 2710799424 24389492 4623027 17361042 2908969512 1366296675 2 21936792 1390645244
======================
   8      48 sdd 10738878 6953 2712045016 24399786 4623027 17361042 2908969512 1366296675 2 21941776 1390655545
======================
   8      48 sdd 10744127 6972 2713291936 24409821 4623027 17361042 2908969512 1366296675 2 21946777 1390665571
======================
   8      48 sdd 10749522 6991 2714531184 24419982 4623027 17361042 2908969512 1366296675 2 21951764 1390675730
======================
   8      48 sdd 10754893 7031 2715766000 24430424 4623027 17361042 2908969512 1366296675 2 21956754 1390686169
======================
   8      48 sdd 10760344 7056 2717008648 24441054 4623027 17361042 2908969512 1366296675 2 21961745 1390696795
======================
   8      48 sdd 10765692 7071 2718238760 24451289 4623027 17361042 2908969512 1366296675 2 21966684 1390707021
======================
   8      48 sdd 10771122 7108 2719475624 24461582 4623027 17361042 2908969512 1366296675 2 21971637 1390717309
======================
   8      48 sdd 10776584 7132 2720716168 24472033 4623027 17361042 2908969512 1366296675 2 21976613 1390727769
======================
   8      48 sdd 10781926 7160 2721951328 24482329 4623027 17361042 2908969512 1366296675 2 21981566 1390738059
======================
   8      48 sdd 10787189 7183 2723173160 24492698 4623027 17361042 2908969512 1366296675 2 21986544 1390748424
======================
   8      48 sdd 10792470 7202 2724376856 24503189 4623027 17361042 2908969512 1366296675 1 21991507 1390758908
======================
   8      48 sdd 10797746 7235 2725593392 24513552 4623027 17361042 2908969512 1366296675 3 21996483 1390769279
======================
   8      48 sdd 10803031 7270 2726831232 24523914 4623027 17361042 2908969512 1366296675 2 22001449 1390779637
======================
   8      48 sdd 10808380 7300 2728074872 24534459 4623027 17361042 2908969512 1366296675 2 22006432 1390790182
======================
   8      48 sdd 10813891 7329 2729312232 24545093 4623027 17361042 2908969512 1366296675 2 22011391 1390800808
======================
   8      48 sdd 10819256 7348 2730543992 24555344 4623027 17361042 2908969512 1366296675 2 22016351 1390811055
======================
   8      48 sdd 10824585 7372 2731781248 24565677 4623027 17361042 2908969512 1366296675 2 22021327 1390821383
======================
   8      48 sdd 10829867 7399 2733014416 24576088 4623027 17361042 2908969512 1366296675 2 22026320 1390831786
======================
   8      48 sdd 10835205 7416 2734255040 24586490 4623027 17361042 2908969512 1366296675 1 22031303 1390842175
======================
   8      48 sdd 10840655 7448 2735495680 24596826 4623027 17361042 2908969512 1366296675 2 22036302 1390852517
======================
   8      48 sdd 10845962 7475 2736731888 24607309 4623027 17361042 2908969512 1366296675 2 22041269 1390863000
======================
   8      48 sdd 10851324 7504 2737966320 24617537 4623027 17361042 2908969512 1366296675 1 22046227 1390873230
======================
   8      48 sdd 10856773 7533 2739202224 24627897 4623027 17361042 2908969512 1366296675 2 22051193 1390883590
======================
   8      48 sdd 10862114 7560 2740444496 24638211 4623027 17361042 2908969512 1366296675 3 22056171 1390893904
======================
   8      48 sdd 10867361 7577 2741676512 24648488 4623027 17361042 2908969512 1366296675 2 22061139 1390904175
======================
   8      48 sdd 10872641 7602 2742902208 24658567 4623027 17361042 2908969512 1366296675 3 22066062 1390914261
======================
   8      48 sdd 10878018 7625 2744138680 24668884 4623027 17361042 2908969512 1366296675 2 22071030 1390924562
======================
   8      48 sdd 10883370 7655 2745375088 24679168 4623027 17361042 2908969512 1366296675 1 22075993 1390934833
======================
   8      48 sdd 10888647 7682 2746611216 24689272 4623027 17361042 2908969512 1366296675 2 22080958 1390944934
======================
   8      48 sdd 10894144 7708 2747845424 24699529 4623027 17361042 2908969512 1366296675 2 22085916 1390955179
======================
   8      48 sdd 10899660 7735 2749084264 24709943 4623027 17361042 2908969512 1366296675 2 22090890 1390965594
======================
   8      48 sdd 10905146 7764 2750314776 24720274 4623027 17361042 2908969512 1366296675 5 22095876 1390975990
======================
   8      48 sdd 10910489 7794 2751554200 24730388 4623027 17361042 2908969512 1366296675 2 22100855 1390986096
======================
   8      48 sdd 10915792 7815 2752793776 24740530 4623027 17361042 2908969512 1366296675 1 22105827 1390996223
======================
   8      48 sdd 10921254 7847 2754039992 24750865 4623027 17361042 2908969512 1366296675 2 22110813 1391006560
======================
   8      48 sdd 10926646 7877 2755277824 24761132 4623027 17361042 2908969512 1366296675 2 22115790 1391016822
======================
   8      48 sdd 10932213 7911 2756516912 24771821 4623027 17361042 2908969512 1366296675 3 22120766 1391027519
======================
   8      48 sdd 10937675 7939 2757756256 24782394 4623027 17361042 2908969512 1366296675 2 22125758 1391038137
======================
   8      48 sdd 10943044 7977 2758993528 24792881 4623027 17361042 2908969512 1366296675 2 22130746 1391048617
======================
   8      48 sdd 10948493 8007 2760234408 24803378 4623027 17361042 2908969512 1366296675 2 22135726 1391059108
======================
   8      48 sdd 10953907 8034 2761478968 24814020 4623027 17361042 2908969512 1366296675 2 22140705 1391069745
======================
   8      48 sdd 10959383 8054 2762714768 24824347 4623027 17361042 2908969512 1366296675 2 22145677 1391080065
======================
   8      48 sdd 10964859 8088 2763956752 24835148 4623027 17361042 2908969512 1366296675 2 22150643 1391090855
======================
   8      48 sdd 10970236 8114 2765196784 24845371 4623027 17361042 2908969512 1366296675 1 22155642 1391101076
======================
   8      48 sdd 10975602 8145 2766425832 24855603 4623027 17361042 2908969512 1366296675 2 22160623 1391111300
======================
   8      48 sdd 10981021 8175 2767667424 24866179 4623027 17361042 2908969512 1366296675 2 22165590 1391121870
======================
   8      48 sdd 10986349 8197 2768907952 24876370 4623027 17361042 2908969512 1366296675 2 22170559 1391132062
======================
   8      48 sdd 10991764 8234 2770145160 24886522 4623027 17361042 2908969512 1366296675 2 22175528 1391142225
