157.170
174.073
172.772
172.573
174.672
177.371
177.177
177.173
180.472
178.371
178.272
178.968
178.960
178.363
178.958
175.762
177.562
177.459
177.663
177.464
178.159
177.459
179.563
177.673
178.173
176.974
175.977
177.773
177.773
179.471
178.073
177.274
179.272
179.573
178.573
178.672
177.074
177.973
177.872
178.973
178.074
178.672
180.075
178.975
177.072
176.674
178.373
178.272
179.972
180.471
176.972
177.775
180.379
178.173
178.074
177.174
178.872
179.777
177.273
176.472
178.372
177.173
176.575
174.872
179.274
179.965
180.059
175.762
179.764
176.660
178.260
178.660
179.059
179.459
177.362
180.160
179.272
176.676
178.662
177.659
177.469
176.074
178.875
176.674
178.072
177.972
178.371
175.872
177.972
177.573
180.365
179.260
178.160
177.561
177.860
179.658
176.959
177.159
177.760
177.960
179.760
178.459
177.459
180.766
178.972
178.072
179.273
179.775
179.674
178.973
133.978
