======================
   8      16 sdb 12747700 17779 3145882118 23562731 5195046 15274440 3269547888 1193958088 32 20882730 1217520031
======================
   8      16 sdb 12747825 17779 3145883118 23572271 5197419 15274440 3271043312 1194455939 46 20887543 1218035931
======================
   8      16 sdb 12747832 17779 3145883174 23573671 5199955 15274465 3272635400 1195056089 148 20892545 1218646678
======================
   8      16 sdb 12747837 17779 3145883214 23574671 5202493 15274480 3274233112 1195674891 128 20897548 1219263983
======================
   8      16 sdb 12747843 17779 3145883262 23576440 5205012 15274496 3275818040 1196222783 141 20902551 1219816921
======================
   8      16 sdb 12747850 17779 3145883318 23578179 5207358 15274511 3277294664 1196788482 149 20907554 1220367885
======================
   8      16 sdb 12747856 17779 3145883366 23580238 5210077 15274525 3279005528 1197325452 142 20912620 1220922601
======================
   8      16 sdb 12747862 17779 3145883414 23581880 5212610 15274540 3280600040 1197890324 144 20917623 1221488916
======================
   8      16 sdb 12747870 17779 3145883478 23583856 5215124 15274555 3282182392 1198404055 152 20922627 1222003457
======================
   8      16 sdb 12747875 17779 3145883518 23585506 5217657 15274569 3283776264 1198941038 70 20927630 1222537706
======================
   8      16 sdb 12747882 17779 3145883574 23587681 5220175 15274586 3285361192 1199464864 51 20932633 1223060237
======================
   8      16 sdb 12747888 17779 3145883622 23589482 5222703 15274601 3286951240 1200010544 24 20937641 1223602278
======================
   8      16 sdb 12747894 17779 3145883670 23591145 5225225 15274616 3288538712 1200573785 1 20942642 1224161324
======================
   8      16 sdb 12747902 17779 3145883734 23593158 5227757 15274631 3290132584 1201108933 130 20947646 1224711753
======================
   8      16 sdb 12747908 17779 3145883782 23594822 5230287 15274645 3291724536 1201658147 141 20952649 1225269191
======================
   8      16 sdb 12747915 17779 3145883838 23597185 5232795 15274661 3293303312 1202164248 139 20957652 1225765696
======================
   8      16 sdb 12747921 17779 3145883886 23599029 5235328 15274674 3294896920 1202725370 138 20962657 1226335075
======================
   8      16 sdb 12747927 17779 3145883934 23600726 5237870 15274689 3296497192 1203310289 128 20967660 1226926145
======================
   8      16 sdb 12747934 17779 3145883990 23602563 5240384 15274704 3298079544 1203867367 145 20972667 1227485106
======================
   8      16 sdb 12747940 17779 3145884038 23604164 5242910 15274719 3299669576 1204435758 149 20977668 1228056257
======================
   8      16 sdb 12747947 17779 3145884094 23605872 5245419 15274735 3301248992 1204999574 157 20982671 1228621616
======================
   8      16 sdb 12747953 17779 3145884142 23607620 5247943 15274749 3302836472 1205561940 142 20987677 1229186264
======================
   8      16 sdb 12747959 17779 3145884190 23609103 5250467 15274764 3304425224 1206152495 117 20992681 1229777133
======================
   8      16 sdb 12747966 17779 3145884246 23610991 5252925 15274778 3305971864 1206695338 151 20997684 1230322710
======================
   8      16 sdb 12747972 17779 3145884294 23612582 5255398 15274793 3307528488 1207279362 157 21002692 1230910012
======================
   8      16 sdb 12747979 17779 3145884350 23614515 5257848 15274808 3309070392 1207809219 151 21007695 1231439605
======================
   8      16 sdb 12747985 17779 3145884398 23616239 5260315 15274822 3310622792 1208370972 152 21012699 1231998233
======================
   8      16 sdb 12747991 17779 3145884446 23617541 5262817 15274837 3312197720 1208973755 137 21017703 1232607562
======================
   8      16 sdb 12747998 17779 3145884502 23619579 5265255 15274851 3313731560 1209505189 131 21022706 1233141659
======================
   8      16 sdb 12748004 17779 3145884550 23621251 5267749 15274866 3315301368 1210083678 148 21027708 1233720350
======================
   8      16 sdb 12748011 17779 3145884606 23623018 5270224 15274881 3316859272 1210634197 144 21032714 1234273437
======================
   8      16 sdb 12748017 17779 3145884654 23624779 5272711 15274896 3318423592 1211218885 158 21037715 1234848288
======================
   8      16 sdb 12748023 17779 3145884702 23626441 5275197 15274911 3319988280 1211777168 130 21042721 1235417243
======================
   8      16 sdb 12748030 17779 3145884758 23628355 5277659 15274925 3321537480 1212315791 128 21047723 1235954609
======================
   8      16 sdb 12748035 17779 3145884798 23629743 5280149 15274940 3323104728 1212906828 13 21052726 1236536253
======================
   8      16 sdb 12748042 17779 3145884854 23631754 5282615 15274955 3324656872 1213444872 46 21057729 1237083698
======================
   8      16 sdb 12748048 17779 3145884902 23633491 5285099 15274969 3326219896 1214027835 62 21062733 1237670787
======================
   8      16 sdb 12748054 17779 3145884950 23635016 5287568 15274984 3327773960 1214608221 92 21067738 1238257583
======================
   8      16 sdb 12748061 17779 3145885006 23637068 5290003 15274998 3329305880 1215122636 131 21072741 1238777227
======================
   8      16 sdb 12748067 17779 3145885054 23638727 5292468 15275013 3330857640 1215716658 152 21077745 1239371415
======================
   8      16 sdb 12748074 17779 3145885110 23640806 5294858 15275028 3332361912 1216246106 147 21082788 1239885613
======================
   8      16 sdb 12748080 17779 3145885158 23642433 5297368 15275043 3333940696 1216824696 156 21087790 1240484080
======================
   8      16 sdb 12748086 17779 3145885206 23644049 5299809 15275058 3335477096 1217406588 152 21092793 1241066213
======================
   8      16 sdb 12748092 17779 3145885254 23645721 5302215 15275072 3336990712 1217955450 1 21097796 1241597405
======================
   8      16 sdb 12748099 17779 3145885310 23647797 5304695 15275087 3338551816 1218520226 130 21102800 1242175818
======================
   8      16 sdb 12748104 17779 3145885350 23649150 5307165 15275102 3340106520 1219096622 49 21107802 1242753570
======================
   8      16 sdb 12748111 17779 3145885406 23651035 5309601 15275116 3341639208 1219627484 113 21112805 1243293410
======================
   8      16 sdb 12748117 17779 3145885454 23652988 5312069 15275131 3343192632 1220185620 144 21117809 1243855669
======================
   8      16 sdb 12748124 17779 3145885510 23655076 5314495 15275145 3344719176 1220710119 139 21122813 1244381320
======================
   8      16 sdb 12748130 17779 3145885558 23656643 5316946 15275160 3346261976 1221297032 139 21127813 1244971687
======================
   8      16 sdb 12748136 17779 3145885606 23658104 5319410 15275175 3347813432 1221892200 144 21132815 1245566637
======================
   8      16 sdb 12748142 17779 3145885654 23659781 5321779 15275186 3349304528 1222441920 14 21137818 1246101357
======================
   8      16 sdb 12748148 17779 3145885702 23661877 5324190 15275205 3350820120 1222977290 105 21142820 1246655045
======================
   8      16 sdb 12748155 17779 3145885758 23663948 5326559 15275219 3352311800 1223511650 134 21147828 1247192328
======================
   8      16 sdb 12748161 17779 3145885806 23665381 5328963 15275229 3353824392 1224113506 140 21152840 1247794404
======================
   8      16 sdb 12748167 17779 3145885854 23666867 5331342 15275243 3355323064 1224724253 6 21157843 1248388601
======================
   8      16 sdb 12748173 17779 3145885902 23668670 5333718 15275257 3356818368 1225256991 25 21162847 1248928532
======================
   8      16 sdb 12748179 17779 3145885950 23670522 5336126 15275270 3358333504 1225794633 40 21167850 1249470418
======================
   8      16 sdb 12748185 17779 3145885998 23672775 5338403 15275275 3359766480 1226304601 1 21172853 1249973084
======================
   8      16 sdb 12748191 17779 3145886046 23674650 5340890 15275291 3361331440 1226838321 14 21177855 1250512698
======================
   8      16 sdb 12748197 17779 3145886094 23676516 5343268 15275306 3362828288 1227383557 135 21182859 1251077909
======================
   8      16 sdb 12748204 17779 3145886150 23678748 5345644 15275321 3364323600 1227899234 143 21187861 1251594544
======================
   8      16 sdb 12748209 17779 3145886190 23680322 5347986 15275336 3365796400 1228470306 1 21192862 1252146600
======================
   8      16 sdb 12748216 17779 3145886246 23682456 5350435 15275351 3367337920 1229021259 104 21197866 1252711996
======================
   8      16 sdb 12748222 17779 3145886294 23684271 5352804 15275366 3368829008 1229580556 130 21202871 1253280696
======================
   8      16 sdb 12748228 17779 3145886342 23686338 5355218 15275381 3370348640 1230119413 152 21207871 1253821086
======================
   8      16 sdb 12748235 17779 3145886398 23688438 5357564 15275396 3371825264 1230664984 128 21212873 1254357660
======================
   8      16 sdb 12748240 17779 3145886438 23689928 5359936 15275410 3373317376 1231228279 131 21217877 1254935817
======================
   8      16 sdb 12748246 17779 3145886486 23691629 5362337 15275424 3374828680 1231810434 148 21222880 1255518627
======================
   8      16 sdb 12748253 17779 3145886542 23693503 5364679 15275437 3376302728 1232341865 149 21227882 1256052390
======================
   8      16 sdb 12748258 17779 3145886582 23695195 5367084 15275451 3377815960 1232892051 65 21232885 1256597862
======================
   8      16 sdb 12748264 17779 3145886630 23696799 5369456 15275466 3379308840 1233482277 154 21237888 1257196352
======================
   8      16 sdb 12748271 17779 3145886686 23698857 5371830 15275480 3380801984 1234017102 140 21242889 1257721538
======================
   8      16 sdb 12748276 17779 3145886726 23700132 5374158 15275493 3382267072 1234611231 74 21247893 1258324184
======================
   8      16 sdb 12748283 17779 3145886782 23702214 5376479 15275508 3383727952 1235121257 128 21252895 1258837460
======================
   8      16 sdb 12748288 17779 3145886822 23703349 5378814 15275520 3385196880 1235716021 1 21257899 1259415164
======================
   8      16 sdb 12748294 17779 3145886870 23705165 5381166 15275535 3386677344 1236282056 148 21262902 1260005196
======================
   8      16 sdb 12748301 17779 3145886926 23707272 5383500 15275550 3388146288 1236822858 136 21267907 1260545573
======================
   8      16 sdb 12748306 17779 3145886966 23708734 5385834 15275565 3389615360 1237429740 62 21272909 1261148495
======================
   8      16 sdb 12748312 17779 3145887014 23710493 5388187 15275579 3391096328 1238019658 145 21277911 1261747523
======================
   8      16 sdb 12748318 17779 3145887062 23712319 5390478 15275591 3392537608 1238562220 1 21282912 1262270282
======================
   8      16 sdb 12748324 17779 3145887110 23713726 5392836 15275606 3394021912 1239166799 142 21287916 1262897213
======================
   8      16 sdb 12748330 17779 3145887158 23715754 5395014 15275628 3395388816 1239642245 0 21292645 1263353385
started
======================
   8      16 sdb 12752500 17801 3146820016 23722083 5395020 15275628 3395388864 1239642247 9 21295582 1263359779
======================
   8      16 sdb 12759608 17828 3148433544 23732266 5395023 15275630 3395388904 1239642247 2 21300623 1263370069
======================
   8      16 sdb 12765243 17847 3149756552 23742266 5395023 15275630 3395388904 1239642247 8 21305626 1263380073
======================
   8      16 sdb 12772307 17881 3151361672 23752367 5395023 15275630 3395388904 1239642247 2 21310630 1263390258
======================
   8      16 sdb 12779265 17917 3152956808 23762392 5395023 15275630 3395388904 1239642247 2 21315634 1263400354
======================
   8      16 sdb 12786494 17962 3154563720 23772586 5395025 15275630 3395388920 1239642247 4 21320637 1263410622
======================
   8      16 sdb 12793926 18018 3156156296 23783144 5395025 15275630 3395388920 1239642247 2 21325651 1263421370
======================
   8      16 sdb 12801137 18050 3157754504 23793441 5395025 15275630 3395388920 1239642247 5 21330655 1263431797
======================
   8      16 sdb 12808469 18088 3159359112 23803829 5395025 15275630 3395388920 1239642247 2 21335659 1263442269
======================
   8      16 sdb 12815794 18135 3160956808 23814197 5395025 15275630 3395388920 1239642247 2 21340663 1263452724
======================
   8      16 sdb 12823171 18179 3162561672 23824594 5395025 15275630 3395388920 1239642247 2 21345667 1263463200
======================
   8      16 sdb 12830548 18228 3164159880 23835052 5395025 15275630 3395388920 1239642247 2 21350681 1263473822
======================
   8      16 sdb 12837828 18273 3165756808 23845388 5395025 15275630 3395388920 1239642247 2 21355687 1263484223
======================
   8      16 sdb 12845278 18324 3167361672 23855948 5395025 15275630 3395388920 1239642247 2 21360692 1263494863
======================
   8      16 sdb 12852662 18363 3168958856 23866379 5395025 15275630 3395388920 1239642247 2 21365697 1263505396
======================
   8      16 sdb 12859987 18413 3170551688 23876863 5395025 15275630 3395388920 1239642247 1 21370702 1263515939
======================
   8      16 sdb 12867397 18467 3172157576 23887365 5395025 15275630 3395388920 1239642247 2 21375714 1263526591
======================
   8      16 sdb 12874679 18508 3173749640 23897714 5395025 15275630 3395388920 1239642247 1 21380718 1263537078
======================
   8      16 sdb 12882037 18539 3175351688 23908109 5395025 15275630 3395388920 1239642247 2 21385722 1263547567
======================
   8      16 sdb 12889317 18579 3176945288 23918454 5395025 15275630 3395388920 1239642247 2 21390727 1263557969
======================
   8      16 sdb 12896665 18630 3178547848 23928903 5395025 15275630 3395388920 1239642247 2 21395731 1263568566
======================
   8      16 sdb 12904071 18688 3180144264 23939394 5395025 15275630 3395388920 1239642247 2 21400748 1263579157
======================
   8      16 sdb 12911213 18732 3181703312 23949803 5395025 15275630 3395388920 1239642247 2 21405752 1263589637
======================
   8      16 sdb 12918497 18786 3183275144 23960276 5395025 15275630 3395388920 1239642247 2 21410758 1263600213
======================
   8      16 sdb 12925716 18835 3184839048 23970739 5395025 15275630 3395388920 1239642247 2 21415762 1263610831
======================
   8      16 sdb 12932792 18876 3186404744 23980969 5395025 15275630 3395388920 1239642247 2 21420767 1263621118
======================
   8      16 sdb 12940027 18927 3187967928 23991504 5395025 15275630 3395388920 1239642247 2 21425777 1263631708
======================
   8      16 sdb 12947191 18982 3189528968 24001896 5395025 15275630 3395388920 1239642247 1 21430782 1263642166
======================
   8      16 sdb 12954376 19031 3191102600 24012229 5395025 15275630 3395388920 1239642247 2 21435789 1263652604
======================
   8      16 sdb 12961495 19082 3192667528 24022590 5395025 15275630 3395388920 1239642247 5 21440794 1263663042
======================
   8      16 sdb 12968771 19125 3194235784 24033022 5395025 15275630 3395388920 1239642247 2 21445800 1263673589
======================
   8      16 sdb 12976125 19180 3195801736 24043645 5395025 15275630 3395388920 1239642247 2 21450807 1263684280
======================
   8      16 sdb 12983158 19205 3197365640 24053914 5395025 15275630 3395388920 1239642247 2 21455813 1263694613
======================
   8      16 sdb 12990318 19244 3198936968 24064314 5395025 15275630 3395388920 1239642247 2 21460816 1263705122
======================
   8      16 sdb 12997464 19293 3200504456 24074645 5395025 15275630 3395388920 1239642247 2 21465822 1263715546
======================
   8      16 sdb 13004572 19335 3202071944 24084913 5395025 15275630 3395388920 1239642247 2 21470829 1263725898
======================
   8      16 sdb 13011780 19382 3203636616 24095383 5395025 15275630 3395388920 1239642247 5 21475847 1263736444
======================
   8      16 sdb 13018844 19421 3205192072 24105745 5395025 15275630 3395388920 1239642247 2 21480852 1263746928
======================
   8      16 sdb 13026067 19478 3206734984 24116326 5395025 15275630 3395388920 1239642247 2 21485857 1263757581
======================
   8      16 sdb 13033301 19537 3208295600 24126813 5395025 15275630 3395388920 1239642247 2 21490863 1263768212
======================
   8      16 sdb 13040413 19578 3209841544 24137264 5395025 15275630 3395388920 1239642247 2 21495869 1263778783
======================
   8      16 sdb 13047367 19611 3211387272 24147562 5395025 15275630 3395388920 1239642247 2 21500873 1263789220
======================
   8      16 sdb 13054657 19672 3212942216 24158229 5395025 15275630 3395388920 1239642247 2 21505882 1263799978
======================
   8      16 sdb 13061865 19726 3214485640 24168791 5395025 15275630 3395388920 1239642247 2 21510886 1263810602
======================
   8      16 sdb 13068973 19763 3216044936 24179148 5395025 15275630 3395388920 1239642247 2 21515893 1263821016
======================
   8      16 sdb 13076026 19822 3217586824 24189597 5395025 15275630 3395388920 1239642247 2 21520899 1263831538
======================
   8      16 sdb 13083049 19861 3219147656 24199852 5395025 15275630 3395388920 1239642247 2 21525903 1263841888
======================
   8      16 sdb 13090375 19921 3220697224 24210499 5395025 15275630 3395388920 1239642247 2 21530910 1263852620
======================
   8      16 sdb 13097324 19952 3222243720 24220746 5395025 15275630 3395388920 1239642247 2 21535915 1263862946
======================
   8      16 sdb 13104452 19992 3223794824 24231221 5395025 15275630 3395388920 1239642247 2 21540922 1263873493
======================
   8      16 sdb 13111359 20042 3225304200 24241667 5395025 15275630 3395388920 1239642247 2 21545926 1263884046
======================
   8      16 sdb 13118440 20098 3226826632 24252229 5395025 15275630 3395388920 1239642247 2 21550948 1263894707
======================
   8      16 sdb 13125413 20146 3228328840 24262732 5395025 15275630 3395388920 1239642247 1 21555952 1263905351
======================
   8      16 sdb 13132444 20206 3229850248 24273238 5395025 15275630 3395388920 1239642247 2 21560957 1263915994
======================
   8      16 sdb 13139260 20247 3231353992 24283614 5395025 15275630 3395388920 1239642247 2 21565964 1263926425
======================
   8      16 sdb 13146210 20308 3232864904 24294034 5395025 15275630 3395388920 1239642247 2 21570970 1263936965
======================
   8      16 sdb 13153268 20365 3234385544 24304589 5395025 15275630 3395388920 1239642247 2 21575974 1263947644
======================
   8      16 sdb 13160282 20418 3235895184 24315170 5395025 15275630 3395388920 1239642247 7 21580978 1263958318
======================
   8      16 sdb 13167276 20459 3237408400 24325699 5395025 15275630 3395388920 1239642247 2 21585982 1263968924
======================
   8      16 sdb 13174276 20516 3238914448 24336249 5395025 15275630 3395388920 1239642247 2 21590988 1263979537
======================
   8      16 sdb 13181200 20552 3240430992 24346676 5395025 15275630 3395388920 1239642247 2 21596007 1263990051
======================
   8      16 sdb 13188055 20603 3241935760 24357106 5395025 15275630 3395388920 1239642247 2 21601015 1264000584
======================
   8      16 sdb 13195123 20658 3243460240 24367665 5395025 15275630 3395388920 1239642247 2 21606019 1264011215
======================
   8      16 sdb 13202084 20708 3244960400 24378279 5395025 15275630 3395388920 1239642247 2 21611027 1264021916
======================
   8      16 sdb 13209043 20756 3246469264 24388868 5395025 15275630 3395388920 1239642247 1 21616031 1264032597
======================
   8      16 sdb 13215947 20806 3247975312 24399311 5395025 15275630 3395388920 1239642247 2 21621035 1264043120
======================
   8      16 sdb 13222843 20858 3249471120 24409875 5395025 15275630 3395388920 1239642247 2 21626039 1264053802
======================
   8      16 sdb 13229822 20901 3250984592 24420259 5395025 15275630 3395388920 1239642247 2 21631044 1264064259
======================
   8      16 sdb 13236786 20955 3252478608 24430844 5395025 15275630 3395388920 1239642247 1 21636048 1264074916
======================
   8      16 sdb 13243785 20987 3253994640 24441334 5395025 15275630 3395388920 1239642247 2 21641066 1264085532
======================
   8      16 sdb 13250757 21049 3255490448 24451918 5395025 15275630 3395388920 1239642247 2 21646073 1264096211
======================
   8      16 sdb 13257658 21101 3256992408 24462338 5395025 15275630 3395388920 1239642247 2 21651077 1264106725
======================
   8      16 sdb 13264499 21156 3258473616 24472814 5395025 15275630 3395388920 1239642247 2 21656085 1264117299
======================
   8      16 sdb 13271373 21208 3259945928 24483388 5395025 15275630 3395388920 1239642247 3 21661089 1264127952
======================
   8      16 sdb 13278253 21257 3261424016 24493974 5395025 15275630 3395388920 1239642247 2 21666093 1264138656
======================
   8      16 sdb 13284998 21302 3262896784 24504390 5395025 15275630 3395388920 1239642247 2 21671097 1264149168
======================
   8      16 sdb 13291765 21346 3264378768 24514803 5395025 15275630 3395388920 1239642247 2 21676101 1264159651
======================
   8      16 sdb 13298337 21389 3265849488 24525086 5395025 15275630 3395388920 1239642247 2 21681106 1264169979
======================
   8      16 sdb 13305093 21426 3267335056 24535497 5395025 15275630 3395388920 1239642247 2 21686126 1264180491
======================
   8      16 sdb 13311861 21472 3268810384 24545948 5395025 15275630 3395388920 1239642247 2 21691132 1264191019
======================
   8      16 sdb 13318651 21518 3270280592 24556446 5395025 15275630 3395388920 1239642247 2 21696138 1264201624
======================
   8      16 sdb 13325091 21552 3271717008 24564658 5395025 15275630 3395388920 1239642247 0 21700243 1264209928
