======================
   8      48 sdd 4432818 137 1132523638 9991095 1901354 7890128 1196416976 562336644 0 9118285 572310308
======================
   8      48 sdd 4432828 137 1132523718 9991395 1902540 7890128 1197164496 562531076 159 9119919 572527863
======================
   8      48 sdd 4432834 137 1132523766 9992379 1904646 7890163 1198481768 563166570 132 9124921 573165830
======================
   8      48 sdd 4432839 137 1132523806 9993312 1906745 7890176 1199802856 563817899 134 9129925 573818222
======================
   8      48 sdd 4432845 137 1132523854 9994548 1908836 7890188 1201118184 564445722 128 9134927 574447092
======================
   8      48 sdd 4432850 137 1132523894 9995708 1910926 7890201 1202433256 565063663 154 9139928 575066525
======================
   8      48 sdd 4432855 137 1132523934 9996869 1913014 7890214 1203747304 565687485 145 9144932 575691693
======================
   8      48 sdd 4432861 137 1132523982 9998087 1915107 7890226 1205063912 566294954 136 9149936 576299643
======================
   8      48 sdd 4432866 137 1132524022 9999209 1917196 7890239 1206379200 566912387 157 9154939 576918517
======================
   8      48 sdd 4432871 137 1132524062 10000311 1919283 7890252 1207691752 567526434 138 9159941 577534756
======================
   8      48 sdd 4432877 137 1132524110 10001590 1921377 7890264 1209010240 568133083 139 9164944 578141756
======================
   8      48 sdd 4432882 137 1132524150 10002720 1923469 7890277 1210325608 568745039 156 9169947 578754874
======================
   8      48 sdd 4432887 137 1132524190 10003959 1925553 7890286 1211637696 569387300 155 9174951 579399337
======================
   8      48 sdd 4432893 137 1132524238 10004973 1927649 7890304 1212954752 570019897 136 9179954 580031972
======================
   8      48 sdd 4432898 137 1132524278 10006134 1929740 7890313 1214271320 570642552 156 9184958 580655586
======================
   8      48 sdd 4432903 137 1132524318 10007297 1931826 7890330 1215583488 571262902 147 9189961 581278103
======================
   8      48 sdd 4432909 137 1132524366 10008585 1933917 7890339 1216899800 571877425 130 9194962 581892690
======================
   8      48 sdd 4432914 137 1132524406 10009751 1936008 7890351 1218215128 572496800 123 9199965 582511613
======================
   8      48 sdd 4432919 137 1132524446 10010985 1938096 7890364 1219529176 573117358 118 9204969 583131392
======================
   8      48 sdd 4432926 137 1132524502 10012390 1940187 7890377 1220845144 573720980 141 9209973 583728964
======================
   8      48 sdd 4432931 137 1132524542 10013515 1942279 7890389 1222160856 574351703 156 9214976 584354569
======================
   8      48 sdd 4432935 137 1132524574 10014586 1944367 7890402 1223474904 574976645 97 9219978 584975223
======================
   8      48 sdd 4432941 137 1132524622 10015542 1946457 7890415 1224790232 575601601 90 9224981 585602640
======================
   8      48 sdd 4432946 137 1132524662 10016675 1948546 7890427 1226105472 576222160 5 9229983 586222953
======================
   8      48 sdd 4432951 137 1132524702 10017570 1950637 7890440 1227419992 576861498 51 9234985 586861598
======================
   8      48 sdd 4432957 137 1132524750 10018482 1952726 7890454 1228735872 577488409 17 9239989 587494854
======================
   8      48 sdd 4432962 137 1132524790 10019577 1954818 7890466 1230051216 578104241 10 9244992 588109266
======================
   8      48 sdd 4432967 137 1132524830 10020485 1956906 7890479 1231365264 578740787 18 9249995 588749329
======================
   8      48 sdd 4432973 137 1132524878 10021383 1958997 7890483 1232680976 579367392 23 9254997 589378146
======================
   8      48 sdd 4432979 137 1132524926 10022872 1961088 7890497 1233996320 579979165 157 9260000 590007508
======================
   8      48 sdd 4432984 137 1132524966 10024036 1963176 7890510 1235310368 580597302 153 9265003 590627261
======================
   8      48 sdd 4432990 137 1132525014 10025248 1965268 7890523 1236626976 581228424 152 9270006 591239151
======================
   8      48 sdd 4432995 137 1132525054 10026788 1967359 7890535 1237942048 581820105 155 9275010 591831314
======================
   8      48 sdd 4433000 137 1132525094 10027887 1969443 7890548 1239253536 582427108 130 9280013 592458585
======================
   8      48 sdd 4433006 137 1132525142 10029076 1971532 7890561 1240568096 583051923 136 9285016 593070885
======================
   8      48 sdd 4433011 137 1132525182 10030197 1973621 7890573 1241882272 583673788 142 9290019 593692560
======================
   8      48 sdd 4433016 137 1132525222 10031316 1975708 7890586 1243195680 584286610 131 9295021 594309082
======================
   8      48 sdd 4433022 137 1132525270 10032388 1977798 7890599 1244510752 584900215 153 9300024 594926239
======================
   8      48 sdd 4433027 137 1132525310 10033513 1979888 7890612 1245824816 585504176 140 9305027 595544319
======================
   8      48 sdd 4433032 137 1132525350 10034482 1981975 7890625 1247138224 586138673 131 9310030 596179355
======================
   8      48 sdd 4433038 137 1132525398 10035726 1984064 7890639 1248452920 586784450 138 9315033 596817536
======================
   8      48 sdd 4433043 137 1132525438 10036962 1986150 7890651 1249765552 587418444 154 9320036 597461813
======================
   8      48 sdd 4433048 137 1132525478 10038351 1988236 7890664 1251078448 588044650 147 9325040 598078351
======================
   8      48 sdd 4433054 137 1132525526 10039829 1990327 7890677 1252394160 588654043 141 9330043 598690589
======================
   8      48 sdd 4433059 137 1132525566 10041066 1992417 7890690 1253710128 589269718 129 9335047 599310052
======================
   8      48 sdd 4433064 137 1132525606 10042380 1994506 7890703 1255024176 589877699 146 9340050 599921925
======================
   8      48 sdd 4433070 137 1132525654 10043465 1996598 7890716 1256340528 590492628 143 9345052 600541702
======================
   8      48 sdd 4433075 137 1132525694 10044816 1998687 7890729 1257655216 591089552 150 9350054 601139478
======================
   8      48 sdd 4433080 137 1132525734 10045706 2000776 7890742 1258969904 591725336 152 9355059 601777802
======================
   8      48 sdd 4433086 137 1132525782 10047097 2002866 7890756 1260284608 592319870 134 9360062 602373135
======================
   8      48 sdd 4433091 137 1132525822 10048222 2004956 7890769 1261599680 592935254 133 9365066 602989897
======================
   8      48 sdd 4433096 137 1132525862 10049088 2007044 7890782 1262913728 593574870 139 9370069 603630977
======================
   8      48 sdd 4433102 137 1132525910 10050328 2009119 7890795 1264219080 594187313 132 9375072 604243905
======================
   8      48 sdd 4433107 137 1132525950 10051485 2011213 7890807 1265536704 594832374 150 9380075 604890877
======================
   8      48 sdd 4433112 137 1132525990 10052722 2013313 7890820 1266858432 595468924 128 9385077 605528015
======================
   8      48 sdd 4433118 137 1132526038 10053939 2015406 7890832 1268174784 596080676 152 9390081 606141328
======================
   8      48 sdd 4433123 137 1132526078 10055194 2017495 7890845 1269489472 596696249 141 9395082 606758341
======================
   8      48 sdd 4433128 137 1132526118 10056285 2019583 7890858 1270803520 597320056 129 9400085 607382699
======================
   8      48 sdd 4433134 137 1132526166 10057765 2021676 7890870 1272119872 597910614 151 9405088 607974980
======================
   8      48 sdd 4433139 137 1132526206 10059167 2023766 7890883 1273435200 598506438 138 9410090 608572275
======================
   8      48 sdd 4433144 137 1132526246 10060454 2025853 7890896 1274748608 599114354 146 9415092 609181585
======================
   8      48 sdd 4433150 137 1132526294 10061554 2027947 7890909 1276065232 599730278 158 9420095 609798147
======================
   8      48 sdd 4433155 137 1132526334 10062710 2030037 7890922 1277380304 600343650 150 9425098 610413069
======================
   8      48 sdd 4433160 137 1132526374 10064074 2032126 7890935 1278694992 600943749 129 9430102 611013923
======================
   8      48 sdd 4433166 137 1132526422 10065093 2034217 7890947 1280010320 601564797 145 9435105 611637326
======================
   8      48 sdd 4433171 137 1132526462 10066415 2036309 7890962 1281326944 602176502 142 9440108 612249567
======================
   8      48 sdd 4433176 137 1132526502 10067594 2038397 7890975 1282640736 602792487 131 9445111 612866302
======================
   8      48 sdd 4433182 137 1132526550 10068998 2040488 7890987 1283956064 603407542 129 9450113 613483278
======================
   8      48 sdd 4433187 137 1132526590 10070172 2042579 7891000 1285272032 604025381 138 9455115 614101815
======================
   8      48 sdd 4433192 137 1132526630 10071429 2044668 7891014 1286585968 604632962 107 9460118 614709097
======================
   8      48 sdd 4433199 137 1132526686 10073017 2046758 7891026 1287900528 605217926 141 9465120 615297306
======================
   8      48 sdd 4433203 137 1132526718 10074076 2048848 7891039 1289215856 605844588 94 9470123 615922470
======================
   8      48 sdd 4433208 137 1132526758 10075207 2050936 7891052 1290529904 606459789 89 9475126 616538481
======================
   8      48 sdd 4433214 137 1132526806 10076435 2053031 7891065 1291846912 607068654 79 9480129 617146643
======================
   8      48 sdd 4433219 137 1132526846 10077566 2055121 7891078 1293162240 607686731 72 9485133 617764642
======================
   8      48 sdd 4433224 137 1132526886 10078705 2057210 7891091 1294476928 608301650 66 9490136 618379864
======================
   8      48 sdd 4433230 137 1132526934 10079903 2059304 7891103 1295794176 608906903 56 9495139 618984139
======================
   8      48 sdd 4433236 137 1132526982 10081267 2061394 7891116 1297109248 609508389 154 9500142 619595400
======================
   8      48 sdd 4433240 137 1132527014 10082274 2063482 7891129 1298423296 610127365 44 9505145 620204274
======================
   8      48 sdd 4433246 137 1132527062 10083255 2065575 7891142 1299739912 610757600 35 9510148 620833292
======================
   8      48 sdd 4433251 137 1132527102 10084506 2067643 7891154 1301041152 611395457 50 9515151 621475774
======================
   8      48 sdd 4433256 137 1132527142 10085745 2069733 7891166 1302356472 612038061 43 9520154 622118013
======================
   8      48 sdd 4433262 137 1132527190 10086757 2071835 7891178 1303678584 612666296 25 9525157 622742668
======================
   8      48 sdd 4433268 137 1132527238 10088317 2073928 7891191 1304995832 613283001 153 9530158 623360272
======================
   8      48 sdd 4433272 137 1132527270 10089307 2076016 7891204 1306309880 613897268 10 9535161 623971479
======================
   8      48 sdd 4433279 137 1132527326 10090606 2078110 7891217 1307626248 614526890 151 9540164 624602319
======================
   8      48 sdd 4433284 137 1132527366 10091921 2080199 7891230 1308940936 615137830 88 9545167 625211740
======================
   8      48 sdd 4433289 137 1132527406 10093145 2082276 7891243 1310247944 615767032 1 9550170 625841852
======================
   8      48 sdd 4433295 137 1132527454 10094176 2084379 7891255 1311570952 616387869 156 9555173 626474657
======================
   8      48 sdd 4433300 137 1132527494 10095415 2086467 7891268 1312885000 617001846 149 9560176 627092147
======================
   8      48 sdd 4433306 137 1132527542 10096777 2088556 7891281 1314199432 617609151 144 9565180 627689970
======================
   8      48 sdd 4433311 137 1132527582 10097774 2090650 7891293 1315516680 618236561 137 9570182 628331265
======================
   8      48 sdd 4433316 137 1132527622 10098874 2092737 7891306 1316830088 618854080 138 9575184 628950458
======================
   8      48 sdd 4433322 137 1132527670 10100049 2094826 7891319 1318144776 619473449 132 9580186 629563076
======================
   8      48 sdd 4433327 137 1132527710 10100944 2096920 7891331 1319461768 620100457 159 9585189 630200126
======================
   8      48 sdd 4433332 137 1132527750 10102046 2099005 7891344 1320773896 620718455 142 9590192 630822915
======================
   8      48 sdd 4433338 137 1132527798 10103264 2101085 7891357 1322083456 621333522 142 9595195 631429909
started
======================
   8      48 sdd 4435392 141 1133016216 10107992 2101379 7891372 1322258808 621415390 2 9597861 631504954
======================
   8      48 sdd 4440151 141 1134229928 10117700 2101382 7891374 1322258848 621415390 2 9602885 631514650
======================
   8      48 sdd 4444321 141 1135297472 10129500 2101382 7891374 1322258848 621415390 2 9607884 631526444
======================
   8      48 sdd 4449150 144 1136525552 10139140 2101382 7891374 1322258848 621415390 2 9612886 631536067
======================
   8      48 sdd 4453909 144 1137741048 10148795 2101382 7891374 1322258848 621415390 2 9617885 631545715
======================
   8      48 sdd 4458725 144 1138974272 10158375 2101382 7891374 1322258848 621415390 2 9622884 631555290
======================
   8      48 sdd 4463611 145 1140220992 10168143 2101382 7891374 1322258848 621415390 1 9627890 631565044
======================
   8      48 sdd 4468452 148 1141453464 10178498 2101382 7891374 1322258848 621415390 2 9632894 631575394
======================
   8      48 sdd 4473283 148 1142690112 10188713 2101384 7891374 1322258864 621415390 2 9637905 631585599
======================
   8      48 sdd 4478103 149 1143920616 10198365 2101384 7891374 1322258864 621415390 2 9642904 631595240
======================
   8      48 sdd 4482866 150 1145138296 10207995 2101384 7891374 1322258864 621415390 2 9647905 631604865
======================
   8      48 sdd 4487611 150 1146352616 10217630 2101384 7891374 1322258864 621415390 2 9652906 631614494
======================
   8      48 sdd 4492424 151 1147582232 10227584 2101384 7891374 1322258864 621415390 2 9657906 631624438
======================
   8      48 sdd 4497174 152 1148795776 10237237 2101384 7891374 1322258864 621415390 2 9662901 631634079
======================
   8      48 sdd 4502006 153 1150032064 10247299 2101384 7891374 1322258864 621415390 1 9667905 631644132
======================
   8      48 sdd 4506733 153 1151242312 10256934 2101384 7891374 1322258864 621415390 2 9672906 631653755
======================
   8      48 sdd 4511574 155 1152479672 10266538 2101384 7891374 1322258864 621415390 2 9677905 631663347
======================
   8      48 sdd 4516414 155 1153718736 10276173 2101384 7891374 1322258864 621415390 2 9682908 631672970
======================
   8      48 sdd 4521252 155 1154957392 10285839 2101384 7891374 1322258864 621415390 2 9687912 631682631
======================
   8      48 sdd 4526074 155 1156191568 10295493 2101384 7891374 1322258864 621415390 2 9692915 631692275
======================
   8      48 sdd 4530907 155 1157428816 10305112 2101384 7891374 1322258864 621415390 2 9697919 631701886
======================
   8      48 sdd 4535866 155 1158698320 10317383 2101384 7891374 1322258864 621415390 3 9702922 631714148
======================
   8      48 sdd 4540891 155 1159984464 10331401 2101384 7891374 1322258864 621415390 3 9707925 631728162
======================
   8      48 sdd 4545895 155 1161265488 10344915 2101384 7891374 1322258864 621415390 2 9712928 631741646
======================
   8      48 sdd 4550779 155 1162515792 10355723 2101384 7891374 1322258864 621415390 3 9717930 631752451
======================
   8      48 sdd 4555619 156 1163753040 10365379 2101384 7891374 1322258864 621415390 1 9722934 631762100
======================
   8      48 sdd 4560456 156 1164991056 10375018 2101384 7891374 1322258864 621415390 2 9727941 631771732
======================
   8      48 sdd 4565288 156 1166228048 10384637 2101384 7891374 1322258864 621415390 2 9732944 631781344
======================
   8      48 sdd 4570116 156 1167464016 10394283 2101384 7891374 1322258864 621415390 2 9737946 631790980
======================
   8      48 sdd 4574950 156 1168701264 10403916 2101384 7891374 1322258864 621415390 2 9742949 631800604
======================
   8      48 sdd 4579778 156 1169937448 10413604 2101384 7891374 1322258864 621415390 2 9747952 631810289
======================
   8      48 sdd 4584625 156 1171172088 10423482 2101384 7891374 1322258864 621415390 2 9752955 631820157
======================
   8      48 sdd 4589524 156 1172424672 10434272 2101384 7891374 1322258864 621415390 2 9757962 631830941
======================
   8      48 sdd 4594358 156 1173662288 10443930 2101384 7891374 1322258864 621415390 1 9762966 631840593
======================
   8      48 sdd 4599185 156 1174896536 10453605 2101384 7891374 1322258864 621415390 2 9767969 631850257
======================
   8      48 sdd 4604000 156 1176128152 10463241 2101384 7891374 1322258864 621415390 2 9772971 631859877
======================
   8      48 sdd 4608811 156 1177359864 10472874 2101384 7891374 1322258864 621415390 2 9777974 631869500
======================
   8      48 sdd 4613595 156 1178584568 10482536 2101384 7891374 1322258864 621415390 2 9782978 631879152
======================
   8      48 sdd 4618396 156 1179813368 10492199 2101384 7891374 1322258864 621415390 2 9787981 631888807
======================
   8      48 sdd 4623208 156 1181045240 10501816 2101384 7891374 1322258864 621415390 1 9792984 631898414
======================
   8      48 sdd 4628023 156 1182277880 10511490 2101384 7891374 1322258864 621415390 2 9797988 631908085
======================
   8      48 sdd 4632828 156 1183507704 10521158 2101384 7891374 1322258864 621415390 2 9802991 631917742
======================
   8      48 sdd 4637632 156 1184737528 10530806 2101384 7891374 1322258864 621415390 2 9807994 631927383
======================
   8      48 sdd 4642439 156 1185968120 10540429 2101384 7891374 1322258864 621415390 2 9812997 631937000
======================
   8      48 sdd 4647263 156 1187203064 10550071 2101384 7891374 1322258864 621415390 2 9818000 631946637
======================
   8      48 sdd 4652067 156 1188432632 10559707 2101384 7891374 1322258864 621415390 2 9823004 631956266
======================
   8      48 sdd 4656861 156 1189659904 10569360 2101384 7891374 1322258864 621415390 2 9828008 631965912
======================
   8      48 sdd 4661710 156 1190901248 10578989 2101384 7891374 1322258864 621415390 2 9833011 631975527
======================
   8      48 sdd 4666546 156 1192139008 10588627 2101384 7891374 1322258864 621415390 2 9838014 631985157
======================
   8      48 sdd 4671341 156 1193366536 10598275 2101384 7891374 1322258864 621415390 2 9843018 631994800
======================
   8      48 sdd 4676118 156 1194589448 10607919 2101384 7891374 1322258864 621415390 2 9848021 632004429
======================
   8      48 sdd 4680933 156 1195822120 10617557 2101384 7891374 1322258864 621415390 2 9853024 632014052
======================
   8      48 sdd 4685770 156 1197060392 10627210 2101384 7891374 1322258864 621415390 1 9858027 632023699
======================
   8      48 sdd 4690607 156 1198298664 10636876 2101384 7891374 1322258864 621415390 2 9863030 632033352
======================
   8      48 sdd 4695433 156 1199533864 10646529 2101384 7891374 1322258864 621415390 2 9868034 632043004
======================
   8      48 sdd 4700262 156 1200770272 10656162 2101384 7891374 1322258864 621415390 2 9873038 632052632
======================
   8      48 sdd 4705092 156 1202006760 10665879 2101384 7891374 1322258864 621415390 2 9878040 632062337
======================
   8      48 sdd 4709888 156 1203234664 10675480 2101384 7891374 1322258864 621415390 2 9883044 632071937
======================
   8      48 sdd 4714696 156 1204465512 10685083 2101384 7891374 1322258864 621415390 2 9888047 632081536
======================
   8      48 sdd 4719507 156 1205697128 10694726 2101384 7891374 1322258864 621415390 2 9893050 632091172
======================
   8      48 sdd 4724319 156 1206929000 10704384 2101384 7891374 1322258864 621415390 2 9898053 632100813
======================
   8      48 sdd 4729112 156 1208155752 10714027 2101384 7891374 1322258864 621415390 2 9903056 632110447
======================
   8      48 sdd 4733923 156 1209387368 10723653 2101384 7891374 1322258864 621415390 2 9908060 632120073
======================
   8      48 sdd 4738733 156 1210618728 10733288 2101384 7891374 1322258864 621415390 2 9913063 632129701
======================
   8      48 sdd 4743541 156 1211849432 10742938 2101384 7891374 1322258864 621415390 2 9918066 632139342
======================
   8      48 sdd 4748337 156 1213077208 10752572 2101384 7891374 1322258864 621415390 2 9923070 632148969
======================
   8      48 sdd 4753157 156 1214311136 10762387 2101384 7891374 1322258864 621415390 2 9928073 632158776
======================
   8      48 sdd 4757980 156 1215545568 10772020 2101384 7891374 1322258864 621415390 2 9933076 632168402
======================
   8      48 sdd 4762791 156 1216776928 10781638 2101384 7891374 1322258864 621415390 2 9938080 632178009
======================
   8      48 sdd 4767625 156 1218014592 10791284 2101384 7891374 1322258864 621415390 2 9943083 632187648
======================
   8      48 sdd 4772485 156 1219258568 10800764 2101384 7891374 1322258864 621415390 2 9948086 632197110
======================
   8      48 sdd 4777316 156 1220495320 10810406 2101384 7891374 1322258864 621415390 1 9953090 632206747
======================
   8      48 sdd 4782113 156 1221722848 10820067 2101384 7891374 1322258864 621415390 2 9958093 632216402
======================
   8      48 sdd 4786914 156 1222951648 10829722 2101384 7891374 1322258864 621415390 2 9963096 632226047
======================
   8      48 sdd 4791698 156 1224176352 10839380 2101384 7891374 1322258864 621415390 2 9968099 632235695
======================
   8      48 sdd 4796496 156 1225404640 10849026 2101384 7891374 1322258864 621415390 2 9973102 632245338
======================
   8      48 sdd 4801291 156 1226632160 10858664 2101384 7891374 1322258864 621415390 2 9978105 632254966
======================
   8      48 sdd 4806114 156 1227866232 10868298 2101384 7891374 1322258864 621415390 1 9983109 632264589
======================
   8      48 sdd 4810954 156 1229105272 10877925 2101384 7891374 1322258864 621415390 2 9988112 632274209
======================
   8      48 sdd 4815795 156 1230344568 10887566 2101384 7891374 1322258864 621415390 2 9993115 632283843
======================
   8      48 sdd 4820616 156 1231579000 10897189 2101384 7891374 1322258864 621415390 2 9998119 632293462
======================
   8      48 sdd 4825457 156 1232818296 10906942 2101384 7891374 1322258864 621415390 2 10003122 632303209
======================
   8      48 sdd 4830295 157 1234056312 10916601 2101384 7891374 1322258864 621415390 2 10008125 632312854
======================
   8      48 sdd 4835137 157 1235295608 10926263 2101384 7891374 1322258864 621415390 2 10013128 632322502
======================
   8      48 sdd 4839978 157 1236534904 10935903 2101384 7891374 1322258864 621415390 2 10018131 632332137
======================
   8      48 sdd 4844814 158 1237771912 10945641 2101384 7891374 1322258864 621415390 2 10023135 632341865
======================
   8      48 sdd 4849664 158 1239013256 10955125 2101384 7891374 1322258864 621415390 2 10028138 632351341
======================
   8      48 sdd 4854479 158 1240245936 10964756 2101384 7891374 1322258864 621415390 1 10033142 632360968
======================
   8      48 sdd 4859336 158 1241489344 10974343 2101384 7891374 1322258864 621415390 2 10038145 632370554
======================
   8      48 sdd 4864216 158 1242738624 10983999 2101384 7891374 1322258864 621415390 2 10043148 632380204
======================
   8      48 sdd 4869107 159 1243988416 10993655 2101384 7891374 1322258864 621415390 2 10048151 632389854
======================
   8      48 sdd 4873993 159 1245239232 11003267 2101384 7891374 1322258864 621415390 2 10053154 632399456
======================
   8      48 sdd 4878883 159 1246490816 11013088 2101384 7891374 1322258864 621415390 1 10058157 632409268
======================
   8      48 sdd 4883767 159 1247739584 11022759 2101384 7891374 1322258864 621415390 2 10063160 632418935
======================
   8      48 sdd 4888623 159 1248982208 11032397 2101384 7891374 1322258864 621415390 2 10068164 632428564
======================
   8      48 sdd 4893507 159 1250232512 11042028 2101384 7891374 1322258864 621415390 2 10073167 632438190
======================
   8      48 sdd 4898396 160 1251482816 11051671 2101384 7891374 1322258864 621415390 2 10078170 632447825
======================
   8      48 sdd 4903279 160 1252732864 11061303 2101384 7891374 1322258864 621415390 2 10083173 632457443
======================
   8      48 sdd 4908158 160 1253981888 11070929 2101384 7891374 1322258864 621415390 2 10088177 632467058
======================
   8      48 sdd 4913002 160 1255221864 11080532 2101384 7891374 1322258864 621415390 2 10093180 632476654
======================
   8      48 sdd 4917825 160 1256456552 11090182 2101384 7891374 1322258864 621415390 2 10098183 632486292
======================
   8      48 sdd 4922658 160 1257694000 11099958 2101384 7891374 1322258864 621415390 2 10103185 632496060
