225.763
2309.144
1192.231
173.572
2623.634
925.278
949.279
100.585
2529.670
969.566
1738.849
285.555
275.259
2527.355
1680.839
852.868
138.979
2658.647
889.571
986.648
764.079
101.285
2527.340
1711.656
843.314
15.596
3330.987
762.628
804.023
99.977
1302.214
2185.953
843.917
848.815
118.274
1999.550
797.343
1389.106
213.953
99.976
2510.414
887.695
1594.694
4.999
2500.442
839.926
836.319
822.353
199.955
2510.469
824.533
1557.518
206.452
2281.795
774.528
1374.514
168.161
99.977
2899.825
826.724
828.710
444.101
1199.352
1502.885
1658.482
828.807
9.299
1799.765
1630.277
830.189
439.135
199.975
2487.594
827.106
841.012
643.731
111.487
2388.232
966.475
1523.914
109.584
1143.674
1864.060
1151.028
828.181
12.398
2478.394
828.676
824.110
168.878
2392.337
918.860
830.378
257.246
799.548
2395.932
829.325
829.418
44.790
2484.625
829.812
832.014
153.364
1752.662
1570.882
826.818
147.665
99.978
2719.065
830.129
825.923
124.073
1616.970
1028.373
1503.362
52.688
803.126
1783.242
910.608
800.738
102.176
2486.922
838.223
1070.888
3.099
2491.915
833.718
830.539
341.123
1606.507
1202.037
1519.079
373.221
210.655
2401.632
657.754
1181.883
44.190
334.329
2155.209
828.122
881.414
102.177
2487.080
829.526
880.430
400.516
1299.120
1700.863
1160.588
38.992
598.883
2597.486
2.100
899.836
101.079
1245.780
1947.257
836.128
168.969
501.086
2493.962
834.145
173.165
378.126
2516.652
831.731
842.341
28.394
2152.156
1183.375
834.134
528.892
100.279
2240.102
1087.782
829.439
43.991
509.301
2205.923
829.835
829.584
124.681
1942.025
1327.101
970.262
156.777
619.720
2033.896
835.585
300.381
