161.072		0
257.094		0
240.933		0
266.86		0
351.184		0
274.713		0
184.042		0
260.298		0
260.513		0
305.956		0
272.543		0
181.686		0
344.162		0
342.808		0
352.599		0
150.615		0
346.967		0
335.286		0
270.826		0
346.939		0
326.503		0
244.08		0
298.954		0
298.236		0
300.195		0
283.128		0
299.564		0
123.601		0
264.514		0
343.066		0
231.438		0
340.48		0
344.743		0
343.035		0
331.826		0
336.753		0
339.111		0
278.368		0
340.939		0
323.077		0
265.892		0
329.745		0
247.74		0
251.391		0
337.385		0
316.34		0
220.856		0
317.226		0
309.928		0
279.745		0
207.253		0
321.026		0
282.634		0
86.0185		0
294.501		0
327.15		0
319.332		0
146.018		0
234.281		0
330.65		0
330.875		0
334.391		0
323.217		0
325.325		0
216.985		0
328.668		0
322.418		0
315.501		0
312.778		0
323.402		0
196.705		0
261.958		0
262.236		0
280.738		0
288.083		0
324.844		0
67.667		0
315.476		0
322.959		0
321.074		0
309.783		0
306.07		0
213.062		0
319.507		0
231.627		0
313.23		0
267.993		0
272.974		0
182.898		0
225.384		0
161.391		0
260.519		0
285.292		0
297.603		0
241.287		0
312.67		0
127.333		0
302.374		0
191.821		0
267.79		0
163.85		0
184.251		0
157.895		0
257.708		0
305.468		0
288.948		0
276.49		0
121.559		0
177.308		0
297.737		0
224.26		0
300.072		0
228.429		0
298.132		0
225.787		0
307.125		0
210.942		0
315.35		0
309.955		0
308.425		0
196.586		0
312.217		0
232.82		0
256.171		0
150.257		0
305.158		0
259.14		0
298.793		0
132.514		0
307.11		0
163.032		0
313.559		0
307.636		0
308.78		0
174.603		0
289.602		0
198.485		0
307.806		0
320.477		0
307.803		0
317.852		0
176.742		0
195.364		0
306.993		0
306.022		0
300.593		0
311.281		0
315.138		0
308.292		0
142.619		0
305.256		0
312.436		0
179.255		0
306.582		0
337.575		0
202.86		0
328.562		0
275.236		0
167.761		0
310.837		0
316.813		0
310.634		0
259.19		0
313.19		0
309.963		0
189.52		0
240.246		0
258.772		0
307.692		0
310.618		0
322.184		0
189.251		0
313.48		0
236.155		0
305.32		0
306.265		0
307.64		0
172.564		0
288.965		0
256.51		0
306.122		0
322.013		0
323.927		0
200.673		0
316.176		0
226.51		0
323.617		0
318.287		0
303.723		0
325.309		0
199.907		0
231.695		0
313.52		0
318.662		0
316.737		0
324.815		0
287.891		0
195.827		0
276.948		0
313.649		0
271.022		0
203.601		0
314.645		0
171.112		0
319.07		0
310.326		0
322.785		0
227.836		0
303.698		0
239.959		0
218.357		0
319.663		0
332.823		0
250.816		0
318.128		0
317.735		0
246.842		0
313.167		0
252.174		0
320		0
315.821		0
232.548		0
303.497		0
315.661		0
231.884		0
294.887		0
289.318		0
307.048		0
224.645		0
301.75		0
287.425		0
238.856		0
230.012		0
262.087		0
272.266		0
295.993		0
303.315		0
285.557		0
326.271		0
203.684		0
317.119		0
319.901		0
262.743		0
297.5		0
322.16		0
250.869		0
253.583		0
331.307		0
321.309		0
224.294		0
318.367		0
303.437		0
325.251		0
318.573		0
312.2		0
177.233		0
199.895		0
313.544		0
324.507		0
328.096		0
313.946		0
214.559		0
256.397		0
335.849		0
252.722		0
313.507		0
309.112		0
232.221		0
313.587		0
317.533		0
214.59		0
311.237		0
318.824		0
232.378		0
328.536		0
230.616		0
316.488		0
322.329		0
332.717		0
247.102		0
242.137		0
308.383		0
318.017		0
210.578		0
337.173		0
219.313		0
317.654		0
252.954		0
321.429		0
226.425		0
329.129		0
325.171		0
230.21		0
249.74		0
325		0
258.348		0
329.74		0
330.455		0
325.674		0
199.143		0
312.913		0
249.766		0
314.876		0
313.459		0
308.869		0
227.463		0
316.366		0
314.227		0
231.338		0
230.384		0
313.441		0
251.437		0
325.926		0
320.156		0
324.18		0
285.768		0
229.909		0
324.219		0
326.573		0
198.749		0
312.251		0
324.682		0
254.07		0
296.341		0
262.066		0
316.881		0
159.106		0
318.4		0
332.956		0
323.022		0
314.754		0
336.893		0
308.906		0
186.78		0
221.799		0
329.73		0
331.894		0
339.103		0
309.322		0
211.753		0
326.944		0
332.064		0
191.027		0
317.653		0
329.1		0
212.142		0
324.459		0
326.599		0
248.213		0
309.356		0
319.761		0
242.071		0
315.171		0
321.865		0
187.311		0
324.085		0
322.757		0
243.414		0
320.664		0
258.466		0
267.535		0
323.154		0
301.896		0
311.688		0
216.848		0
322.014		0
233.01		0
302.665		0
312.391		0
318.411		0
195.547		0
325.7		0
206.604		0
320.308		0
321.254		0
328.426		0
234.253		0
325.967		0
335.711		0
217.518		0
319.149		0
320.915		0
222.343		0
310.761		0
322.479		0
246.359		0
315.011		0
316.443		0
228.545		0
315.473		0
324.81		0
327.666		0
249.259		0
318.452		0
276.428		0
324.791		0
259.511		0
330.092		0
318.383		0
318.358		0
204.415		0
310.79		0
308.784		0
250.791		0
321.942		0
312.5		0
332.676		0
317.585		0
330.132		0
323.397		0
229.442		0
315.985		0
317.058		0
231.764		0
314.65		0
314.356		0
234.334		0
320.856		0
323.294		0
327.662		0
317.46		0
319.672		0
329.186		0
186.485		0
312.169		0
326.113		0
322.537		0
327.049		0
324.53		0
331.83		0
323.514		0
201.889		0
288.407		0
336.375		0
333.157		0
271.728		0
329.418		0
339.398		0
254.918		0
328.093		0
280.126		0
290.892		0
251.628		0
324.365		0
232.894		0
332.232		0
331.096		0
275.893		0
288.836		0
325.44		0
278.286		0
322.404		0
275.718		0
333.122		0
284.404		0
325.065		0
332.934		0
270.884		0
270.101		0
313.449		0
322.508		0
321.115		0
239.948		0
246.154		0
323.461		0
265.446		0
324.503		0
334.129		0
320.743		0
317.987		0
249.316		0
255.632		0
322.879		0
323.696		0
314.448		0
324.098		0
331.304		0
312.687		0
252.71		0
302.546		0
337.162		0
320.513		0
318.59		0
296.352		0
260.393		0
287.85		0
319.542		0
325.843		0
337.316		0
211.386		0
325.558		0
260.523		0
318.867		0
240.964		0
311.854		0
253.038		0
320.911		0
238.222		0
315.473		0
324.812		0
242.802		0
322.881		0
310.111		0
324.532		0
232.726		0
326.914		0
223.045		0
310.245		0
318.822		0
326.697		0
319.581		0
244.724		0
315.426		0
324.012		0
232.246		0
262.192		0
321.388		0
321.974		0
218.528		0
325.356		0
298.203		0
307.539		0
313.801		0
346.039		0
328.51		0
318.803		0
283.915		0
270.216		0
314.815		0
312.006		0
321.082		0
252.04		0
313.23		0
336.402		0
325.025		0
327.666		0
333.504		0
239.816		0
330.332		0
257.346		0
329.551		0
324.123		0
246.965		0
311.14		0
238.208		0
332.803		0
251.212		0
325.537		0
326.442		0
243.859		0
311.483		0
307.824		0
322.102		0
317.259		0
323.898		0
207.648		0
323.293		0
317.678		0
275.805		0
326.765		0
317.67		0
241.379		0
334.572		0
322.964		0
317.183		0
329.67		0
321.363		0
215.285		0
317.133		0
274.366		0
274.386		0
330.535		0
326.265		0
321.814		0
263.702		0
251.103		0
319.666		0
319.366		0
329.114		0
311.908		0
334.061		0
241.689		0
326.159		0
262.015		0
312.883		0
246.68		0
319.874		0
325.332		0
259.62		0
315.844		0
325.197		0
247.036		0
316.157		0
323.766		0
336.788		0
227.545		0
324.729		0
245.856		0
309.357		0
320.777		0
331.385		0
293.847		0
244.235		0
249.129		0
325.502		0
243.047		0
321.625		0
313.221		0
316.52		0
214.065		0
265.724		0
322.318		0
319.847		0
