207.34		0
253.211		0
265.317		0
257.849		0
255.98		0
268.438		0
150.836		0
266.761		0
272.988		0
218.072		0
167.47		0
254.204		0
274.535		0
271.543		0
210.321		0
218.121		0
188.671		0
276.264		0
194.155		0
270.29		0
269.392		0
142.919		0
189.357		0
271.453		0
278.418		0
273.048		0
70.7071		0
132.233		0
280.185		0
270.774		0
137.812		0
285.828		0
230.946		0
271.532		0
140.968		0
243.624		0
144.111		0
280.282		0
281.321		0
191.395		0
138.616		0
286.053		0
279.881		0
220.53		0
153.079		0
235.928		0
280.445		0
207.811		0
272.993		0
192.94		0
180.532		0
216.15		0
211.085		0
160.64		0
287.435		0
279.49		0
194.053		0
253.835		0
108.208		0
285.122		0
246.679		0
254.592		0
264.021		0
243.666		0
107.063		0
98.2754		0
275.707		0
266.179		0
273.074		0
272.027		0
279.528		0
150.612		0
87.3626		0
275.847		0
270.211		0
277.527		0
275.091		0
274.67		0
268.426		0
155.844		0
260.199		0
97.3451		0
241.706		0
274.762		0
281.311		0
267.713		0
173.528		0
90.2389		0
263.361		0
281.846		0
273.547		0
152.825		0
183.754		0
275.635		0
277.433		0
270.504		0
268.557		0
273.85		0
101.949		0
245.171		0
247.721		0
94.4577		0
275.013		0
271.405		0
271.714		0
103.321		0
272.877		0
272.677		0
267.101		0
200.652		0
280.136		0
244.024		0
94.4166		0
277.301		0
135.855		0
281.84		0
119.589		0
277.679		0
281.139		0
280.576		0
273.908		0
276.57		0
202.05		0
82.9016		0
270.972		0
267.185		0
267.782		0
266.509		0
270.859		0
187.112		0
83.0629		0
274.164		0
270.821		0
264.162		0
269.139		0
271.022		0
199.8		0
77.9426		0
276.267		0
269.576		0
282.132		0
275.819		0
269.512		0
200.205		0
81.6856		0
266.954		0
266.999		0
269.35		0
266.414		0
274.297		0
201.378		0
179.865		0
118.287		0
260.705		0
261.726		0
268.88		0
276.28		0
168.36		0
270.415		0
262.646		0
259.766		0
262.046		0
116.064		0
230.769		0
83.7046		0
267.247		0
270.661		0
265.432		0
264.905		0
232.355		0
249.835		0
249.012		0
66.0408		0
251.837		0
252.168		0
266.526		0
224		0
248.82		0
257.775		0
76.5484		0
260.627		0
261.42		0
277.533		0
219.436		0
69.8616		0
262.633		0
260.128		0
255.994		0
272.328		0
271.312		0
270.632		0
74.9913		0
261.059		0
256.854		0
261.248		0
273.628		0
264.291		0
236.092		0
268.679		0
106.009		0
180.034		0
266.111		0
276.05		0
265.861		0
113.656		0
265.697		0
276.827		0
258.647		0
231.994		0
259.009		0
93.7756		0
168.421		0
275.971		0
273.734		0
273.81		0
247.281		0
92.1529		0
182.681		0
263.279		0
269.646		0
254.887		0
276.274		0
269.142		0
217.025		0
86.4283		0
267.747		0
261.268		0
276.786		0
281.553		0
263.323		0
271.132		0
70.9746		0
264.984		0
270.767		0
262.257		0
263.283		0
252.487		0
269.663		0
265.032		0
64.7986		0
270.732		0
272.949		0
272.652		0
257.732		0
268.116		0
259.022		0
70.4894		0
274.917		0
259.646		0
247.104		0
265.207		0
247.077		0
287.732		0
255.233		0
70.4989		0
266.833		0
95.0554		0
267.606		0
257.674		0
265.221		0
270.869		0
272.65		0
273.83		0
72.6997		0
273.577		0
275.109		0
277.098		0
262.281		0
93.8303		0
242.206		0
264.731		0
279.008		0
274.009		0
269.097		0
267.75		0
270.578		0
73.5464		0
224.27		0
276.896		0
268.657		0
278.943		0
280.717		0
72.4525		0
219.939		0
268.75		0
290.741		0
283.721		0
268.817		0
272.405		0
149.398		0
157.926		0
231.265		0
269.982		0
278.505		0
271.571		0
139.521		0
109.176		0
272.227		0
274.254		0
260.643		0
273.567		0
278.469		0
59.9856		0
271.56		0
265.027		0
273.832		0
277.154		0
281.46		0
270.95		0
283.22		0
273.07		0
66.5155		0
268.406		0
265.06		0
268.587		0
272.901		0
279.047		0
58.9286		0
267.775		0
285.857		0
275.696		0
271.362		0
278.049		0
66.5635		0
269.781		0
263.695		0
275.93		0
269.157		0
265.907		0
271.947		0
99.1338		0
270.611		0
270.452		0
275.66		0
274.704		0
301.064		0
65.4854		0
281.974		0
272.377		0
279.138		0
266.368		0
298.161		0
72.6972		0
254.675		0
283.379		0
279.07		0
274.257		0
271.333		0
68.2081		0
277.778		0
261.78		0
254.192		0
272.727		0
272.547		0
264.151		0
110.169		0
176.871		0
276.574		0
259.683		0
276.279		0
272.095		0
269.076		0
114.537		0
130.409		0
283.058		0
266.928		0
272.177		0
282.631		0
281.705		0
271.066		0
267.819		0
72.9631		0
279.141		0
280.042		0
267.418		0
282		0
279.706		0
267.01		0
69.7577		0
270.981		0
276.112		0
277.943		0
289.916		0
269.792		0
289.559		0
264.975		0
71.7642		0
274.573		0
285.414		0
91.3086		0
273.987		0
278.195		0
274.817		0
280.384		0
271.581		0
260.668		0
284.483		0
283.28		0
277.174		0
66.4728		0
265.77		0
269.841		0
86.3309		0
273.973		0
266.036		0
113.611		0
266.878		0
255.502		0
128.366		0
268.718		0
261.555		0
270.183		0
277.238		0
268.718		0
274.033		0
274.945		0
73.9693		0
276.128		0
263.666		0
289.888		0
276.596		0
251.527		0
67.032		0
261.146		0
268.398		0
269.651		0
273.218		0
259.858		0
283.276		0
73.1707		0
270.701		0
276.667		0
273.023		0
260.649		0
266.316		0
256.966		0
73.1812		0
264.676		0
268.421		0
277.476		0
278.081		0
271.645		0
98.0799		0
266.112		0
263.702		0
270.011		0
268.608		0
273.784		0
272.24		0
282.561		0
284.761		0
102.109		0
155.384		0
263.542		0
266.046		0
282.162		0
274.784		0
113.836		0
131.609		0
267.839		0
268.063		0
282.873		0
268.548		0
172.515		0
105.316		0
275.132		0
296.84		0
294.574		0
277.542		0
170.877		0
122.461		0
278.549		0
284.946		0
279.536		0
281.081		0
274.16		0
270.081		0
77.0434		0
273.673		0
269.35		0
281.12		0
265.72		0
275.648		0
275.105		0
271.047		0
67.1031		0
284.335		0
263.211		0
276.142		0
270.517		0
96.4518		0
275.078		0
278.739		0
279.626		0
274.669		0
265.265		0
278.856		0
102.278		0
273.092		0
290.758		0
272.819		0
64.833		0
267.662		0
269.269		0
272.997		0
260.954		0
282.158		0
279.163		0
60.8134		0
266.208		0
269.305		0
89.2193		0
260.788		0
234.775		0
266.602		0
264.486		0
290.188		0
257.914		0
80.6242		0
204.444		0
263.81		0
269.981		0
276		0
267.857		0
95.0486		0
252.085		0
263.705		0
271.389		0
276.575		0
280		0
279		0
281.853		0
283.313		0
76.4239		0
268.246		0
260.036		0
267.593		0
276.303		0
156.11		0
104.956		0
257.827		0
265.152		0
267.474		0
255.515		0
290.452		0
278.107		0
70.8911		0
277.507		0
275.461		0
282.33		0
272.385		0
270.813		0
283.449		0
65.392		0
246.301		0
266.73		0
264.545		0
267.724		0
276.367		0
286.002		0
67.0023		0
275.432		0
271.073		0
266.047		0
274.194		0
249.788		0
276.699		0
268.685		0
66.3836		0
269.017		0
279.843		0
272.901		0
258.559		0
269.376		0
72.1443		0
273.775		0
272.217		0
274.621		0
278.578		0
272.385		0
76.2887		0
245.478		0
277.401		0
267.218		0
273.504		0
274.809		0
265.363		0
282.752		0
61.4875		0
278.42		0
271.296		0
279.398		0
278.689		0
278.53		0
271.375		0
76.9904		0
177.232		0
263.352		0
281.071		0
276.82		0
266.047		0
127.836		0
146.557		0
274.976		0
267.098		0
273.985		0
281.19		0
279.314		0
136.694		0
115.826		0
275.829		0
261.775		0
283.784		0
277.881		0
278.517		0
124.864		0
136.723		0
251.969		0
281.19		0
281.22		0
271.56		0
272.983		0
270.655		0
74.9004		0
277.097		0
272.727		0
275.895		0
283.109		0
274.27		0
273.077		0
70.9112		0
272.894		0
263.876		0
272.392		0
270.492		0
267.03		0
278.517		0
66.7932		0
274.254		0
274.93		0
273.832		0
290.448		0
92.6174		0
271.97		0
264.626		0
271.311		0
283.412		0
284.351		0
273.567		0
67.5778		0
265.343		0
276.636		0
115.715		0
255.875		0
276.316		0
263.776		0
271.985		0
275.255		0
275.444		0
230.074		0
69.689		0
269.899		0
268.293		0
278.035		0
265.049		0
287.632		0
273.401		0
272.991		0
62.4578		0
241.522		0
270.891		0
271.827		0
265.233		0
277.985		0
271.028		0
67.4708		0
255.354		0
270.172		0
276.91		0
276.34		0
267.301		0
298.263		0
64.3713		0
263.95		0
272.81		0
118.034		0
255.774		0
271.248		0
270.394		0
266.148		0
305.419		0
258.681		0
124.176		0
126.633		0
270		0
270.246		0
277.326		0
281.337		0
274.208		0
109.45		0
137.689		0
250.417		0
273.512		0
274.686		0
275.09		0
278.446		0
272.237		0
272.195		0
93.0516		0
258.232		0
286.908		0
272.398		0
279.006		0
267.892		0
69.8491		0
277.473		0
251.908		0
256.562		0
278.643		0
272.237		0
264.655		0
66.2202		0
274.121		0
269.094		0
275.983		0
110.255		0
274.864		0
267.081		0
256.904		0
283.883		0
276.173		0
279.464		0
65.9748		0
278.332		0
255.754		0
269.398		0
118.063		0
273.303		0
281.843		0
124.483		0
286.385		0
276.673		0
142.699		0
275.831		0
269.265		0
277.333		0
264.68		0
280.878		0
275.09		0
268.722		0
282.569		0
66.4697		0
290.774		0
259.45		0
265.856		0
262.705		0
273.297		0
65.1299		0
200.567		0
119.261		0
240.129		0
273.874		0
279.707		0
111.164		0
263.342		0
283.582		0
279.32		0
266.079		0
278.539		0
256.803		0
275.893		0
89.7658		0
177.207		0
270.009		0
267.081		0
272.89		0
266.023		0
225.293		0
97.5406		0
266.372		0
311.133		0
285.848		0
287.918		0
202.744		0
127.237		0
292.22		0
274.296		0
273.053		0
284.25		0
277.473		0
198.937		0
85.5909		0
229.482		0
261.444		0
264.167		0
267.025		0
275.894		0
265.361		0
271.429		0
65.1769		0
216.031		0
277.778		0
279.492		0
264.889		0
263.251		0
65.1299		0
268.336		0
273.799		0
277.829		0
274.864		0
269.755		0
70.7346		0
266.491		0
269.683		0
272.146		0
278.035		0
269.504		0
270		0
66.0165		0
276.46		0
273.723		0
263.436		0
273.646		0
267.142		0
280.899		0
65.8436		0
275.862		0
265.967		0
274.977		0
277.574		0
272.973		0
269.827		0
84.5921		0
173.859		0
268.591		0
266.968		0
264.602		0
272.395		0
278.493		0
171.219		0
106.353		0
252.267		0
278.14		0
148.503		0
184.472		0
281.716		0
268.248		0
267.399		0
276.882		0
155.804		0
138.794		0
262.5		0
293.951		0
243.798		0
278.565		0
261.658		0
167.794		0
101.882		0
273.239		0
265.709		0
266.972		0
266.174		0
275.212		0
272.981		0
73.4167		0
267.709		0
279.963		0
305.242		0
274.528		0
96.6698		0
271.809		0
310.811		0
280.115		0
256.076		0
271.79		0
262.748		0
69.1676		0
272.556		0
284.736		0
267.925		0
274.345		0
273.234		0
93.1284		0
276.392		0
274.454		0
147.368		0
268.797		0
225.882		0
133.52		0
273.073		0
273.559		0
275.962		0
269.517		0
273.998		0
69.2913		0
272.206		0
