======================
   8      48 sdd 10907919 0 2769177992 124209712 241834373 95951471 21862284296 2957518735 0 99722906 3081432495
======================
   8      48 sdd 10907928 0 2769178064 124209988 241835481 95951471 21862982536 2957681131 89 99724348 3081616053
======================
   8      48 sdd 10907935 0 2769178120 124211268 241837583 95951506 21864297632 2958305383 150 99729351 3082242943
======================
   8      48 sdd 10907940 0 2769178160 124212204 241839674 95951519 21865613344 2958957095 128 99734355 3082894708
======================
   8      48 sdd 10907946 0 2769178208 124213509 241841765 95951531 21866928672 2959580387 155 99739358 3083520396
======================
   8      48 sdd 10907951 0 2769178248 124214670 241843859 95951544 21868246560 2960198628 144 99744365 3084140577
======================
   8      48 sdd 10907956 0 2769178288 124215827 241845950 95951553 21869562872 2960825344 132 99749375 3084766340
======================
   8      48 sdd 10907962 0 2769178336 124217159 241848041 95951569 21870878840 2961426687 147 99754378 3085372337
======================
   8      48 sdd 10907967 0 2769178376 124218275 241850132 95951578 21872194168 2962048654 149 99759382 3085995465
======================
   8      48 sdd 10907972 0 2769178416 124219386 241852218 95951595 21873506936 2962669967 140 99764385 3086618441
======================
   8      48 sdd 10907978 0 2769178464 124220623 241854309 95951604 21874822648 2963275401 151 99769388 3087224369
======================
   8      48 sdd 10907983 0 2769178504 124221900 241856398 95951620 21876136696 2963875870 129 99774391 3087826274
======================
   8      48 sdd 10907988 0 2769178544 124223132 241858481 95951629 21877447544 2964485064 139 99779396 3088437279
======================
   8      48 sdd 10907994 0 2769178592 124224380 241860549 95951646 21878749696 2965086019 143 99784398 3089039284
======================
   8      48 sdd 10907999 0 2769178632 124225550 241862654 95951659 21880072456 2965704864 134 99789401 3089658986
======================
   8      48 sdd 10908004 0 2769178672 124226859 241864756 95951669 21881395216 2966311732 152 99794404 3090267046
======================
   8      48 sdd 10908010 0 2769178720 124228182 241866849 95951686 21882711232 2966933836 148 99799406 3090890440
======================
   8      48 sdd 10908015 0 2769178760 124229344 241868939 95951695 21884027160 2967566090 144 99804417 3091513997
======================
   8      48 sdd 10908020 0 2769178800 124230506 241871032 95951708 21885344152 2968189924 128 99809431 3092134153
======================
   8      48 sdd 10908026 0 2769178848 124231616 241873116 95951721 21886655640 2968820475 152 99814435 3092759847
======================
   8      48 sdd 10908031 0 2769178888 124232931 241875204 95951733 21887970240 2969428053 12 99819438 3093368840
======================
   8      48 sdd 10908036 0 2769178928 124234392 241877290 95951746 21889283008 2970026698 35 99824441 3093975639
======================
   8      48 sdd 10908042 0 2769178976 124235396 241879380 95951759 21890598336 2970657154 54 99829443 3094611555
======================
   8      48 sdd 10908047 0 2769179016 124236855 241881468 95951771 21891911488 2971251981 50 99834447 3095207349
======================
   8      48 sdd 10908052 0 2769179056 124237743 241883555 95951784 21893224896 2971895475 98 99839449 3095859400
======================
   8      48 sdd 10908058 0 2769179104 124238844 241885647 95951798 21894541504 2972508248 115 99844454 3096474909
======================
   8      48 sdd 10908063 0 2769179144 124240016 241887736 95951810 21895854928 2973120258 136 99849456 3097089358
======================
   8      48 sdd 10908068 0 2769179184 124240947 241889825 95951815 21897169368 2973766313 131 99854459 3097735591
======================
   8      48 sdd 10908074 0 2769179232 124242179 241891917 95951828 21898485976 2974394943 122 99859461 3098364731
======================
   8      48 sdd 10908079 0 2769179272 124243569 241894008 95951840 21899801304 2974993908 115 99864464 3098964972
======================
   8      48 sdd 10908085 0 2769179320 124244900 241896095 95951853 21901114712 2975612490 152 99869467 3099585247
======================
   8      48 sdd 10908090 0 2769179360 124245872 241898188 95951866 21902431704 2976241393 101 99874470 3100213233
======================
   8      48 sdd 10908096 0 2769179408 124247234 241900278 95951878 21903746392 2976847314 139 99879473 3100822037
======================
   8      48 sdd 10908100 0 2769179440 124248179 241902365 95951891 21905059672 2977476374 91 99884476 3101449586
======================
   8      48 sdd 10908106 0 2769179488 124249380 241904445 95951904 21906368728 2978080754 94 99889477 3102055659
======================
   8      48 sdd 10908111 0 2769179528 124250509 241906522 95951916 21907675096 2978699191 101 99894479 3102675760
======================
   8      48 sdd 10908117 0 2769179576 124252088 241908598 95951929 21908981720 2979290889 152 99899483 3103270326
======================
   8      48 sdd 10908122 0 2769179616 124253062 241910702 95951942 21910305624 2979915131 87 99904487 3103892303
======================
   8      48 sdd 10908127 0 2769179656 124254149 241912806 95951955 21911628520 2980531651 68 99909490 3104507146
======================
   8      48 sdd 10908133 0 2769179704 124255634 241914895 95951969 21912943216 2981151912 137 99914492 3105134711
======================
   8      48 sdd 10908138 0 2769179744 124256772 241916987 95951982 21914259568 2981788963 53 99919493 3105764158
======================
   8      48 sdd 10908143 0 2769179784 124257935 241919077 95951995 21915574896 2982407633 46 99924495 3106382111
======================
   8      48 sdd 10908148 0 2769179824 124259020 241921165 95952008 21916888944 2983032315 41 99929498 3107006912
======================
   8      48 sdd 10908154 0 2769179872 124260450 241923258 95952021 21918206192 2983623328 31 99934504 3107596848
======================
   8      48 sdd 10908159 0 2769179912 124261837 241925348 95952034 21919521264 2984222613 24 99939507 3108195347
======================
   8      48 sdd 10908164 0 2769179952 124263333 241927437 95952047 21920835952 2984817576 18 99944510 3108790062
======================
   8      48 sdd 10908171 0 2769180008 124264781 241929526 95952060 21922150640 2985424668 150 99949514 3109396959
======================
   8      48 sdd 10908176 0 2769180048 124265675 241931615 95952073 21923465328 2986042936 150 99954516 3110036731
======================
   8      48 sdd 10908181 0 2769180088 124267019 241933703 95952086 21924779120 2986660285 138 99959519 3110638213
======================
   8      48 sdd 10908187 0 2769180136 124268207 241935796 95952100 21926095744 2987247942 141 99964524 3111244437
======================
   8      48 sdd 10908192 0 2769180176 124269206 241937886 95952113 21927411072 2987874277 130 99969527 3111868621
======================
   8      48 sdd 10908197 0 2769180216 124270593 241939975 95952127 21928725768 2988508241 144 99974531 3112496244
======================
   8      48 sdd 10908203 0 2769180264 124271857 241942068 95952139 21930042120 2989120072 129 99979534 3113111928
======================
   8      48 sdd 10908208 0 2769180304 124273094 241944155 95952152 21931355528 2989737367 152 99984538 3113732563
======================
   8      48 sdd 10908213 0 2769180344 124274176 241946243 95952165 21932669576 2990358026 139 99989540 3114360242
======================
   8      48 sdd 10908219 0 2769180392 124275487 241948335 95952177 21933985416 2990962909 158 99994542 3114966325
======================
   8      48 sdd 10908224 0 2769180432 124276875 241950425 95952190 21935300616 2991584291 142 99999546 3115585266
======================
   8      48 sdd 10908229 0 2769180472 124278112 241952514 95952203 21936615304 2992199477 132 100004550 3116202505
======================
   8      48 sdd 10908235 0 2769180520 124279391 241954605 95952215 21937930632 2992807757 154 100009553 3116813871
======================
   8      48 sdd 10908240 0 2769180560 124280624 241956691 95952228 21939243400 2993425686 149 100014554 3117434330
======================
   8      48 sdd 10908245 0 2769180600 124281709 241958782 95952241 21940559112 2994050117 134 100019556 3118059855
======================
   8      48 sdd 10908251 0 2769180648 124283014 241960880 95952254 21941878296 2994659639 148 100024572 3118671283
======================
   8      48 sdd 10908256 0 2769180688 124284403 241962973 95952267 21943195544 2995261191 137 100029583 3119274217
======================
   8      48 sdd 10908261 0 2769180728 124285677 241965056 95952280 21944506392 2995870413 149 100034587 3119884518
======================
   8      48 sdd 10908267 0 2769180776 124286999 241967130 95952292 21945810840 2996468558 135 100039590 3120483103
======================
   8      48 sdd 10908272 0 2769180816 124288104 241969211 95952305 21947120408 2997088424 146 100044592 3121104622
======================
   8      48 sdd 10908277 0 2769180856 124289299 241971305 95952318 21948438296 2997704072 141 100049596 3121721587
======================
   8      48 sdd 10908283 0 2769180904 124290281 241973404 95952330 21949758488 2998331125 130 100054599 3122349310
======================
   8      48 sdd 10908288 0 2769180944 124291528 241975496 95952343 21951075096 2998934578 151 100059607 3122954800
======================
   8      48 sdd 10908293 0 2769180984 124292684 241977586 95952359 21952389560 2999576210 156 100064610 3123596891
======================
   8      48 sdd 10908299 0 2769181032 124293997 241979679 95952371 21953706168 3000194050 145 100069614 3124216308
======================
   8      48 sdd 10908304 0 2769181072 124295156 241981768 95952384 21955020856 3000815890 145 100074617 3124839359
======================
   8      48 sdd 10908309 0 2769181112 124296391 241983857 95952397 21956335416 3001427633 151 100079619 3125452475
======================
   8      48 sdd 10908315 0 2769181160 124297585 241985950 95952410 21957651272 3002035340 156 100084622 3126060855
======================
   8      48 sdd 10908320 0 2769181200 124298818 241988040 95952423 21958966600 3002648941 144 100089626 3126675694
======================
   8      48 sdd 10908325 0 2769181240 124300207 241990129 95952436 21960281288 3003247018 135 100094634 3127275673
======================
   8      48 sdd 10908331 0 2769181288 124301348 241992222 95952448 21961597640 3003863062 133 100099637 3127892049
======================
   8      48 sdd 10908336 0 2769181328 124302468 241994311 95952461 21962912328 3004480646 151 100104640 3128510774
======================
   8      48 sdd 10908341 0 2769181368 124303588 241996399 95952474 21964226376 3005101360 140 100109643 3129133100
======================
   8      48 sdd 10908347 0 2769181416 124304830 241998490 95952486 21965541704 3005704801 138 100114647 3129737090
======================
   8      48 sdd 10908352 0 2769181456 124305951 242000578 95952499 21966855752 3006325209 134 100119650 3130358805
======================
   8      48 sdd 10908357 0 2769181496 124307037 242002662 95952512 21968167240 3006941252 128 100124657 3130975740
======================
   8      48 sdd 10908361 0 2769181528 124307876 242004753 95952526 21969482328 3007596634 100 100129660 3131629922
======================
   8      48 sdd 10908366 0 2769181568 124309121 242006843 95952539 21970797656 3008209125 93 100134662 3132242607
======================
   8      48 sdd 10908371 0 2769181608 124310512 242008930 95952552 21972111064 3008812400 89 100139665 3132847243
======================
   8      48 sdd 10908377 0 2769181656 124311696 242011022 95952565 21973426408 3009430713 82 100144669 3133465654
======================
   8      48 sdd 10908382 0 2769181696 124313088 242013109 95952578 21974739560 3010027173 78 100149671 3134062638
======================
   8      48 sdd 10908387 0 2769181736 124314205 242015198 95952591 21976054248 3010648912 72 100154679 3134684669
======================
   8      48 sdd 10908393 0 2769181784 124315157 242017289 95952603 21977369576 3011276000 65 100159682 3135311473
======================
   8      48 sdd 10908398 0 2769181824 124316201 242019378 95952616 21978684264 3011901472 59 100164685 3135936867
======================
   8      48 sdd 10908403 0 2769181864 124317313 242021467 95952629 21979998696 3012517848 53 100169688 3136552864
======================
   8      48 sdd 10908409 0 2769181912 124318284 242023558 95952641 21981314024 3013145941 46 100174691 3137180447
======================
   8      48 sdd 10908414 0 2769181952 124319501 242025647 95952654 21982628712 3013760801 40 100179694 3137795099
======================
   8      48 sdd 10908419 0 2769181992 124320624 242027735 95952667 21983942760 3014373430 35 100184697 3138407716
======================
   8      48 sdd 10908425 0 2769182040 124321584 242029826 95952679 21985258088 3015000549 28 100189700 3139033835
======================
   8      48 sdd 10908431 0 2769182088 124322957 242031917 95952692 21986573800 3015611409 158 100194704 3139652306
======================
   8      48 sdd 10908435 0 2769182120 124324022 242034005 95952706 21987888488 3016240010 14 100199708 3140271667
started
======================
   8      48 sdd 10910174 0 2769594322 124327653 242034398 95952720 21988126168 3016338094 2 100202292 3140368803
======================
   8      48 sdd 10914306 0 2770652114 124337089 242034401 95952722 21988126208 3016338094 2 100207330 3140378228
======================
   8      48 sdd 10919121 0 2771884754 124346458 242034401 95952722 21988126208 3016338094 1 100212333 3140387589
======================
   8      48 sdd 10923941 0 2773118674 124355849 242034401 95952722 21988126208 3016338094 2 100217336 3140396969
======================
   8      48 sdd 10928767 0 2774354130 124365252 242034401 95952722 21988126208 3016338094 2 100222343 3140406365
======================
   8      48 sdd 10933583 0 2775587026 124374634 242034401 95952722 21988126208 3016338094 2 100227348 3140415743
======================
   8      48 sdd 10938396 0 2776819154 124384001 242034401 95952722 21988126208 3016338094 1 100232346 3140425106
======================
   8      48 sdd 10943213 0 2778052306 124393369 242034401 95952722 21988126208 3016338094 1 100237349 3140434469
======================
   8      48 sdd 10948025 0 2779284178 124402740 242034403 95952722 21988126224 3016338094 2 100242353 3140443831
======================
   8      48 sdd 10952849 0 2780519122 124412128 242034403 95952722 21988126224 3016338094 2 100247362 3140453205
======================
   8      48 sdd 10957670 0 2781753298 124421515 242034403 95952722 21988126224 3016338094 2 100252366 3140462590
======================
   8      48 sdd 10962486 0 2782986194 124430894 242034403 95952722 21988126224 3016338094 1 100257369 3140471959
======================
   8      48 sdd 10967305 0 2784219858 124440283 242034403 95952722 21988126224 3016338094 2 100262373 3140481343
======================
   8      48 sdd 10972124 0 2785453522 124449651 242034403 95952722 21988126224 3016338094 2 100267377 3140490702
======================
   8      48 sdd 10976941 0 2786686674 124459028 242034403 95952722 21988126224 3016338094 2 100272381 3140500072
======================
   8      48 sdd 10981766 0 2787921874 124468408 242034403 95952722 21988126224 3016338094 2 100277384 3140509436
======================
   8      48 sdd 10986582 0 2789154770 124477792 242034403 95952722 21988126224 3016338094 2 100282388 3140518815
======================
   8      48 sdd 10991400 0 2790388178 124487168 242034403 95952722 21988126224 3016338094 1 100287392 3140528182
======================
   8      48 sdd 10996217 0 2791621330 124496547 242034403 95952722 21988126224 3016338094 2 100292395 3140537557
======================
   8      48 sdd 11001035 0 2792854738 124505923 242034403 95952722 21988126224 3016338094 2 100297400 3140546926
======================
   8      48 sdd 11005858 0 2794089426 124515280 242034403 95952722 21988126224 3016338094 2 100302403 3140556275
======================
   8      48 sdd 11010675 0 2795322578 124524667 242034403 95952722 21988126224 3016338094 2 100307407 3140565653
======================
   8      48 sdd 11015491 0 2796555474 124534047 242034403 95952722 21988126224 3016338094 2 100312410 3140575025
======================
   8      48 sdd 11020309 0 2797788882 124543425 242034403 95952722 21988126224 3016338094 2 100317414 3140584398
======================
   8      48 sdd 11025126 0 2799022034 124552810 242034403 95952722 21988126224 3016338094 2 100322418 3140593776
======================
   8      48 sdd 11029942 0 2800254930 124562169 242034403 95952722 21988126224 3016338094 2 100327421 3140603129
======================
   8      48 sdd 11034767 0 2801490130 124571550 242034403 95952722 21988126224 3016338094 2 100332426 3140612501
======================
   8      48 sdd 11039584 0 2802723282 124580914 242034403 95952722 21988126224 3016338094 2 100337429 3140621859
======================
   8      48 sdd 11044402 0 2803956690 124590303 242034403 95952722 21988126224 3016338094 2 100342434 3140631236
======================
   8      48 sdd 11049221 0 2805190354 124599668 242034403 95952722 21988126224 3016338094 2 100347438 3140640596
======================
   8      48 sdd 11054036 0 2806422994 124609030 242034403 95952722 21988126224 3016338094 2 100352441 3140649956
======================
   8      48 sdd 11058854 0 2807656402 124618420 242034403 95952722 21988126224 3016338094 1 100357448 3140659339
======================
   8      48 sdd 11063679 0 2808891602 124627795 242034403 95952722 21988126224 3016338094 1 100362452 3140668707
======================
   8      48 sdd 11068494 0 2810124242 124637179 242034403 95952722 21988126224 3016338094 2 100367456 3140678089
======================
   8      48 sdd 11073303 0 2811355346 124646554 242034403 95952722 21988126224 3016338094 2 100372459 3140687459
======================
   8      48 sdd 11078120 0 2812588498 124655902 242034403 95952722 21988126224 3016338094 1 100377463 3140696801
======================
   8      48 sdd 11082922 0 2813817810 124665273 242034403 95952722 21988126224 3016338094 2 100382466 3140706165
======================
   8      48 sdd 11087730 0 2815048658 124674649 242034403 95952722 21988126224 3016338094 2 100387470 3140715536
======================
   8      48 sdd 11092540 0 2816280018 124684037 242034403 95952722 21988126224 3016338094 2 100392473 3140724921
======================
   8      48 sdd 11097358 0 2817513426 124693415 242034403 95952722 21988126224 3016338094 2 100397477 3140734286
======================
   8      48 sdd 11102165 0 2818744018 124702810 242034403 95952722 21988126224 3016338094 2 100402481 3140743671
======================
   8      48 sdd 11106970 0 2819974098 124712175 242034403 95952722 21988126224 3016338094 2 100407484 3140753027
======================
   8      48 sdd 11111773 0 2821203666 124721558 242034403 95952722 21988126224 3016338094 2 100412487 3140762405
======================
   8      48 sdd 11116588 0 2822436306 124730943 242034403 95952722 21988126224 3016338094 2 100417497 3140771790
======================
   8      48 sdd 11121403 0 2823668946 124740321 242034403 95952722 21988126224 3016338094 2 100422500 3140781161
======================
   8      48 sdd 11126216 0 2824901074 124749679 242034403 95952722 21988126224 3016338094 2 100427504 3140790511
======================
   8      48 sdd 11131023 0 2826131666 124759051 242034403 95952722 21988126224 3016338094 2 100432508 3140799878
======================
   8      48 sdd 11135822 0 2827360210 124768427 242034403 95952722 21988126224 3016338094 2 100437511 3140809249
======================
   8      48 sdd 11140628 0 2828590546 124777797 242034403 95952722 21988126224 3016338094 2 100442515 3140818612
======================
   8      48 sdd 11145437 0 2829821650 124787175 242034403 95952722 21988126224 3016338094 2 100447519 3140827985
======================
   8      48 sdd 11150253 0 2831054546 124796556 242034403 95952722 21988126224 3016338094 2 100452522 3140837353
======================
   8      48 sdd 11155063 0 2832285906 124805936 242034403 95952722 21988126224 3016338094 2 100457526 3140846730
======================
   8      48 sdd 11159872 0 2833517010 124815305 242034403 95952722 21988126224 3016338094 2 100462530 3140856094
======================
   8      48 sdd 11164676 0 2834746834 124824676 242034403 95952722 21988126224 3016338094 2 100467534 3140865455
======================
   8      48 sdd 11169483 0 2835977426 124834047 242034403 95952722 21988126224 3016338094 2 100472537 3140874819
======================
   8      48 sdd 11174294 0 2837209042 124843436 242034403 95952722 21988126224 3016338094 1 100477541 3140884202
======================
   8      48 sdd 11179106 0 2838440914 124852826 242034403 95952722 21988126224 3016338094 2 100482545 3140893591
======================
   8      48 sdd 11183838 0 2839652306 124862214 242034403 95952722 21988126224 3016338094 2 100487549 3140902969
======================
   8      48 sdd 11188515 0 2840849618 124871584 242034403 95952722 21988126224 3016338094 2 100492544 3140912329
======================
   8      48 sdd 11193203 0 2842049746 124880930 242034403 95952722 21988126224 3016338094 2 100497543 3140921667
======================
   8      48 sdd 11197878 0 2843246546 124890268 242034403 95952722 21988126224 3016338094 2 100502538 3140930997
======================
   8      48 sdd 11202569 0 2844447442 124899631 242034403 95952722 21988126224 3016338094 1 100507537 3140940350
======================
   8      48 sdd 11207292 0 2845656530 124908988 242034403 95952722 21988126224 3016338094 2 100512532 3140949701
======================
   8      48 sdd 11212106 0 2846888914 124918385 242034403 95952722 21988126224 3016338094 1 100517536 3140959083
======================
   8      48 sdd 11216918 0 2848120786 124927762 242034403 95952722 21988126224 3016338094 1 100522545 3140968455
======================
   8      48 sdd 11221723 0 2849350866 124937158 242034403 95952722 21988126224 3016338094 2 100527552 3140977838
======================
   8      48 sdd 11226527 0 2850580690 124946537 242034403 95952722 21988126224 3016338094 2 100532555 3140987213
======================
   8      48 sdd 11231342 0 2851813330 124955913 242034403 95952722 21988126224 3016338094 2 100537566 3140996579
======================
   8      48 sdd 11236156 0 2853045714 124965281 242034403 95952722 21988126224 3016338094 2 100542569 3141005944
======================
   8      48 sdd 11240970 0 2854278098 124974659 242034403 95952722 21988126224 3016338094 1 100547577 3141015313
======================
   8      48 sdd 11245769 0 2855506642 124984020 242034403 95952722 21988126224 3016338094 2 100552581 3141024671
======================
   8      48 sdd 11250578 0 2856737746 124993403 242034403 95952722 21988126224 3016338094 1 100557590 3141034045
======================
   8      48 sdd 11255385 0 2857968338 125002772 242034403 95952722 21988126224 3016338094 1 100562593 3141043406
======================
   8      48 sdd 11260195 0 2859199450 125012151 242034403 95952722 21988126224 3016338094 1 100567596 3141052776
======================
   8      48 sdd 11265040 0 2860439770 125021556 242034403 95952722 21988126224 3016338094 2 100572631 3141062175
======================
   8      48 sdd 11269846 0 2861670106 125030929 242034403 95952722 21988126224 3016338094 2 100577634 3141071540
======================
   8      48 sdd 11274660 0 2862902490 125040341 242034403 95952722 21988126224 3016338094 2 100582649 3141080944
======================
   8      48 sdd 11279463 0 2864132058 125049717 242034403 95952722 21988126224 3016338094 2 100587653 3141090314
======================
   8      48 sdd 11284274 0 2865363674 125059103 242034403 95952722 21988126224 3016338094 2 100592657 3141099691
======================
   8      48 sdd 11289089 0 2866596314 125068473 242034403 95952722 21988126224 3016338094 2 100597661 3141109056
======================
   8      48 sdd 11293911 0 2867830746 125077870 242034403 95952722 21988126224 3016338094 2 100602672 3141118449
======================
   8      48 sdd 11298718 0 2869061338 125087260 242034403 95952722 21988126224 3016338094 2 100607676 3141127832
======================
   8      48 sdd 11303526 0 2870292186 125096669 242034403 95952722 21988126224 3016338094 1 100612683 3141137228
======================
   8      48 sdd 11308329 0 2871521754 125106052 242034403 95952722 21988126224 3016338094 2 100617686 3141146603
======================
   8      48 sdd 11313146 0 2872754906 125115441 242034403 95952722 21988126224 3016338094 2 100622697 3141155988
======================
   8      48 sdd 11317963 0 2873988058 125124809 242034403 95952722 21988126224 3016338094 2 100627700 3141165345
======================
   8      48 sdd 11322768 0 2875218138 125134183 242034403 95952722 21988126224 3016338094 2 100632704 3141174709
======================
   8      48 sdd 11327588 0 2876452058 125143553 242034403 95952722 21988126224 3016338094 2 100637708 3141184069
======================
   8      48 sdd 11332444 0 2877695450 125152978 242034403 95952722 21988126224 3016338094 2 100642737 3141193487
======================
   8      48 sdd 11337268 0 2878930138 125162381 242034403 95952722 21988126224 3016338094 2 100647746 3141202881
======================
   8      48 sdd 11342086 0 2880163546 125171734 242034403 95952722 21988126224 3016338094 2 100652750 3141212227
======================
   8      48 sdd 11346905 0 2881397210 125181108 242034403 95952722 21988126224 3016338094 1 100657753 3141221594
======================
   8      48 sdd 11351723 0 2882630618 125190473 242034403 95952722 21988126224 3016338094 2 100662757 3141230956
======================
   8      48 sdd 11356547 0 2883865562 125199860 242034403 95952722 21988126224 3016338094 2 100667761 3141240333
======================
   8      48 sdd 11361376 0 2885101786 125209248 242034403 95952722 21988126224 3016338094 2 100672765 3141249718
======================
   8      48 sdd 11366197 0 2886335962 125218627 242034403 95952722 21988126224 3016338094 2 100677769 3141259086
======================
   8      48 sdd 11371020 0 2887570650 125228009 242034403 95952722 21988126224 3016338094 2 100682773 3141268459
======================
   8      48 sdd 11375842 0 2888805082 125237367 242034403 95952722 21988126224 3016338094 2 100687778 3141277812
======================
   8      48 sdd 11380660 0 2890038490 125246731 242034403 95952722 21988126224 3016338094 2 100692781 3141287168
======================
   8      48 sdd 11385488 0 2891274458 125256088 242034403 95952722 21988126224 3016338094 2 100697785 3141296517
======================
   8      48 sdd 11390311 0 2892509146 125265456 242034403 95952722 21988126224 3016338094 2 100702789 3141305880
======================
   8      48 sdd 11395130 0 2893742810 125274822 242034403 95952722 21988126224 3016338094 2 100707792 3141315237
======================
   8      48 sdd 11400089 0 2895012314 125283224 242034403 95952722 21988126224 3016338094 0 100712315 3141323624
