8.0
8.0
6.3
7.7
8.2
8.2
6.8
6.8
8.0
6.8
7.0
8.1
7.6
7.6
7.5
8.5
8.2
8.2
7.8
7.2
6.9
8.0
6.7
8.3
7.1
8.4
7.2
8.2
7.7
8.0
7.6
7.4
7.2
8.2
8.1
7.4
8.4
8.1
8.4
8.3
6.9
7.7
7.3
7.1
6.9
8.1
7.5
7.2
7.1
7.2
8.0
7.2
8.1
8.1
7.7
8.0
7.7
6.9
7.9
6.9
7.7
7.9
7.5
7.5
7.2
7.7
8.2
7.8
8.1
7.2
7.0
7.8
7.8
7.9
7.8
8.0
8.0
8.0
7.1
7.7
7.7
8.5
7.2
8.2
6.9
7.3
8.0
7.3
8.0
8.3
8.7
8.1
7.8
8.0
8.4
8.3
7.3
7.6
7.9
8.1
7.5
7.9
7.5
7.1
7.2
8.1
8.1
7.9
8.2
8.1
7.3
8.2
7.7
7.7
7.4
8.2
8.0
7.9
8.2
7.8
7.8
7.9
7.8
6.8
7.7
8.2
8.2
7.7
8.1
8.1
7.7
7.6
7.2
8.2
7.7
8.0
7.9
7.8
8.3
8.0
8.1
7.9
8.4
7.8
7.8
8.0
6.8
8.2
7.4
7.7
8.5
7.9
7.6
8.1
7.4
7.9
8.0
7.9
8.1
7.6
7.0
7.2
6.7
8.2
7.2
7.3
8.2
8.4
7.9
7.5
7.6
8.0
7.7
7.1
6.9
8.0
7.2
7.9
8.3
8.1
7.7
7.8
8.0
7.7
8.1
7.9
7.2
8.0
7.4
8.1
8.1
8.3
8.4
7.7
6.9
7.8
6.7
7.8
7.9
6.8
7.0
8.0
4.5
