71.189
77.889
79.088
80.288
79.685
79.283
78.986
79.486
79.885
79.085
79.985
79.384
79.684
80.985
79.391
79.989
79.290
79.388
80.288
80.487
80.787
80.187
79.787
79.288
79.188
80.488
80.191
81.089
79.985
80.481
79.981
79.985
79.086
80.383
79.086
80.589
79.687
81.286
80.188
80.688
80.689
79.990
80.688
79.587
80.089
79.788
80.381
79.782
80.383
79.188
79.689
79.488
80.289
79.688
79.491
81.889
79.487
80.988
80.390
79.189
80.390
80.889
80.884
80.783
81.684
79.786
80.484
81.584
80.484
80.485
79.785
80.985
81.284
79.984
80.485
79.785
65.986
