113381.067
123012.730
123236.708
123033.818
123015.844
123314.402
122975.745
123042.093
123228.112
122911.716
123169.359
123222.298
123134.741
123704.527
127339.181
123516.566
123651.307
123505.325
123515.296
123465.506
123557.783
123441.316
123471.431
123574.916
123273.563
123435.108
123226.605
123260.136
123360.536
123232.593
123314.826
123433.395
123323.011
122750.151
119538.588
119739.413
121326.344
123292.724
123246.732
123396.668
122937.325
122995.603
123229.922
122974.271
123098.989
123249.182
123042.910
123164.760
123213.377
122993.384
123242.567
120485.987
