87506.371
978704.620
1274834.036
1277111.065
1278498.708
1276498.630
1278849.680
1272900.716
1270647.794
1274051.999
1278662.935
1277237.914
1247783.979
1241859.195
1243231.930
1240528.173
1240958.530
1236906.675
1239179.147
1232969.159
1238879.621
1231788.611
1236030.050
1237521.465
1242932.291
1237496.673
1238350.374
1223638.265
1219222.666
1218738.282
1222024.346
1218858.152
1225789.066
1225315.505
1172185.942
1184151.004
1179243.481
1169381.773
1159470.310
1157680.560
1155012.955
1169680.922
75840.305
