866.933
1396.553
1312.694
1015.380
1968.717
1675.455
970.073
2256.236
1565.568
1406.473
2004.130
1506.849
1686.037
1709.779
1488.140
1659.931
1088.292
1970.116
1615.637
1040.294
2159.450
1624.785
1169.890
2080.135
1539.359
1613.046
1801.102
1461.341
1591.270
1295.946
1910.903
1575.565
1233.668
2012.716
1643.792
1017.564
2100.251
1521.227
1215.753
1829.057
1618.009
1431.797
1455.570
1791.660
1528.266
1247.691
1931.332
1554.874
1240.189
1963.671
1577.975
1080.175
2095.538
1578.390
1056.173
1987.535
1498.572
1370.155
1524.654
1448.402
