======================
   8      48 sdd 3762 0 30060 592347 1060770 4733566 667513088 312942759 0 2528790 313528742
started
======================
   8      48 sdd 3767 0 30100 592348 1060785 4733582 667513336 312942763 0 2528792 313528747
======================
   8      48 sdd 3774 0 30156 593323 1062765 4733595 668761080 313350703 10 2532334 313940776
======================
   8      48 sdd 3780 0 30204 594361 1064859 4733608 670074648 313993879 154 2537340 314584367
======================
   8      48 sdd 3786 0 30252 595842 1066950 4733622 671391256 314605155 144 2542363 315200694
======================
   8      48 sdd 3791 0 30292 597086 1069039 4733635 672706504 315226074 133 2547366 315840890
======================
   8      48 sdd 3796 0 30332 598258 1071125 4733639 674019656 315851422 153 2552369 316465923
======================
   8      48 sdd 3802 0 30380 599714 1073213 4733652 675333064 316444239 157 2557374 317058122
======================
   8      48 sdd 3807 0 30420 600988 1075305 4733665 676649672 317052420 136 2562382 317670882
======================
   8      48 sdd 3812 0 30460 602099 1077394 4733678 677964232 317671322 146 2567386 318291497
======================
   8      48 sdd 3818 0 30508 603435 1079484 4733691 679279432 318269602 146 2572395 318889616
======================
   8      48 sdd 3823 0 30548 604644 1081575 4733704 680595400 318875324 148 2577398 319498210
======================
   8      48 sdd 3828 0 30588 605780 1083665 4733717 681910728 319489929 157 2582403 320113547
======================
   8      48 sdd 3834 0 30636 607288 1085754 4733731 683225424 320102601 157 2587406 320727375
======================
   8      48 sdd 3839 0 30676 608463 1087847 4733744 684541152 320721807 138 2592409 321348248
======================
   8      48 sdd 3844 0 30716 609724 1089935 4733757 685855200 321336629 135 2597412 321964238
======================
   8      48 sdd 3850 0 30764 610835 1092022 4733770 687168608 321963625 145 2602416 322592651
======================
   8      48 sdd 3855 0 30804 611950 1094113 4733782 688483936 322594198 133 2607420 323224110
======================
   8      48 sdd 3860 0 30844 613282 1096202 4733795 689798368 323198222 157 2612422 323828945
======================
   8      48 sdd 3866 0 30892 614817 1098287 4733808 691110496 323789874 134 2617426 324423246
======================
   8      48 sdd 3871 0 30932 616104 1100382 4733820 692428384 324406211 148 2622430 325040194
======================
   8      48 sdd 3876 0 30972 617493 1102471 4733833 693743072 325008265 150 2627433 325643681
======================
   8      48 sdd 3882 0 31020 618979 1104556 4733846 695055200 325593943 143 2632437 326231837
======================
   8      48 sdd 3887 0 31060 620009 1106653 4733858 696374112 326223379 146 2637443 326861443
======================
   8      48 sdd 3892 0 31100 620966 1108737 4733871 697685600 326858130 147 2642446 327496827
======================
   8      48 sdd 3898 0 31148 622126 1110819 4733884 698995808 327470691 122 2647450 328110442
======================
   8      48 sdd 3903 0 31188 623101 1112914 4733897 700313072 328105163 112 2652454 328744687
======================
   8      48 sdd 3908 0 31228 624397 1114996 4733910 701623280 328708323 113 2657457 329349940
======================
   8      48 sdd 3914 0 31276 625595 1117083 4733923 702936688 329316534 109 2662461 329958800
======================
   8      48 sdd 3920 0 31324 626867 1119178 4733936 704254328 329960510 138 2667465 330604215
======================
   8      48 sdd 3924 0 31356 627944 1121262 4733949 705565816 330596966 97 2672470 331240658
======================
   8      48 sdd 3931 0 31412 629356 1123350 4733962 706879864 331199629 156 2677474 331844284
======================
   8      48 sdd 3935 0 31444 630399 1125441 4733974 708195192 331824054 85 2682478 332468710
======================
   8      48 sdd 3940 0 31484 631894 1127517 4733987 709501560 332418679 92 2687481 333065625
======================
   8      48 sdd 3947 0 31540 633184 1129594 4734000 710808568 333026289 152 2692489 333675555
======================
   8      48 sdd 3951 0 31572 634489 1131693 4734012 712129016 333624906 83 2697495 334272436
======================
   8      48 sdd 3957 0 31620 636071 1133786 4734025 713446008 334203728 154 2702496 334856254
======================
   8      48 sdd 3963 0 31668 637374 1135873 4734038 714759416 334805824 154 2707498 335459343
======================
   8      48 sdd 3967 0 31700 638306 1137966 4734051 716075400 335428954 61 2712501 336076847
======================
   8      48 sdd 3973 0 31748 639593 1140054 4734064 717389448 336039936 129 2717504 336696274
======================
   8      48 sdd 3979 0 31796 640783 1142140 4734077 718701960 336645251 144 2722508 337301318
======================
   8      48 sdd 3983 0 31828 641723 1144232 4734089 720017928 337266532 45 2727512 337914148
======================
   8      48 sdd 3988 0 31868 643037 1146319 4734103 721331344 337900431 41 2732516 338548503
======================
   8      48 sdd 3995 0 31924 644474 1148408 4734116 722646032 338515641 154 2737519 339175876
======================
   8      48 sdd 3999 0 31956 645485 1150500 4734128 723961744 339143766 27 2742522 339790633
======================
   8      48 sdd 4004 0 31996 646680 1152582 4734141 725272208 339756012 28 2747525 340404646
======================
   8      48 sdd 4011 0 32052 648153 1154671 4734154 726586640 340351994 139 2752529 341015844
======================
   8      48 sdd 4016 0 32092 649324 1156763 4734166 727902608 340981767 138 2757534 341631454
======================
   8      48 sdd 4021 0 32132 650378 1158848 4734179 729214608 341589640 156 2762537 342258082
======================
   8      48 sdd 4027 0 32180 651564 1160935 4734192 730528144 342199960 128 2767540 342869277
======================
   8      48 sdd 4032 0 32220 652667 1163031 4734205 731846432 342836991 152 2772546 343492810
======================
   8      48 sdd 4037 0 32260 653874 1165116 4734218 733157920 343446506 147 2777550 344107128
======================
   8      48 sdd 4043 0 32308 654922 1167202 4734231 734470688 344057415 149 2782553 344730419
======================
   8      48 sdd 4048 0 32348 655954 1169299 4734243 735789856 344690426 133 2787565 345355635
======================
   8      48 sdd 4053 0 32388 656983 1171385 4734256 737102624 345314205 157 2792568 345982238
======================
   8      48 sdd 4059 0 32436 658191 1173473 4734269 738416416 345907398 128 2797571 346582963
======================
   8      48 sdd 4064 0 32476 659514 1175566 4734283 739733040 346532608 145 2802578 347205401
======================
   8      48 sdd 4069 0 32516 660766 1177651 4734296 741045168 347146394 144 2807583 347820685
======================
   8      48 sdd 4075 0 32564 662105 1179740 4734309 742359856 347752665 138 2812592 348432650
======================
   8      48 sdd 4080 0 32604 663300 1181835 4734321 743677488 348378254 156 2817603 349057181
======================
   8      48 sdd 4085 0 32644 664626 1183923 4734334 744991536 348981069 135 2822607 349659402
======================
   8      48 sdd 4091 0 32692 665874 1186010 4734347 746304944 349590740 140 2827610 350274057
======================
   8      48 sdd 4096 0 32732 667270 1188106 4734360 747622592 350196899 147 2832622 350880238
======================
   8      48 sdd 4101 0 32772 668308 1190195 4734373 748937280 350818024 157 2837626 351503522
======================
   8      48 sdd 4107 0 32820 669557 1192274 4734386 750245568 351427296 129 2842629 352113742
======================
   8      48 sdd 4112 0 32860 670669 1194364 4734398 751560896 352048560 134 2847634 352736134
======================
   8      48 sdd 4117 0 32900 671698 1196450 4734411 752873024 352673385 135 2852636 353362589
======================
   8      48 sdd 4123 0 32948 672835 1198537 4734424 754186432 353286574 133 2857639 353976424
======================
   8      48 sdd 4128 0 32988 673946 1200632 4734436 755504064 353900159 139 2862653 354591511
======================
   8      48 sdd 4133 0 33028 674824 1202718 4734449 756816832 354534309 135 2867656 355226332
======================
   8      48 sdd 4139 0 33076 676323 1204805 4734465 758129632 355148194 136 2872659 355841493
======================
   8      48 sdd 4144 0 33116 677574 1206893 4734478 759443680 355761308 145 2877664 356455590
======================
   8      48 sdd 4149 0 33156 678773 1208977 4734491 760755168 356382851 131 2882668 357078683
======================
   8      48 sdd 4155 0 33204 680393 1211062 4734505 762066672 356962312 138 2887670 357659836
======================
   8      48 sdd 4160 0 33244 681792 1213152 4734518 763382000 357560245 131 2892675 358258990
======================
   8      48 sdd 4165 0 33284 683031 1215237 4734531 764694128 358176088 128 2897681 358876084
======================
   8      48 sdd 4171 0 33332 684389 1217321 4734544 766005616 358772376 137 2902683 359473838
======================
   8      48 sdd 4176 0 33372 685665 1219412 4734557 767321928 359376104 146 2907688 360078860
======================
   8      48 sdd 4181 0 33412 686913 1221499 4734570 768634736 359987560 131 2912692 360691419
======================
   8      48 sdd 4187 0 33460 688090 1223586 4734583 769948744 360588617 138 2917693 361294107
======================
   8      48 sdd 4192 0 33500 689229 1225679 4734596 771265392 361204243 148 2922697 361910596
======================
   8      48 sdd 4197 0 33540 690398 1227760 4734610 772575560 361816773 158 2927700 362524083
======================
   8      48 sdd 4203 0 33588 691747 1229847 4734621 773888712 362422032 153 2932702 363130925
======================
   8      48 sdd 4208 0 33628 693167 1231940 4734630 775205320 363034885 139 2937706 363745190
======================
   8      48 sdd 4213 0 33668 694433 1234015 4734647 776510448 363652966 140 2942708 364365048
======================
   8      48 sdd 4219 0 33716 695665 1236088 4734657 777815760 364267374 132 2947712 364977073
======================
   8      48 sdd 4224 0 33756 696827 1238196 4734669 779141080 364891872 135 2952721 365602222
======================
   8      48 sdd 4229 0 33796 697952 1240289 4734682 780458328 365516980 145 2957727 366222024
======================
   8      48 sdd 4235 0 33844 699254 1242377 4734695 781772120 366129383 133 2962733 366829777
======================
   8      48 sdd 4240 0 33884 700647 1244469 4734707 783088088 366724938 137 2967737 367428194
======================
   8      48 sdd 4245 0 33924 702037 1246554 4734720 784400216 367329245 144 2972741 368027628
======================
   8      48 sdd 4251 0 33972 703108 1248638 4734733 785712896 367952524 11 2977743 368651809
======================
   8      48 sdd 4256 0 34012 704205 1250731 4734745 787029376 368574861 2 2982748 369272138
======================
   8      48 sdd 4261 0 34052 705302 1252813 4734758 788339712 369198995 29 2987751 369905755
======================
   8      48 sdd 4267 0 34100 706435 1254902 4734771 789654144 369812566 49 2992754 370525631
======================
   8      48 sdd 4272 0 34140 707529 1256994 4734783 790970112 370435883 67 2997760 371153182
======================
   8      48 sdd 4277 0 34180 708637 1259080 4734787 792282880 371053544 116 3002764 371778577
