======================
   8      16 sdb 19678532 14893 4605533124 855221192 8892976 25853103 5595085040 2054712243 33 57894148 2909868987
======================
   8      16 sdb 19678652 14893 4605534084 855227118 8894054 25853103 5595764464 2054839703 119 57895637 2910021187
======================
   8      16 sdb 19678658 14893 4605534132 855228752 8896051 25853136 5597013240 2055419098 139 57900639 2910601509
======================
   8      16 sdb 19678664 14893 4605534180 855230107 8898597 25853151 5598615816 2056017770 93 57905642 2911199507
======================
   8      16 sdb 19678671 14893 4605534236 855232234 8901073 25853165 5600173720 2056507656 117 57910644 2911693227
======================
   8      16 sdb 19678678 14893 4605534292 855233780 8903615 25853180 5601774328 2057095510 143 57915646 2912277317
======================
   8      16 sdb 19678684 14893 4605534340 855235818 8906105 25853195 5603340608 2057610004 32 57920649 2912786769
======================
   8      16 sdb 19678691 14893 4605534396 855237903 8908646 25853210 5604939984 2058161674 156 57925651 2913342408
======================
   8      16 sdb 19678697 14893 4605534444 855239674 8911166 25853225 5606526768 2058709542 129 57930655 2913900246
======================
   8      16 sdb 19678704 14893 4605534500 855241385 8913696 25853235 5608119360 2059263473 131 57935658 2914459623
======================
   8      16 sdb 19678710 14893 4605534548 855243402 8916234 25853254 5609715840 2059784513 149 57940661 2914980656
======================
   8      16 sdb 19678717 14893 4605534604 855245658 8918715 25853269 5611277928 2060259633 132 57945665 2915458869
======================
   8      16 sdb 19678723 14893 4605534652 855247307 8921266 25853279 5612882432 2060819011 143 57950669 2916021450
======================
   8      16 sdb 19678729 14893 4605534700 855248672 8923778 25853294 5614463760 2061406244 129 57955671 2916609519
======================
   8      16 sdb 19678736 14893 4605534756 855250342 8926302 25853314 5616052512 2061985341 131 57960675 2917189497
======================
   8      16 sdb 19678742 14893 4605534804 855251802 8928825 25853324 5617639992 2062599374 133 57965677 2917804087
======================
   8      16 sdb 19678749 14893 4605534860 855253543 8931362 25853339 5619237064 2063156653 132 57970679 2918363878
======================
   8      16 sdb 19678755 14893 4605534908 855255342 8933881 25853353 5620821976 2063719629 113 57975683 2918917710
======================
   8      16 sdb 19678761 14893 4605534956 855256948 8936440 25853368 5622432616 2064299042 53 57980685 2919491789
======================
   8      16 sdb 19678768 14893 4605535012 855259097 8938943 25853383 5624008184 2064802655 49 57985686 2919995380
======================
   8      16 sdb 19678775 14893 4605535068 855260909 8941496 25853397 5625614600 2065359407 157 57990688 2920554561
======================
   8      16 sdb 19678782 14893 4605535124 855262820 8944040 25853414 5627216168 2065883942 145 57995690 2921090796
======================
   8      16 sdb 19678788 14893 4605535172 855264585 8946562 25853428 5628803552 2066447986 84 58000693 2921663885
======================
   8      16 sdb 19678794 14893 4605535220 855266939 8948962 25853433 5630313968 2066942786 1 58005694 2922142982
======================
   8      16 sdb 19678801 14893 4605535276 855269046 8951522 25853448 5631925504 2067469039 132 58010696 2922684464
======================
   8      16 sdb 19678807 14893 4605535324 855270813 8954005 25853463 5633488528 2068010559 144 58015700 2923234885
======================
   8      16 sdb 19678813 14893 4605535372 855272630 8956421 25853478 5635009184 2068538631 39 58020700 2923754335
======================
   8      16 sdb 19678819 14893 4605535420 855274607 8958912 25853492 5636576432 2069075767 48 58025702 2924294699
======================
   8      16 sdb 19678825 14893 4605535468 855276208 8961360 25853507 5638117312 2069672560 99 58030705 2924899948
======================
   8      16 sdb 19678832 14893 4605535524 855277981 8963827 25853522 5639670096 2070231588 131 58035707 2925464863
======================
   8      16 sdb 19678838 14893 4605535572 855279540 8966274 25853537 5641210336 2070816478 145 58040708 2926050749
======================
   8      16 sdb 19678845 14893 4605535628 855281970 8968711 25853552 5642744304 2071298998 130 58045710 2926534835
======================
   8      16 sdb 19678851 14893 4605535676 855283464 8971186 25853567 5644300944 2071893880 156 58050713 2927125595
======================
   8      16 sdb 19678857 14893 4605535724 855285036 8973660 25853582 5645858208 2072478293 146 58055717 2927703266
======================
   8      16 sdb 19678864 14893 4605535780 855286950 8976094 25853597 5647390256 2073022398 140 58060720 2928262553
======================
   8      16 sdb 19678869 14893 4605535820 855288451 8978537 25853612 5648927936 2073598459 1 58065723 2928820304
======================
   8      16 sdb 19678876 14893 4605535876 855290637 8980986 25853627 5650469456 2074093604 51 58070726 2929329484
======================
   8      16 sdb 19678882 14893 4605535924 855292371 8983431 25853641 5652008032 2074673132 106 58075729 2929917257
======================
   8      16 sdb 19678888 14893 4605535972 855294190 8985921 25853656 5653575280 2075240957 115 58080732 2930487530
======================
   8      16 sdb 19678895 14893 4605536028 855296560 8988333 25853671 5655093376 2075743230 156 58085733 2930993361
======================
   8      16 sdb 19678901 14893 4605536076 855298081 8990817 25853686 5656657040 2076325097 135 58090735 2931576218
======================
   8      16 sdb 19678908 14893 4605536132 855299755 8993239 25853701 5658181536 2076879951 145 58095737 2932134028
======================
   8      16 sdb 19678914 14893 4605536180 855301583 8995702 25853716 5659730496 2077438741 155 58100739 2932678096
======================
   8      16 sdb 19678919 14893 4605536220 855302818 8998090 25853731 5661233488 2078033870 1 58105739 2933270065
======================
   8      16 sdb 19678926 14893 4605536276 855304980 9000569 25853746 5662793952 2078574370 21 58110742 2933818432
======================
   8      16 sdb 19678933 14893 4605536332 855306723 9003034 25853761 5664345712 2079153676 147 58115744 2934407837
======================
   8      16 sdb 19678939 14893 4605536380 855308461 9005485 25853776 5665888896 2079682106 103 58120746 2934942695
======================
   8      16 sdb 19678945 14893 4605536428 855310260 9007946 25853790 5667436816 2080251751 132 58125749 2935515303
======================
   8      16 sdb 19678951 14893 4605536476 855312230 9010388 25853805 5668973856 2080798890 149 58130753 2936066605
======================
   8      16 sdb 19678958 14893 4605536532 855314424 9012849 25853820 5670523056 2081321802 128 58135755 2936589432
======================
   8      16 sdb 19678964 14893 4605536580 855316416 9015281 25853835 5672053696 2081854702 145 58140758 2937122983
======================
   8      16 sdb 19678970 14893 4605536628 855318142 9017667 25853850 5673555408 2082435478 1 58145761 2937686625
======================
   8      16 sdb 19678977 14893 4605536684 855320003 9020213 25853865 5675156976 2082971334 135 58150765 2938245136
======================
   8      16 sdb 19678982 14893 4605536724 855321448 9022650 25853880 5676690816 2083573572 18 58155768 2938832576
======================
   8      16 sdb 19678989 14893 4605536780 855323572 9025054 25853895 5678204048 2084092736 113 58160769 2939368471
======================
   8      16 sdb 19678995 14893 4605536828 855325630 9027465 25853910 5679721504 2084607418 155 58165770 2939888415
======================
   8      16 sdb 19679001 14893 4605536876 855327554 9029866 25853925 5681232816 2085153246 148 58170772 2940427931
======================
   8      16 sdb 19679007 14893 4605536924 855329270 9032222 25853939 5682714944 2085689509 1 58175774 2940952016
======================
   8      16 sdb 19679014 14893 4605536980 855331147 9034720 25853954 5684287568 2086274355 151 58180777 2941558541
======================
   8      16 sdb 19679020 14893 4605537028 855332897 9037135 25853970 5685806960 2086840310 61 58185779 2942120069
======================
   8      16 sdb 19679026 14893 4605537076 855334743 9039570 25853985 5687339520 2087415616 125 58190781 2942703917
======================
   8      16 sdb 19679032 14893 4605537124 855336556 9041976 25854000 5688854032 2087981141 130 58195784 2943270967
======================
   8      16 sdb 19679039 14893 4605537180 855338375 9044409 25854015 5690384048 2088521069 136 58200786 2943812013
======================
   8      16 sdb 19679045 14893 4605537228 855340164 9046814 25854030 5691897920 2089080053 128 58205788 2944367382
======================
   8      16 sdb 19679051 14893 4605537276 855341972 9049247 25854043 5693429440 2089627721 141 58210790 2944914320
======================
   8      16 sdb 19679056 14893 4605537316 855343405 9051653 25854057 5694943056 2090195095 124 58215793 2945490986
======================
   8      16 sdb 19679062 14893 4605537364 855344726 9054078 25854072 5696469472 2090797132 147 58220796 2946096982
======================
   8      16 sdb 19679069 14893 4605537420 855346637 9056493 25854086 5697988848 2091343335 137 58225798 2946643053
======================
   8      16 sdb 19679075 14893 4605537468 855347862 9058795 25854101 5699437824 2091962839 140 58230800 2947262756
======================
   8      16 sdb 19679080 14893 4605537508 855349301 9061153 25854114 5700921856 2092533789 153 58235803 2947836324
======================
   8      16 sdb 19679087 14893 4605537564 855351396 9063477 25854124 5702385248 2093069103 136 58240804 2948358513
======================
   8      16 sdb 19679092 14893 4605537604 855353049 9065832 25854143 5703866400 2093628543 109 58245807 2948935321
======================
   8      16 sdb 19679099 14893 4605537660 855354978 9068128 25854154 5705311880 2094171362 146 58250810 2949478473
======================
   8      16 sdb 19679104 14893 4605537700 855356367 9070491 25854167 5706798104 2094769458 33 58255813 2950061451
======================
   8      16 sdb 19679110 14893 4605537748 855358169 9072822 25854181 5708265120 2095309918 128 58260814 2950609415
======================
   8      16 sdb 19679117 14893 4605537804 855360053 9075118 25854196 5709711440 2095859643 12 58265817 2951155613
======================
   8      16 sdb 19679122 14893 4605537844 855361444 9077424 25854209 5711162080 2096448067 24 58270820 2951748663
======================
   8      16 sdb 19679128 14893 4605537892 855363528 9079747 25854223 5712623040 2096976237 131 58275821 2952281024
======================
   8      16 sdb 19679134 14893 4605537940 855365397 9082008 25854237 5714047216 2097509156 100 58280824 2952826214
======================
   8      16 sdb 19679140 14893 4605537988 855367226 9084303 25854240 5715491056 2098057976 128 58285826 2953374092
======================
   8      16 sdb 19679146 14893 4605538036 855368868 9086592 25854255 5716931712 2098606905 140 58290829 2953927297
======================
   8      16 sdb 19679152 14893 4605538084 855370493 9088871 25854268 5718366208 2099179174 155 58295831 2954483088
======================
   8      16 sdb 19679157 14893 4605538124 855371881 9091209 25854283 5719837712 2099743694 142 58300833 2955069044
======================
   8      16 sdb 19679284 14893 4605539134 855373744 9092954 25854315 5720926240 2100157076 0 58304656 2955463332
started
======================
   8      16 sdb 19679813 14893 4605673318 855377495 9092954 25854315 5720926240 2100157076 1 58308407 2955467083
======================
   8      16 sdb 19680677 14893 4605894502 855382257 9092957 25854317 5720926280 2100157076 1 58313167 2955471843
======================
   8      16 sdb 19681550 14893 4606117990 855387099 9092957 25854317 5720926280 2100157076 1 58318012 2955476688
======================
   8      16 sdb 19682435 14893 4606344550 855391870 9092957 25854317 5720926280 2100157076 1 58322784 2955481460
======================
   8      16 sdb 19683301 14893 4606566246 855396636 9092957 25854317 5720926280 2100157076 1 58327544 2955486220
======================
   8      16 sdb 19684169 14893 4606788454 855401395 9092957 25854317 5720926280 2100157076 1 58332303 2955490979
======================
   8      16 sdb 19685025 14893 4607007590 855406174 9092957 25854317 5720926280 2100157076 1 58337084 2955495760
======================
   8      16 sdb 19685874 14893 4607224934 855410944 9092959 25854317 5720926296 2100157076 1 58341849 2955500525
======================
   8      16 sdb 19686737 14893 4607445862 855415725 9092959 25854317 5720926296 2100157076 1 58346635 2955505311
======================
   8      16 sdb 19687599 14893 4607666534 855420503 9092959 25854317 5720926296 2100157076 1 58351409 2955510085
======================
   8      16 sdb 19688468 14893 4607888998 855425235 9092959 25854317 5720926296 2100157076 1 58356137 2955514813
======================
   8      16 sdb 19689333 14893 4608110438 855430005 9092959 25854317 5720926296 2100157076 1 58360907 2955519583
======================
   8      16 sdb 19690205 14893 4608333670 855434782 9092959 25854317 5720926296 2100157076 1 58365686 2955524362
======================
   8      16 sdb 19691072 14893 4608555622 855439529 9092959 25854317 5720926296 2100157076 1 58370428 2955529104
======================
   8      16 sdb 19691950 14893 4608780390 855444279 9092959 25854317 5720926296 2100157076 1 58375177 2955533853
======================
   8      16 sdb 19692817 14893 4609002342 855449036 9092959 25854317 5720926296 2100157076 1 58379930 2955538606
======================
   8      16 sdb 19693686 14893 4609224806 855453799 9092959 25854317 5720926296 2100157076 1 58384699 2955543375
======================
   8      16 sdb 19694564 14893 4609449574 855458583 9092959 25854317 5720926296 2100157076 1 58389473 2955548149
======================
   8      16 sdb 19695445 14893 4609675110 855463325 9092959 25854317 5720926296 2100157076 1 58394210 2955552886
======================
   8      16 sdb 19696315 14893 4609897830 855468089 9092959 25854317 5720926296 2100157076 1 58398972 2955557648
======================
   8      16 sdb 19697179 14893 4610119014 855472872 9092959 25854317 5720926296 2100157076 1 58403757 2955562433
======================
   8      16 sdb 19698047 14893 4610341222 855477652 9092959 25854317 5720926296 2100157076 1 58408533 2955567209
======================
   8      16 sdb 19698917 14893 4610563942 855482388 9092959 25854317 5720926296 2100157076 1 58413269 2955571945
======================
   8      16 sdb 19699797 14893 4610789222 855487159 9092959 25854317 5720926296 2100157076 1 58418037 2955576713
======================
   8      16 sdb 19700664 14893 4611011174 855491901 9092959 25854317 5720926296 2100157076 1 58422777 2955581453
======================
   8      16 sdb 19701536 14893 4611234406 855496654 9092959 25854317 5720926296 2100157076 1 58427529 2955586205
======================
   8      16 sdb 19702399 14893 4611455334 855501382 9092959 25854317 5720926296 2100157076 1 58432260 2955590936
======================
   8      16 sdb 19703268 14893 4611677798 855506130 9092959 25854317 5720926296 2100157076 1 58437003 2955595679
======================
   8      16 sdb 19704145 14893 4611902310 855510892 9092959 25854317 5720926296 2100157076 1 58441763 2955600439
======================
   8      16 sdb 19705002 14893 4612121702 855515675 9092959 25854317 5720926296 2100157076 0 58446544 2955605220
======================
   8      16 sdb 19705861 14893 4612341606 855520444 9092959 25854317 5720926296 2100157076 1 58451314 2955609990
======================
   8      16 sdb 19706717 14893 4612560742 855525180 9092959 25854317 5720926296 2100157076 1 58456045 2955614721
======================
   8      16 sdb 19707585 14893 4612782678 855529935 9092959 25854317 5720926296 2100157076 1 58460793 2955619475
======================
   8      16 sdb 19708458 14893 4613006166 855534691 9092959 25854317 5720926296 2100157076 1 58465550 2955624232
======================
   8      16 sdb 19709318 14893 4613226326 855539459 9092959 25854317 5720926296 2100157076 1 58470314 2955628996
======================
   8      16 sdb 19710183 14893 4613447766 855544230 9092959 25854317 5720926296 2100157076 1 58475084 2955633766
======================
   8      16 sdb 19711049 14893 4613669462 855548976 9092959 25854317 5720926296 2100157076 1 58479830 2955638512
======================
   8      16 sdb 19711920 14893 4613892438 855553718 9092959 25854317 5720926296 2100157076 1 58484570 2955643252
======================
   8      16 sdb 19712777 14893 4614111830 855558481 9092959 25854317 5720926296 2100157076 1 58489333 2955648015
======================
   8      16 sdb 19713641 14893 4614333014 855563228 9092959 25854317 5720926296 2100157076 1 58494074 2955652756
======================
   8      16 sdb 19714506 14893 4614554454 855567991 9092959 25854317 5720926296 2100157076 1 58498839 2955657521
======================
   8      16 sdb 19715378 14893 4614777686 855572739 9092959 25854317 5720926296 2100157076 1 58503587 2955662269
======================
   8      16 sdb 19716240 14893 4614998358 855577502 9092959 25854317 5720926296 2100157076 1 58508343 2955667025
======================
   8      16 sdb 19717115 14893 4615222294 855582247 9092959 25854317 5720926296 2100157076 1 58513091 2955671773
======================
   8      16 sdb 19717981 14893 4615443990 855587029 9092959 25854317 5720926296 2100157076 1 58517870 2955676552
======================
   8      16 sdb 19718839 14893 4615663638 855591783 9092959 25854317 5720926296 2100157076 1 58522618 2955681300
======================
   8      16 sdb 19719703 14893 4615884822 855596501 9092959 25854317 5720926296 2100157076 1 58527339 2955686021
======================
   8      16 sdb 19720575 14893 4616108006 855601265 9092959 25854317 5720926296 2100157076 1 58532097 2955690779
======================
   8      16 sdb 19721442 14893 4616329958 855606026 9092959 25854317 5720926296 2100157076 1 58536854 2955695539
======================
   8      16 sdb 19722332 14893 4616557518 855610784 9092959 25854317 5720926296 2100157076 1 58541603 2955700294
======================
   8      16 sdb 19723192 14893 4616777462 855615520 9092959 25854317 5720926296 2100157076 1 58546338 2955705029
======================
   8      16 sdb 19724039 14893 4616994054 855620279 9092959 25854317 5720926296 2100157076 1 58551098 2955709789
======================
   8      16 sdb 19724905 14893 4617215750 855625020 9092959 25854317 5720926296 2100157076 0 58555836 2955714527
======================
   8      16 sdb 19725770 14893 4617437190 855629794 9092959 25854317 5720926296 2100157076 1 58560609 2955719300
======================
   8      16 sdb 19726635 14893 4617658630 855634554 9092959 25854317 5720926296 2100157076 1 58565367 2955724058
======================
   8      16 sdb 19727506 14893 4617881606 855639310 9092959 25854317 5720926296 2100157076 1 58570122 2955728813
======================
   8      16 sdb 19728371 14893 4618103046 855644058 9092959 25854317 5720926296 2100157076 1 58574868 2955733559
======================
   8      16 sdb 19729249 14893 4618327814 855648817 9092959 25854317 5720926296 2100157076 1 58579628 2955738319
======================
   8      16 sdb 19730113 14893 4618548998 855653551 9092959 25854317 5720926296 2100157076 1 58584358 2955743049
======================
   8      16 sdb 19730986 14893 4618772486 855658307 9092959 25854317 5720926296 2100157076 1 58589114 2955747805
======================
   8      16 sdb 19731843 14893 4618991878 855663022 9092959 25854317 5720926296 2100157076 1 58593827 2955752518
======================
   8      16 sdb 19732718 14893 4619215878 855667779 9092959 25854317 5720926296 2100157076 1 58598582 2955757273
======================
   8      16 sdb 19733582 14893 4619437062 855672535 9092959 25854317 5720926296 2100157076 1 58603337 2955762028
======================
   8      16 sdb 19734461 14893 4619662086 855677272 9092959 25854317 5720926296 2100157076 1 58608075 2955766766
======================
   8      16 sdb 19735326 14893 4619883526 855682028 9092959 25854317 5720926296 2100157076 1 58612827 2955771518
======================
   8      16 sdb 19736203 14893 4620108038 855686798 9092959 25854317 5720926296 2100157076 1 58617592 2955776283
======================
   8      16 sdb 19737071 14893 4620330246 855691573 9092959 25854317 5720926296 2100157076 1 58622370 2955781061
======================
   8      16 sdb 19737948 14893 4620554670 855696320 9092959 25854317 5720926296 2100157076 1 58627112 2955785803
======================
   8      16 sdb 19738809 14893 4620775086 855701098 9092959 25854317 5720926296 2100157076 1 58631889 2955790580
======================
   8      16 sdb 19739680 14893 4620998062 855705843 9092959 25854317 5720926296 2100157076 1 58636633 2955795324
======================
   8      16 sdb 19740549 14893 4621220526 855710586 9092959 25854317 5720926296 2100157076 1 58641377 2955800068
======================
   8      16 sdb 19741407 14893 4621440174 855715355 9092959 25854317 5720926296 2100157076 1 58646140 2955804831
======================
   8      16 sdb 19742264 14893 4621659566 855720107 9092959 25854317 5720926296 2100157076 1 58650894 2955809585
======================
   8      16 sdb 19743128 14893 4621880734 855724834 9092959 25854317 5720926296 2100157076 1 58655621 2955814312
======================
   8      16 sdb 19744001 14893 4622104222 855729585 9092959 25854317 5720926296 2100157076 1 58660369 2955819060
======================
   8      16 sdb 19744870 14893 4622326686 855734343 9092959 25854317 5720926296 2100157076 1 58665121 2955823812
======================
   8      16 sdb 19745731 14893 4622547102 855739083 9092959 25854317 5720926296 2100157076 1 58669859 2955828550
======================
   8      16 sdb 19746599 14893 4622769310 855743832 9092959 25854317 5720926296 2100157076 1 58674603 2955833294
======================
   8      16 sdb 19747480 14893 4622994846 855748600 9092959 25854317 5720926296 2100157076 1 58679366 2955838057
======================
   8      16 sdb 19748351 14893 4623217822 855753359 9092959 25854317 5720926296 2100157076 1 58684122 2955842813
======================
   8      16 sdb 19749216 14893 4623439262 855758121 9092959 25854317 5720926296 2100157076 1 58688883 2955847574
======================
   8      16 sdb 19750075 14893 4623659166 855762888 9092959 25854317 5720926296 2100157076 1 58693648 2955852339
======================
   8      16 sdb 19750936 14893 4623879582 855767638 9092959 25854317 5720926296 2100157076 1 58698399 2955857090
======================
   8      16 sdb 19751807 14893 4624102558 855772396 9092959 25854317 5720926296 2100157076 1 58703158 2955861849
======================
   8      16 sdb 19752673 14893 4624324254 855777155 9092959 25854317 5720926296 2100157076 1 58707912 2955866603
======================
   8      16 sdb 19753547 14893 4624547998 855781919 9092959 25854317 5720926296 2100157076 1 58712675 2955871366
======================
   8      16 sdb 19754408 14893 4624768414 855786670 9092959 25854317 5720926296 2100157076 1 58717425 2955876116
======================
   8      16 sdb 19755276 14893 4624990622 855791421 9092959 25854317 5720926296 2100157076 1 58722178 2955880869
======================
   8      16 sdb 19756147 14893 4625213598 855796183 9092959 25854317 5720926296 2100157076 1 58726936 2955885627
======================
   8      16 sdb 19757004 14893 4625432990 855800943 9092959 25854317 5720926296 2100157076 1 58731695 2955890386
======================
   8      16 sdb 19757865 14893 4625653406 855805704 9092959 25854317 5720926296 2100157076 1 58736457 2955895148
======================
   8      16 sdb 19758730 14893 4625874638 855810450 9092959 25854317 5720926296 2100157076 1 58741187 2955899890
======================
   8      16 sdb 19759595 14893 4626095982 855815208 9092959 25854317 5720926296 2100157076 1 58745945 2955904648
======================
   8      16 sdb 19760476 14893 4626321518 855820027 9092959 25854317 5720926296 2100157076 1 58750759 2955909462
======================
   8      16 sdb 19761358 14893 4626547310 855824857 9092959 25854317 5720926296 2100157076 1 58755586 2955914289
======================
   8      16 sdb 19762224 14893 4626769006 855829659 9092959 25854317 5720926296 2100157076 1 58760386 2955919089
======================
   8      16 sdb 19763098 14893 4626992654 855834392 9092959 25854317 5720926296 2100157076 1 58765122 2955923825
======================
   8      16 sdb 19763965 14893 4627214478 855839146 9092959 25854317 5720926296 2100157076 1 58769877 2955928580
======================
   8      16 sdb 19764822 14893 4627433870 855843900 9092959 25854317 5720926296 2100157076 1 58774628 2955933331
======================
   8      16 sdb 19765687 14893 4627655310 855848670 9092959 25854317 5720926296 2100157076 1 58779393 2955938096
======================
   8      16 sdb 19766546 14893 4627875214 855853470 9092959 25854317 5720926296 2100157076 1 58784191 2955942894
======================
   8      16 sdb 19767423 14893 4628099726 855858222 9092959 25854317 5720926296 2100157076 1 58788938 2955947641
======================
   8      16 sdb 19768291 14893 4628321934 855862981 9092959 25854317 5720926296 2100157076 1 58793696 2955952399
======================
   8      16 sdb 19769168 14893 4628546350 855867715 9092959 25854317 5720926296 2100157076 1 58798436 2955957139
======================
   8      16 sdb 19770045 14893 4628770766 855872479 9092959 25854317 5720926296 2100157076 1 58803192 2955961895
======================
   8      16 sdb 19770898 14893 4628989038 855877255 9092959 25854317 5720926296 2100157076 1 58807967 2955966670
======================
   8      16 sdb 19771767 14893 4629211758 855881976 9092959 25854317 5720926296 2100157076 1 58812680 2955971388
======================
   8      16 sdb 19772634 14893 4629433710 855886727 9092959 25854317 5720926296 2100157076 1 58817427 2955976135
======================
   8      16 sdb 19773509 14893 4629657590 855891486 9092959 25854317 5720926296 2100157076 1 58822188 2955980896
======================
   8      16 sdb 19774376 14893 4629879542 855896258 9092959 25854317 5720926296 2100157076 1 58826962 2955985670
======================
   8      16 sdb 19775232 14893 4630098590 855901002 9092959 25854317 5720926296 2100157076 1 58831705 2955990413
======================
   8      16 sdb 19776110 14893 4630323262 855905758 9092959 25854317 5720926296 2100157076 1 58836456 2955995164
======================
   8      16 sdb 19776989 14893 4630548286 855910494 9092959 25854317 5720926296 2100157076 1 58841190 2955999898
======================
   8      16 sdb 19777849 14893 4630768446 855915241 9092959 25854317 5720926296 2100157076 1 58845940 2956004648
======================
   8      16 sdb 19778712 14893 4630989326 855920006 9092959 25854317 5720926296 2100157076 1 58850705 2956009413
======================
   8      16 sdb 19779585 14893 4631212814 855924739 9092959 25854317 5720926296 2100157076 1 58855435 2956014143
======================
   8      16 sdb 19780451 14893 4631434510 855929488 9092959 25854317 5720926296 2100157076 1 58860183 2956018891
======================
   8      16 sdb 19781315 14893 4631655694 855934249 9092959 25854317 5720926296 2100157076 1 58864944 2956023652
======================
   8      16 sdb 19782192 14893 4631880174 855938992 9092959 25854317 5720926296 2100157076 1 58869682 2956028390
======================
   8      16 sdb 19783059 14893 4632102126 855943741 9092959 25854317 5720926296 2100157076 1 58874434 2956033142
======================
   8      16 sdb 19783922 14893 4632323054 855948503 9092959 25854317 5720926296 2100157076 1 58879190 2956037898
======================
   8      16 sdb 19784783 14893 4632543174 855953269 9092959 25854317 5720926296 2100157076 1 58883954 2956042662
======================
   8      16 sdb 19785647 14893 4632764358 855958046 9092959 25854317 5720926296 2100157076 1 58888731 2956047439
======================
   8      16 sdb 19786508 14893 4632984774 855962799 9092959 25854317 5720926296 2100157076 1 58893482 2956052190
======================
   8      16 sdb 19787372 14893 4633205878 855967546 9092959 25854317 5720926296 2100157076 1 58898228 2956056936
======================
   8      16 sdb 19788231 14893 4633425782 855972307 9092959 25854317 5720926296 2100157076 1 58902987 2956061695
======================
   8      16 sdb 19789100 14893 4633648246 855977052 9092959 25854317 5720926296 2100157076 1 58907728 2956066436
======================
   8      16 sdb 19789994 14893 4633877014 855981786 9092959 25854317 5720926296 2100157076 1 58912460 2956071168
======================
   8      16 sdb 19790870 14893 4634101270 855986524 9092959 25854317 5720926296 2100157076 1 58917199 2956075907
======================
   8      16 sdb 19791740 14893 4634323958 855991288 9092959 25854317 5720926296 2100157076 1 58921964 2956080672
======================
   8      16 sdb 19792615 14893 4634547958 855996042 9092959 25854317 5720926296 2100157076 1 58926714 2956085422
======================
   8      16 sdb 19793490 14893 4634771958 856000779 9092959 25854317 5720926296 2100157076 1 58931450 2956090158
======================
   8      16 sdb 19794354 14893 4634993142 856005531 9092959 25854317 5720926296 2100157076 1 58936200 2956094908
======================
   8      16 sdb 19795222 14893 4635215254 856010313 9092959 25854317 5720926296 2100157076 1 58940983 2956099691
======================
   8      16 sdb 19796086 14893 4635436438 856015083 9092959 25854317 5720926296 2100157076 1 58945747 2956104455
======================
   8      16 sdb 19796951 14893 4635657830 856019822 9092959 25854317 5720926296 2100157076 1 58950487 2956109195
======================
   8      16 sdb 19797819 14893 4635880038 856024566 9092959 25854317 5720926296 2100157076 1 58955228 2956113936
======================
   8      16 sdb 19798674 14893 4636098918 856029290 9092959 25854317 5720926296 2100157076 1 58959952 2956118660
======================
   8      16 sdb 19799541 14893 4636320870 856034028 9092959 25854317 5720926296 2100157076 1 58964687 2956123395
======================
   8      16 sdb 19800407 14893 4636542342 856038775 9092959 25854317 5720926296 2100157076 1 58969429 2956128140
======================
   8      16 sdb 19801257 14893 4636759942 856043493 9092959 25854317 5720926296 2100157076 1 58974149 2956132860
======================
   8      16 sdb 19802118 14893 4636980358 856048243 9092959 25854317 5720926296 2100157076 1 58978898 2956137609
======================
   8      16 sdb 19802981 14893 4637201286 856053001 9092959 25854317 5720926296 2100157076 1 58983652 2956142363
======================
   8      16 sdb 19803847 14893 4637422982 856057755 9092959 25854317 5720926296 2100157076 1 58988400 2956147111
======================
   8      16 sdb 19804721 14893 4637646726 856062490 9092959 25854317 5720926296 2100157076 0 58993132 2956151843
======================
   8      16 sdb 19805593 14893 4637869862 856067269 9092959 25854317 5720926296 2100157076 1 58997914 2956156625
======================
   8      16 sdb 19806456 14893 4638090590 856072030 9092959 25854317 5720926296 2100157076 1 59002670 2956161381
======================
   8      16 sdb 19807328 14893 4638313822 856076773 9092959 25854317 5720926296 2100157076 1 59007415 2956166126
======================
   8      16 sdb 19808191 14893 4638534550 856081512 9092959 25854317 5720926296 2100157076 1 59012155 2956170866
======================
   8      16 sdb 19809056 14893 4638755990 856086235 9092959 25854317 5720926296 2100157076 1 59016876 2956175587
======================
   8      16 sdb 19809919 14893 4638976918 856091000 9092959 25854317 5720926296 2100157076 1 59021642 2956180353
======================
   8      16 sdb 19810780 14893 4639197334 856095762 9092959 25854317 5720926296 2100157076 1 59026403 2956185114
======================
   8      16 sdb 19811645 14893 4639418558 856100500 9092959 25854317 5720926296 2100157076 1 59031140 2956189851
======================
   8      16 sdb 19812521 14893 4639642814 856105244 9092959 25854317 5720926296 2100157076 1 59035883 2956194594
======================
   8      16 sdb 19813383 14893 4639863486 856109974 9092959 25854317 5720926296 2100157076 1 59040617 2956199328
======================
   8      16 sdb 19814253 14893 4640086110 856114673 9092959 25854317 5720926296 2100157076 1 59045311 2956204022
======================
   8      16 sdb 19815111 14893 4640305598 856119410 9092959 25854317 5720926296 2100157076 1 59050051 2956208762
======================
   8      16 sdb 19815977 14893 4640527238 856124149 9092959 25854317 5720926296 2100157076 1 59054787 2956213498
======================
   8      16 sdb 19816840 14893 4640748166 856128925 9092959 25854317 5720926296 2100157076 1 59059560 2956218271
======================
   8      16 sdb 19817689 14893 4640965254 856133690 9092959 25854317 5720926296 2100157076 1 59064323 2956223034
======================
   8      16 sdb 19818558 14893 4641187542 856138446 9092959 25854317 5720926296 2100157076 1 59069080 2956227791
======================
   8      16 sdb 19819424 14893 4641409238 856143204 9092959 25854317 5720926296 2100157076 1 59073841 2956232552
======================
   8      16 sdb 19820292 14893 4641631382 856147946 9092959 25854317 5720926296 2100157076 1 59078577 2956237288
======================
   8      16 sdb 19821145 14893 4641849742 856152679 9092959 25854317 5720926296 2100157076 1 59083312 2956242023
======================
   8      16 sdb 19822003 14893 4642069390 856157395 9092959 25854317 5720926296 2100157076 1 59088026 2956246737
======================
   8      16 sdb 19822864 14893 4642289710 856162116 9092959 25854317 5720926296 2100157076 1 59092744 2956251455
======================
   8      16 sdb 19823739 14893 4642513710 856166886 9092959 25854317 5720926296 2100157076 1 59097513 2956256224
======================
   8      16 sdb 19824592 14893 4642732078 856171656 9092959 25854317 5720926296 2100157076 1 59102280 2956260991
======================
   8      16 sdb 19825472 14893 4642957294 856176408 9092959 25854317 5720926296 2100157076 1 59107033 2956265744
======================
   8      16 sdb 19826328 14893 4643176430 856181165 9092959 25854317 5720926296 2100157076 1 59111785 2956270496
======================
   8      16 sdb 19827183 14893 4643395150 856185918 9092959 25854317 5720926296 2100157076 1 59116538 2956275249
======================
   8      16 sdb 19828050 14893 4643617102 856190671 9092959 25854317 5720926296 2100157076 1 59121288 2956279999
======================
   8      16 sdb 19828903 14893 4643835390 856195422 9092959 25854317 5720926296 2100157076 1 59126041 2956284752
======================
   8      16 sdb 19829777 14893 4644058830 856200176 9092959 25854317 5720926296 2100157076 1 59130791 2956289502
======================
   8      16 sdb 19830635 14893 4644278478 856204926 9092959 25854317 5720926296 2100157076 1 59135541 2956294252
======================
   8      16 sdb 19831490 14893 4644497358 856209666 9092959 25854317 5720926296 2100157076 1 59140279 2956298990
======================
   8      16 sdb 19832363 14893 4644720846 856214421 9092959 25854317 5720926296 2100157076 1 59145035 2956303746
======================
   8      16 sdb 19833235 14893 4644943646 856219166 9092959 25854317 5720926296 2100157076 1 59149776 2956308487
======================
   8      16 sdb 19834095 14893 4645163606 856223945 9092959 25854317 5720926296 2100157076 1 59154549 2956313260
======================
   8      16 sdb 19834969 14893 4645387350 856228712 9092959 25854317 5720926296 2100157076 1 59159317 2956318028
======================
   8      16 sdb 19835827 14893 4645606814 856233498 9092959 25854317 5720926296 2100157076 1 59164103 2956322814
======================
   8      16 sdb 19836694 14893 4645828766 856238225 9092959 25854317 5720926296 2100157076 1 59168823 2956327534
======================
   8      16 sdb 19837564 14893 4646047166 856243073 9092959 25854317 5720926296 2100157076 1 59173591 2956332384
======================
   8      16 sdb 19838438 14893 4646270574 856247843 9092959 25854317 5720926296 2100157076 1 59178359 2956337152
======================
   8      16 sdb 19839304 14893 4646492094 856252582 9092959 25854317 5720926296 2100157076 1 59183099 2956341892
======================
   8      16 sdb 19840170 14893 4646713758 856257363 9092959 25854317 5720926296 2100157076 1 59187876 2956346669
======================
   8      16 sdb 19841038 14893 4646935966 856262125 9092959 25854317 5720926296 2100157076 0 59192632 2956351425
======================
   8      16 sdb 19841910 14893 4647159038 856266906 9092959 25854317 5720926296 2100157076 1 59197415 2956356208
======================
   8      16 sdb 19842781 14893 4647381886 856271656 9092959 25854317 5720926296 2100157076 1 59202161 2956360954
======================
   8      16 sdb 19843638 14893 4647600942 856276431 9092959 25854317 5720926296 2100157076 1 59206934 2956365727
======================
   8      16 sdb 19844502 14893 4647822038 856281198 9092959 25854317 5720926296 2100157076 1 59211699 2956370492
======================
   8      16 sdb 19845373 14893 4648044806 856285953 9092959 25854317 5720926296 2100157076 1 59216454 2956375247
======================
   8      16 sdb 19846243 14893 4648267414 856290691 9092959 25854317 5720926296 2100157076 1 59221192 2956379985
======================
   8      16 sdb 19847101 14893 4648487030 856295447 9092959 25854317 5720926296 2100157076 1 59225947 2956384740
======================
   8      16 sdb 19847971 14893 4648709750 856300208 9092959 25854317 5720926296 2100157076 1 59230703 2956389496
======================
   8      16 sdb 19848834 14893 4648930374 856304966 9092959 25854317 5720926296 2100157076 1 59235462 2956394255
======================
   8      16 sdb 19849705 14893 4649153238 856309741 9092959 25854317 5720926296 2100157076 1 59240240 2956399033
======================
   8      16 sdb 19850568 14893 4649373974 856314465 9092959 25854317 5720926296 2100157076 1 59244958 2956403751
======================
   8      16 sdb 19851443 14893 4649597974 856319215 9092959 25854317 5720926296 2100157076 1 59249708 2956408501
======================
   8      16 sdb 19852307 14893 4649819158 856323974 9092959 25854317 5720926296 2100157076 1 59254464 2956413257
======================
   8      16 sdb 19853165 14893 4650038702 856328711 9092959 25854317 5720926296 2100157076 1 59259200 2956417993
======================
   8      16 sdb 19854025 14893 4650258790 856333478 9092959 25854317 5720926296 2100157076 1 59263966 2956422759
======================
   8      16 sdb 19854889 14893 4650479910 856338222 9092959 25854317 5720926296 2100157076 1 59268709 2956427502
======================
   8      16 sdb 19855758 14893 4650702150 856342993 9092959 25854317 5720926296 2100157076 1 59273478 2956432271
======================
   8      16 sdb 19856622 14893 4650923334 856347739 9092959 25854317 5720926296 2100157076 1 59278227 2956437020
======================
   8      16 sdb 19857498 14893 4651147414 856352488 9092959 25854317 5720926296 2100157076 1 59282974 2956441767
======================
   8      16 sdb 19858359 14893 4651367454 856357243 9092959 25854317 5720926296 2100157076 1 59287730 2956446523
======================
   8      16 sdb 19859227 14893 4651589534 856361991 9092959 25854317 5720926296 2100157076 1 59292474 2956451267
======================
   8      16 sdb 19860091 14893 4651810558 856366740 9092959 25854317 5720926296 2100157076 1 59297225 2956456018
======================
   8      16 sdb 19860950 14893 4652030350 856371492 9092959 25854317 5720926296 2100157076 1 59301973 2956460766
======================
   8      16 sdb 19861813 14893 4652251150 856376255 9092959 25854317 5720926296 2100157076 1 59306735 2956465528
======================
   8      16 sdb 19862670 14893 4652470086 856380993 9092959 25854317 5720926296 2100157076 1 59311465 2956470264
======================
   8      16 sdb 19863550 14893 4652695302 856385757 9092959 25854317 5720926296 2100157076 1 59316227 2956475026
======================
   8      16 sdb 19864415 14893 4652916646 856390522 9092959 25854317 5720926296 2100157076 1 59320991 2956479790
======================
   8      16 sdb 19865282 14893 4653138326 856395276 9092959 25854317 5720926296 2100157076 1 59325744 2956484543
======================
   8      16 sdb 19866148 14893 4653359830 856400017 9092959 25854317 5720926296 2100157076 1 59330484 2956489283
