======================
   8      48 sdd 26308 0 210170 3682835 61220446 29246974 6261791080 3083233651 0 24279676 3086860920
======================
   8      48 sdd 26403 0 210930 3683861 61222536 29246974 6263108200 3083806408 153 24284239 3087460479
======================
   8      48 sdd 26408 0 210970 3685104 61224638 29247007 6264423784 3084447313 129 24289242 3088101094
======================
   8      48 sdd 26414 0 211018 3686561 61226726 29247020 6265737832 3085053158 148 24294245 3088708218
======================
   8      48 sdd 26419 0 211058 3687748 61228811 29247032 6267049320 3085668990 142 24299248 3089326676
======================
   8      48 sdd 26424 0 211098 3688781 61230876 29247045 6268348648 3086310480 152 24304252 3089968360
======================
   8      48 sdd 26430 0 211146 3690042 61232953 29247058 6269655912 3086919978 152 24309254 3090578871
======================
   8      48 sdd 26435 0 211186 3691094 61235046 29247070 6270972264 3087547912 130 24314258 3091207766
======================
   8      48 sdd 26440 0 211226 3692073 61237138 29247083 6272288872 3088187641 142 24319261 3091849008
======================
   8      48 sdd 26446 0 211274 3693510 61239213 29247096 6273594600 3088768829 142 24324263 3092431524
======================
   8      48 sdd 26451 0 211314 3694508 61241304 29247108 6274909928 3089402914 149 24329267 3093066463
======================
   8      48 sdd 26456 0 211354 3695787 61243392 29247121 6276223976 3090010833 134 24334270 3093675564
======================
   8      48 sdd 26462 0 211402 3696990 61245478 29247134 6277536744 3090617526 135 24339272 3094283578
======================
   8      48 sdd 26467 0 211442 3697892 61247572 29247147 6278853112 3091253144 144 24344276 3094920237
======================
   8      48 sdd 26472 0 211482 3699070 61249652 29247161 6280162048 3091899338 146 24349279 3095567344
======================
   8      48 sdd 26478 0 211530 3700363 61251735 29247173 6281472888 3092534693 128 24354283 3096203654
======================
   8      48 sdd 26483 0 211570 3701609 61253827 29247185 6282788856 3093168741 138 24359286 3096839180
======================
   8      48 sdd 26488 0 211610 3702782 61255911 29247198 6284100344 3093785912 140 24364289 3097457644
======================
   8      48 sdd 26494 0 211658 3704171 61257994 29247211 6285411192 3094385280 144 24369292 3098057936
======================
   8      48 sdd 26499 0 211698 3705416 61260084 29247223 6286725880 3095002698 137 24374295 3098676477
======================
   8      48 sdd 26504 0 211738 3706673 61262143 29247236 6288021624 3095621051 151 24379298 3099297368
======================
   8      48 sdd 26510 0 211786 3708001 61264224 29247249 6289331192 3096229222 145 24384301 3099906441
======================
   8      48 sdd 26515 0 211826 3709093 61266323 29247261 6290651384 3096853412 129 24389304 3100530816
======================
   8      48 sdd 26520 0 211866 3710486 61268416 29247274 6291968632 3097451665 139 24394307 3101130978
======================
   8      48 sdd 26526 0 211914 3711940 61270504 29247287 6293282680 3098040516 108 24399309 3101719647
======================
   8      48 sdd 26532 0 211962 3713382 61272596 29247300 6294597768 3098633435 146 24404312 3102314707
======================
   8      48 sdd 26537 0 212002 3714508 61274681 29247313 6295909896 3099251650 139 24409315 3102934654
======================
   8      48 sdd 26543 0 212050 3715701 61276769 29247326 6297223944 3099864513 148 24414318 3103547352
======================
   8      48 sdd 26547 0 212082 3716732 61278860 29247338 6298539272 3100480980 87 24419321 3104162774
======================
   8      48 sdd 26552 0 212122 3717628 61280947 29247351 6299852680 3101116689 83 24424324 3104798714
======================
   8      48 sdd 26559 0 212178 3718970 61283034 29247365 6301165840 3101750981 133 24429327 3105436650
======================
   8      48 sdd 26563 0 212210 3719812 61285125 29247377 6302481168 3102392225 72 24434330 3106074480
======================
   8      48 sdd 26568 0 212250 3720980 61287212 29247390 6303794576 3103009131 68 24439333 3106692141
======================
   8      48 sdd 26575 0 212306 3722358 61289298 29247403 6305107344 3103622162 151 24444336 3107311464
======================
   8      48 sdd 26579 0 212338 3723424 61291388 29247415 6306422032 3104242660 59 24449338 3107926272
======================
   8      48 sdd 26584 0 212378 3724668 61293476 29247428 6307736080 3104874995 54 24454342 3108558581
======================
   8      48 sdd 26591 0 212434 3726033 61295562 29247441 6309048592 3105479426 138 24459343 3109172165
======================
   8      48 sdd 26595 0 212466 3726875 61297655 29247454 6310364576 3106117421 43 24464345 3109800963
======================
   8      48 sdd 26601 0 212514 3728286 61299742 29247467 6311677984 3106723102 149 24469348 3110419170
======================
   8      48 sdd 26607 0 212562 3729734 61301828 29247480 6312991392 3107310722 155 24474350 3111007550
======================
   8      48 sdd 26611 0 212594 3730568 61303921 29247492 6314307104 3107952652 27 24479353 3111635629
======================
   8      48 sdd 26616 0 212634 3731764 61306007 29247505 6315619872 3108566082 24 24484356 3112249170
======================
   8      48 sdd 26623 0 212690 3733121 61308091 29247518 6316931360 3109176414 143 24489359 3112871876
======================
   8      48 sdd 26628 0 212730 3734010 61310183 29247530 6318247328 3109808951 151 24494362 3113511182
======================
   8      48 sdd 26633 0 212770 3735155 61312270 29247543 6319560736 3110424580 152 24499365 3114127483
======================
   8      48 sdd 26639 0 212818 3736346 61314357 29247556 6320874144 3111031392 157 24504368 3114734568
======================
   8      48 sdd 26644 0 212858 3737280 61316444 29247568 6322186912 3111656263 146 24509371 3115362869
======================
   8      48 sdd 26649 0 212898 3738395 61318532 29247581 6323500704 3112271440 146 24514374 3115978438
======================
   8      48 sdd 26655 0 212946 3739740 61320620 29247595 6324814760 3112879454 150 24519376 3116585917
======================
   8      48 sdd 26660 0 212986 3740901 61322707 29247607 6326126896 3113513244 144 24524378 3117223562
======================
   8      48 sdd 26665 0 213026 3742145 61324796 29247620 6327441584 3114151635 134 24529382 3117853622
======================
   8      48 sdd 26671 0 213074 3743346 61326881 29247633 6328753712 3114751041 139 24534385 3118463803
======================
   8      48 sdd 26676 0 213114 3744516 61328971 29247645 6330068400 3115381056 135 24539389 3119087113
======================
   8      48 sdd 26681 0 213154 3745752 61331062 29247658 6331384112 3115995758 146 24544391 3119704805
======================
   8      48 sdd 26687 0 213202 3746987 61333145 29247671 6332694960 3116599993 158 24549394 3120315661
======================
   8      48 sdd 26692 0 213242 3748389 61335235 29247683 6334009648 3117205772 130 24554397 3120914588
======================
   8      48 sdd 26697 0 213282 3749796 61337302 29247696 6335310512 3117807882 145 24559401 3121516142
======================
   8      48 sdd 26703 0 213330 3751040 61339384 29247709 6336620720 3118410332 137 24564404 3122130116
======================
   8      48 sdd 26708 0 213370 3752089 61341484 29247721 6337941552 3119041050 139 24569407 3122757449
======================
   8      48 sdd 26713 0 213410 3753276 61343573 29247734 6339256240 3119661322 153 24574411 3123377746
======================
   8      48 sdd 26719 0 213458 3754656 61345660 29247747 6340569648 3120248794 144 24579414 3123972581
======================
   8      48 sdd 26724 0 213498 3755785 61347754 29247760 6341886016 3120870589 131 24584416 3124591378
======================
   8      48 sdd 26729 0 213538 3756995 61349838 29247773 6343197504 3121486606 152 24589419 3125209691
======================
   8      48 sdd 26735 0 213586 3757931 61351924 29247786 6344510272 3122109687 128 24594423 3125835901
======================
   8      48 sdd 26740 0 213626 3759101 61354015 29247798 6345825600 3122728528 133 24599426 3126453225
======================
   8      48 sdd 26745 0 213666 3760197 61356100 29247813 6347137744 3123364075 140 24604430 3127093371
======================
   8      48 sdd 26751 0 213714 3761691 61358187 29247826 6348451152 3123977301 137 24609432 3127707702
======================
   8      48 sdd 26756 0 213754 3762934 61360278 29247839 6349766864 3124592481 156 24614434 3128323216
======================
   8      48 sdd 26761 0 213794 3764333 61362364 29247853 6351079008 3125197110 149 24619436 3128930036
======================
   8      48 sdd 26767 0 213842 3765517 61364453 29247866 6352393696 3125810346 154 24624438 3129544182
======================
   8      48 sdd 26772 0 213882 3766588 61366542 29247879 6353708384 3126435169 148 24629441 3130170017
======================
   8      48 sdd 26777 0 213922 3767713 61368626 29247892 6355019872 3127058484 131 24634444 3130794649
======================
   8      48 sdd 26783 0 213970 3768892 61370715 29247906 6356333936 3127665477 150 24639447 3131402290
======================
   8      48 sdd 26788 0 214010 3770004 61372804 29247919 6357648968 3128284926 132 24644452 3132023286
======================
   8      48 sdd 26793 0 214050 3771158 61374891 29247932 6358961776 3128890865 148 24649455 3132630371
======================
   8      48 sdd 26799 0 214098 3772364 61376978 29247941 6360275784 3129491403 128 24654457 3133231632
======================
   8      48 sdd 26804 0 214138 3773612 61379063 29247959 6361587320 3130131067 156 24659460 3133872687
======================
   8      48 sdd 26809 0 214178 3775081 61381148 29247968 6362900048 3130746270 151 24664463 3134489820
======================
   8      48 sdd 26815 0 214226 3776519 61383233 29247984 6364210936 3131354825 149 24669466 3135099459
======================
   8      48 sdd 26820 0 214266 3777688 61385320 29247993 6365524944 3131987788 148 24674468 3135722070
======================
   8      48 sdd 26825 0 214306 3778854 61387405 29248006 6366837072 3132610702 140 24679471 3136340095
======================
   8      48 sdd 26831 0 214354 3780145 61389487 29248019 6368148472 3133227659 4 24684474 3136952853
======================
   8      48 sdd 26836 0 214394 3781478 61391577 29248031 6369461712 3133827467 70 24689477 3137552741
======================
   8      48 sdd 26841 0 214434 3782788 61393659 29248044 6370773112 3134431152 25 24694480 3138165439
======================
   8      48 sdd 26847 0 214482 3784040 61395746 29248058 6372086520 3135040750 47 24699483 3138781583
======================
   8      48 sdd 26852 0 214522 3785245 61397840 29248070 6373403144 3135654265 64 24704487 3139400064
======================
   8      48 sdd 26857 0 214562 3786361 61399924 29248083 6374714632 3136270559 63 24709490 3140017375
======================
   8      48 sdd 26863 0 214610 3787563 61402010 29248096 6376027400 3136881403 112 24714494 3140636164
======================
   8      48 sdd 26868 0 214650 3788700 61404102 29248108 6377343112 3137499566 130 24719497 3141256174
======================
   8      48 sdd 26873 0 214690 3789844 61406188 29248112 6378655880 3138112832 130 24724500 3141870486
======================
   8      48 sdd 26879 0 214738 3791066 61408273 29248125 6379968008 3138710588 136 24729502 3142469784
======================
   8      48 sdd 26884 0 214778 3792201 61410365 29248137 6381283976 3139324271 144 24734506 3143084834
======================
   8      48 sdd 26889 0 214818 3793601 61412452 29248151 6382597392 3139943054 139 24739510 3143704762
======================
   8      48 sdd 26895 0 214866 3794606 61414541 29248164 6383912080 3140576563 150 24744513 3144339305
======================
   8      48 sdd 26900 0 214906 3796015 61416632 29248176 6385227152 3141188899 152 24749516 3144952460
======================
   8      48 sdd 26905 0 214946 3797189 61418718 29248189 6386539920 3141805118 149 24754519 3145569843
======================
   8      48 sdd 26910 0 214986 3798183 61420464 29248219 6387632864 3142317355 0 24758680 3146058987
started
======================
   8      48 sdd 27043 0 216044 3798318 61434100 29248219 6387742864 3142430570 131 24759485 3146172959
======================
   8      48 sdd 27043 0 216044 3798318 61512450 29248221 6388377384 3143158327 152 24764570 3146900828
======================
   8      48 sdd 27043 0 216044 3798318 61590559 29248222 6389014600 3143874663 157 24769573 3147617041
======================
   8      48 sdd 27043 0 216044 3798318 61668981 29248223 6389656832 3144591390 137 24774576 3148333727
======================
   8      48 sdd 27043 0 216044 3798318 61747363 29248224 6390297792 3145308097 157 24779578 3149050209
======================
   8      48 sdd 27043 0 216044 3798318 61825664 29248225 6390939224 3146023740 130 24784581 3149766066
======================
   8      48 sdd 27043 0 216044 3798318 61903877 29248226 6391578520 3146741866 159 24789593 3150484169
======================
   8      48 sdd 27043 0 216044 3798318 61981980 29248227 6392217224 3147458636 138 24794603 3151200751
======================
   8      48 sdd 27043 0 216044 3798318 62060466 29248228 6392858512 3148174053 150 24799607 3151916074
======================
   8      48 sdd 27043 0 216044 3798318 62138930 29248229 6393500032 3148889595 152 24804610 3152631701
======================
   8      48 sdd 27043 0 216044 3798318 62217295 29248230 6394140056 3149604651 157 24809613 3153346644
======================
   8      48 sdd 27043 0 216044 3798318 62295739 29248231 6394781216 3150322165 147 24814625 3154064095
======================
   8      48 sdd 27043 0 216044 3798318 62374046 29248232 6395421104 3151038310 146 24819628 3154780519
======================
   8      48 sdd 27043 0 216044 3798318 62452472 29248233 6396061432 3151753670 154 24824635 3155495661
======================
   8      48 sdd 27043 0 216044 3798318 62530780 29248234 6396701088 3152468590 152 24829637 3156210403
======================
   8      48 sdd 27043 0 216044 3798318 62609116 29248235 6397340000 3153183876 154 24834641 3156925879
======================
   8      48 sdd 27043 0 216044 3798318 62687332 29248236 6397978776 3153900180 148 24839644 3157642040
======================
   8      48 sdd 27043 0 216044 3798318 62765423 29248237 6398616464 3154618239 139 24844657 3158360141
======================
   8      48 sdd 27043 0 216044 3798318 62843398 29248238 6399252952 3155333697 150 24849661 3159075556
======================
   8      48 sdd 27043 0 216044 3798318 62921387 29248239 6399889880 3156048965 147 24854667 3159790629
======================
   8      48 sdd 27043 0 216044 3798318 62999637 29248240 6400528976 3156765402 139 24859670 3160506971
======================
   8      48 sdd 27043 0 216044 3798318 63077795 29248241 6401167280 3157479895 159 24864673 3161221617
======================
   8      48 sdd 27043 0 216044 3798318 63155724 29248242 6401803704 3158196503 152 24869676 3161938112
======================
   8      48 sdd 27043 0 216044 3798318 63233743 29248243 6402441080 3158912994 151 24874683 3162654428
======================
   8      48 sdd 27043 0 216044 3798318 63311878 29248244 6403079200 3159629136 130 24879686 3163370448
======================
   8      48 sdd 27043 0 216044 3798318 63390235 29248245 6403719088 3160345379 143 24884693 3164086800
======================
   8      48 sdd 27043 0 216044 3798318 63468538 29248245 6404358232 3161061568 144 24889695 3164802795
======================
   8      48 sdd 27043 0 216044 3798318 63546896 29248246 6404997912 3161777104 156 24894698 3165518470
======================
   8      48 sdd 27043 0 216044 3798318 63625163 29248247 6405636656 3162492465 131 24899701 3166233663
======================
   8      48 sdd 27043 0 216044 3798318 63703491 29248248 6406276112 3163207417 141 24904709 3166948986
======================
   8      48 sdd 27043 0 216044 3798318 63781722 29248249 6406914824 3163923331 152 24909712 3167664852
======================
   8      48 sdd 27043 0 216044 3798318 63860000 29248250 6407554560 3164640314 148 24914718 3168381509
======================
   8      48 sdd 27043 0 216044 3798318 63938334 29248251 6408194592 3165355442 152 24919722 3169096676
======================
   8      48 sdd 27043 0 216044 3798318 64016371 29248252 6408832408 3166070377 133 24924725 3169811520
======================
   8      48 sdd 27043 0 216044 3798318 64094026 29248253 6409466648 3166787732 144 24929732 3170528830
======================
   8      48 sdd 27043 0 216044 3798318 64171929 29248254 6410103352 3167503833 131 24934735 3171244860
======================
   8      48 sdd 27043 0 216044 3798318 64250266 29248255 6410742624 3168220064 132 24939742 3171961228
======================
   8      48 sdd 27043 0 216044 3798318 64328487 29248256 6411381520 3168935598 153 24944745 3172676698
======================
   8      48 sdd 27043 0 216044 3798318 64406467 29248257 6412018896 3169651991 143 24949748 3173392942
======================
   8      48 sdd 27043 0 216044 3798318 64484430 29248258 6412655728 3170367733 150 24954750 3174108556
======================
   8      48 sdd 27043 0 216044 3798318 64562483 29248259 6413293488 3171083750 147 24959753 3174824647
======================
   8      48 sdd 27043 0 216044 3798318 64640839 29248260 6413933144 3171799542 129 24964757 3175540550
======================
   8      48 sdd 27043 0 216044 3798318 64719039 29248261 6414571800 3172514354 139 24969760 3176255085
======================
   8      48 sdd 27043 0 216044 3798318 64797169 29248262 6415209432 3173229749 155 24974763 3176970515
======================
   8      48 sdd 27043 0 216044 3798318 64875485 29248263 6415848808 3173944462 145 24979767 3177685244
======================
   8      48 sdd 27043 0 216044 3798318 64953758 29248264 6416488616 3174660164 146 24984770 3178400683
======================
   8      48 sdd 27043 0 216044 3798318 65031972 29248265 6417127680 3175375197 142 24989773 3179115629
======================
   8      48 sdd 27043 0 216044 3798318 65110205 29248266 6417766320 3176091036 151 24994776 3179831399
======================
   8      48 sdd 27043 0 216044 3798318 65188416 29248267 6418405240 3176806955 150 24999780 3180547356
======================
   8      48 sdd 27043 0 216044 3798318 65266584 29248268 6419043352 3177522459 128 25004782 3181262548
======================
   8      48 sdd 27043 0 216044 3798318 65344439 29248269 6419678576 3178238727 131 25009785 3181978896
======================
   8      48 sdd 27043 0 216044 3798318 65422365 29248270 6420315312 3178954452 127 25014788 3182694565
======================
   8      48 sdd 27043 0 216044 3798318 65500332 29248271 6420952176 3179670884 146 25019791 3183411044
======================
   8      48 sdd 27043 0 216044 3798318 65578551 29248272 6421591184 3180387725 137 25024794 3184128205
======================
   8      48 sdd 27043 0 216044 3798318 65656636 29248273 6422229024 3181104958 134 25029797 3184845224
======================
   8      48 sdd 27043 0 216044 3798318 65734542 29248274 6422865624 3181820599 150 25034800 3185560907
======================
   8      48 sdd 27043 0 216044 3798318 65812595 29248275 6423503224 3182535844 149 25039804 3186276068
======================
   8      48 sdd 27043 0 216044 3798318 65890910 29248276 6424142296 3183250670 145 25044807 3186990780
======================
   8      48 sdd 27043 0 216044 3798318 65969262 29248277 6424782056 3183965078 131 25049810 3187704995
======================
   8      48 sdd 27043 0 216044 3798318 66047526 29248278 6425421000 3184680273 141 25054814 3188420092
======================
   8      48 sdd 27043 0 216044 3798318 66125858 29248279 6426060648 3185395579 147 25059817 3189135389
======================
   8      48 sdd 27043 0 216044 3798318 66204155 29248280 6426699344 3186112373 133 25064820 3189852033
======================
   8      48 sdd 27043 0 216044 3798318 66282442 29248281 6427338752 3186827194 143 25069823 3190566756
======================
   8      48 sdd 27043 0 216044 3798318 66360727 29248282 6427978000 3187542045 132 25074826 3191281536
======================
   8      48 sdd 27043 0 216044 3798318 66439031 29248283 6428617648 3188257633 134 25079828 3191997006
======================
   8      48 sdd 27043 0 216044 3798318 66517388 29248283 6429257368 3188972757 129 25084832 3192712001
======================
   8      48 sdd 27043 0 216044 3798318 66595331 29248284 6429893552 3189689030 126 25089834 3193428045
======================
   8      48 sdd 27043 0 216044 3798318 66673258 29248285 6430530088 3190404191 151 25094837 3194143238
======================
   8      48 sdd 27043 0 216044 3798318 66751323 29248286 6431167536 3191119307 136 25099840 3194858440
======================
   8      48 sdd 27043 0 216044 3798318 66829580 29248287 6431807080 3191835072 153 25104842 3195573891
======================
   8      48 sdd 27043 0 216044 3798318 66907862 29248288 6432446640 3192551124 145 25109847 3196290049
======================
   8      48 sdd 27043 0 216044 3798318 66985909 29248289 6433084160 3193267967 148 25114850 3197006805
======================
   8      48 sdd 27043 0 216044 3798318 67063869 29248290 6433720744 3193984970 142 25119853 3197723787
======================
   8      48 sdd 27043 0 216044 3798318 67142235 29248291 6434359832 3194701468 146 25124856 3198440136
======================
   8      48 sdd 27043 0 216044 3798318 67220480 29248292 6434998672 3195417527 143 25129860 3199156236
======================
   8      48 sdd 27043 0 216044 3798318 67298744 29248293 6435637936 3196134372 153 25134863 3199873022
======================
   8      48 sdd 27043 0 216044 3798318 67377023 29248294 6436277216 3196849295 148 25139866 3200587876
======================
   8      48 sdd 27043 0 216044 3798318 67455322 29248295 6436916368 3197563935 155 25144870 3201302488
======================
   8      48 sdd 27043 0 216044 3798318 67533502 29248296 6437554696 3198279527 153 25149873 3202018176
======================
   8      48 sdd 27043 0 216044 3798318 67611767 29248297 6438193848 3198995256 130 25154875 3202733466
======================
   8      48 sdd 27043 0 216044 3798318 67689969 29248298 6438831880 3199712217 138 25159879 3203450463
======================
   8      48 sdd 27043 0 216044 3798318 67768256 29248299 6439470744 3200428811 157 25164882 3204167019
======================
   8      48 sdd 27043 0 216044 3798318 67846232 29248300 6440107640 3201144656 135 25169885 3204882691
======================
   8      48 sdd 27043 0 216044 3798318 67924034 29248301 6440742960 3201860385 159 25174889 3205598451
======================
   8      48 sdd 27043 0 216044 3798318 68001955 29248302 6441379864 3202575995 128 25179892 3206313923
======================
   8      48 sdd 27043 0 216044 3798318 68080300 29248303 6442019768 3203292126 153 25184895 3207029941
======================
   8      48 sdd 27043 0 216044 3798318 68158609 29248304 6442658624 3204008340 150 25189897 3207745908
======================
   8      48 sdd 27043 0 216044 3798318 68236708 29248305 6443296840 3204724737 133 25194900 3208462329
======================
   8      48 sdd 27043 0 216044 3798318 68314649 29248306 6443933864 3205441151 146 25199903 3209178586
======================
   8      48 sdd 27043 0 216044 3798318 68392931 29248307 6444573216 3206157709 138 25204906 3209895157
======================
   8      48 sdd 27043 0 216044 3798318 68471001 29248308 6445210768 3206872982 151 25209909 3210610302
======================
   8      48 sdd 27043 0 216044 3798318 68549270 29248309 6445849848 3207587957 155 25214912 3211325239
======================
   8      48 sdd 27043 0 216044 3798318 68627553 29248310 6446488464 3208301895 146 25219915 3212039057
======================
   8      48 sdd 27043 0 216044 3798318 68705855 29248311 6447127912 3209016617 134 25224918 3212753600
======================
   8      48 sdd 27043 0 216044 3798318 68784094 29248312 6447766872 3209732028 129 25229921 3213468818
======================
   8      48 sdd 27043 0 216044 3798318 68862316 29248313 6448405480 3210446979 141 25234924 3214183924
======================
   8      48 sdd 27043 0 216044 3798318 68940583 29248314 6449044544 3211161377 148 25239927 3214898175
======================
   8      48 sdd 27043 0 216044 3798318 69018956 29248315 6449684920 3211875912 145 25244932 3215612874
======================
   8      48 sdd 27043 0 216044 3798318 69097226 29248316 6450324544 3212590861 149 25249935 3216327705
======================
   8      48 sdd 27043 0 216044 3798318 69175130 29248317 6450960848 3213306460 135 25254937 3217043214
======================
   8      48 sdd 27043 0 216044 3798318 69252963 29248318 6451596784 3214021827 128 25259941 3217758565
======================
   8      48 sdd 27043 0 216044 3798318 69331444 29248319 6452238040 3214736223 145 25264943 3218472673
======================
   8      48 sdd 27043 0 216044 3798318 69409723 29248320 6452877632 3215449892 140 25269946 3219186393
======================
   8      48 sdd 27043 0 216044 3798318 69488043 29248321 6453517544 3216164345 151 25274950 3219900828
======================
   8      48 sdd 27043 0 216044 3798318 69565956 29248322 6454154128 3216879951 135 25279953 3220616370
======================
   8      48 sdd 27043 0 216044 3798318 69644334 29248322 6454794952 3217595911 157 25284956 3221332188
======================
   8      48 sdd 27043 0 216044 3798318 69722518 29248323 6455433544 3218311350 151 25289961 3222047797
======================
   8      48 sdd 27043 0 216044 3798318 69800695 29248324 6456071920 3219028220 152 25294964 3222764423
======================
   8      48 sdd 27043 0 216044 3798318 69879052 29248325 6456711688 3219746752 133 25299981 3223482823
======================
   8      48 sdd 27043 0 216044 3798318 69957244 29248326 6457350592 3220463368 151 25304984 3224199490
======================
   8      48 sdd 27043 0 216044 3798318 70035103 29248327 6457987048 3221178816 131 25309987 3224914817
======================
   8      48 sdd 27043 0 216044 3798318 70113049 29248328 6458623224 3221894766 158 25314990 3225630810
======================
   8      48 sdd 27043 0 216044 3798318 70190922 29248329 6459259304 3222609964 143 25319992 3226345918
======================
   8      48 sdd 27043 0 216044 3798318 70269116 29248330 6459897864 3223325411 159 25324995 3227061176
======================
   8      48 sdd 27043 0 216044 3798318 70347249 29248331 6460536328 3224039740 140 25329998 3227775519
======================
   8      48 sdd 27043 0 216044 3798318 70425244 29248332 6461173600 3224757148 132 25335000 3228492997
======================
   8      48 sdd 27043 0 216044 3798318 70503154 29248333 6461809520 3225472882 143 25340003 3229208736
======================
   8      48 sdd 27043 0 216044 3798318 70581248 29248334 6462447728 3226188286 131 25345006 3229924105
======================
   8      48 sdd 27043 0 216044 3798318 70659351 29248335 6463085608 3226903681 142 25350008 3230639283
======================
   8      48 sdd 27043 0 216044 3798318 70737592 29248336 6463724992 3227618817 143 25355012 3231354316
======================
   8      48 sdd 27043 0 216044 3798318 70815593 29248337 6464361968 3228332916 128 25360014 3232068425
======================
   8      48 sdd 27043 0 216044 3798318 70893772 29248338 6465000208 3229047168 159 25365017 3232782610
======================
   8      48 sdd 27043 0 216044 3798318 70971993 29248339 6465638824 3229763144 148 25370020 3233498439
======================
   8      48 sdd 27043 0 216044 3798318 71050158 29248340 6466277232 3230479731 129 25375023 3234214952
======================
   8      48 sdd 27043 0 216044 3798318 71128222 29248341 6466914632 3231196866 147 25380026 3234932263
======================
   8      48 sdd 27043 0 216044 3798318 71206377 29248342 6467552872 3231912315 138 25385028 3235647585
======================
   8      48 sdd 27043 0 216044 3798318 71284299 29248343 6468189424 3232627280 138 25390031 3236362406
======================
   8      48 sdd 27043 0 216044 3798318 71362172 29248344 6468825472 3233341417 155 25395035 3237076663
======================
   8      48 sdd 27043 0 216044 3798318 71439948 29248345 6469460880 3234057790 141 25400038 3237792855
======================
   8      48 sdd 27043 0 216044 3798318 71518083 29248346 6470099416 3234774314 136 25405041 3238509245
======================
   8      48 sdd 27043 0 216044 3798318 71596210 29248347 6470737640 3235490233 139 25410044 3239225188
======================
   8      48 sdd 27043 0 216044 3798318 71674286 29248348 6471375528 3236205916 145 25415047 3239940625
======================
   8      48 sdd 27043 0 216044 3798318 71752087 29248349 6472010784 3236920346 138 25420051 3240655067
======================
   8      48 sdd 27043 0 216044 3798318 71830215 29248350 6472648808 3237635287 156 25425054 3241369947
======================
   8      48 sdd 27043 0 216044 3798318 71908353 29248351 6473286384 3238350373 132 25430057 3242085133
======================
   8      48 sdd 27043 0 216044 3798318 71986540 29248352 6473925016 3239064124 155 25435060 3242798839
======================
   8      48 sdd 27043 0 216044 3798318 72064673 29248353 6474563496 3239779996 136 25440063 3243514406
======================
   8      48 sdd 27043 0 216044 3798318 72142797 29248354 6475201472 3240496556 158 25445066 3244230903
======================
   8      48 sdd 27043 0 216044 3798318 72220982 29248355 6475839872 3241211395 151 25450068 3244945502
======================
   8      48 sdd 27043 0 216044 3798318 72299378 29248356 6476480184 3241928934 157 25455089 3245662936
======================
   8      48 sdd 27043 0 216044 3798318 72377602 29248357 6477119040 3242644562 144 25460092 3246378491
======================
   8      48 sdd 27043 0 216044 3798318 72455773 29248357 6477757840 3243360221 148 25465095 3247094328
======================
   8      48 sdd 27043 0 216044 3798318 72533926 29248358 6478395800 3244077249 141 25470098 3247811072
======================
   8      48 sdd 27043 0 216044 3798318 72611774 29248359 6479031832 3244794106 151 25475102 3248527965
======================
   8      48 sdd 27043 0 216044 3798318 72689534 29248360 6479666472 3245509742 153 25480105 3249243570
======================
   8      48 sdd 27043 0 216044 3798318 72767674 29248361 6480304896 3246223767 159 25485108 3249957572
======================
   8      48 sdd 27043 0 216044 3798318 72845782 29248362 6480942936 3246940534 133 25490111 3250674258
======================
   8      48 sdd 27043 0 216044 3798318 72923811 29248363 6481580400 3247657060 154 25495114 3251390526
======================
   8      48 sdd 27043 0 216044 3798318 73001685 29248364 6482216976 3248373722 138 25500117 3252107238
======================
   8      48 sdd 27043 0 216044 3798318 73079679 29248365 6482854200 3249089549 130 25505120 3252822933
======================
   8      48 sdd 27043 0 216044 3798318 73157775 29248366 6483492024 3249804833 148 25510123 3253538146
======================
   8      48 sdd 27043 0 216044 3798318 73235909 29248367 6484130040 3250522264 128 25515126 3254255541
======================
   8      48 sdd 27043 0 216044 3798318 73313962 29248368 6484768032 3251239191 157 25520129 3254972392
======================
   8      48 sdd 27043 0 216044 3798318 73392157 29248369 6485406728 3251954126 140 25525132 3255687240
======================
   8      48 sdd 27043 0 216044 3798318 73470273 29248370 6486044472 3252668521 138 25530135 3256401587
======================
   8      48 sdd 27043 0 216044 3798318 73548467 29248371 6486683440 3253383313 154 25535138 3257116296
======================
   8      48 sdd 27043 0 216044 3798318 73626651 29248372 6487321984 3254098756 148 25540140 3257831430
======================
   8      48 sdd 27043 0 216044 3798318 73704844 29248373 6487960544 3254814996 133 25545143 3258547798
======================
   8      48 sdd 27043 0 216044 3798318 73783049 29248374 6488599056 3255531916 138 25550146 3259264675
======================
   8      48 sdd 27043 0 216044 3798318 73861128 29248375 6489236272 3256247059 141 25555149 3259979909
======================
   8      48 sdd 27043 0 216044 3798318 73938862 29248376 6489870896 3256961812 137 25560152 3260694528
======================
   8      48 sdd 27043 0 216044 3798318 74016899 29248377 6490508552 3257679262 150 25565155 3261411835
======================
   8      48 sdd 27043 0 216044 3798318 74095111 29248378 6491147696 3258395540 148 25570158 3262128015
======================
   8      48 sdd 27043 0 216044 3798318 74173127 29248379 6491785128 3259110468 150 25575161 3262842967
======================
   8      48 sdd 27043 0 216044 3798318 74251208 29248380 6492423184 3259825498 151 25580164 3263557862
======================
   8      48 sdd 27043 0 216044 3798318 74329111 29248381 6493059816 3260542434 138 25585167 3264274679
======================
   8      48 sdd 27043 0 216044 3798318 74407239 29248382 6493697864 3261257697 156 25590169 3264989929
======================
   8      48 sdd 27043 0 216044 3798318 74485464 29248383 6494336560 3261973177 141 25595172 3265705303
======================
   8      48 sdd 27043 0 216044 3798318 74563592 29248384 6494974536 3262689672 159 25600175 3266421721
======================
   8      48 sdd 27043 0 216044 3798318 74641708 29248385 6495612480 3263405392 157 25605178 3267137385
======================
   8      48 sdd 27043 0 216044 3798318 74719508 29248386 6496248168 3264120817 151 25610181 3267852784
======================
   8      48 sdd 27043 0 216044 3798318 74797311 29248387 6496883080 3264838070 142 25615184 3268570079
======================
   8      48 sdd 27043 0 216044 3798318 74875096 29248388 6497518120 3265553308 151 25620187 3269285269
======================
   8      48 sdd 27043 0 216044 3798318 74953016 29248389 6498154608 3266268961 153 25625191 3270001090
======================
   8      48 sdd 27043 0 216044 3798318 75031154 29248390 6498792560 3266984106 129 25630193 3270715955
======================
   8      48 sdd 27043 0 216044 3798318 75109423 29248391 6499432344 3267699194 134 25635196 3271430978
======================
   8      48 sdd 27043 0 216044 3798318 75187238 29248392 6500068184 3268415761 143 25640199 3272147388
======================
   8      48 sdd 27043 0 216044 3798318 75265156 29248393 6500704600 3269132831 149 25645202 3272864448
======================
   8      48 sdd 27043 0 216044 3798318 75343317 29248393 6501343096 3269849950 132 25650205 3273581478
======================
   8      48 sdd 27043 0 216044 3798318 75421531 29248394 6501981928 3270565950 128 25655208 3274297343
======================
   8      48 sdd 27043 0 216044 3798318 75499716 29248395 6502620440 3271281294 153 25660212 3275012840
======================
   8      48 sdd 27043 0 216044 3798318 75577670 29248396 6503257104 3271996022 153 25665216 3275727357
======================
   8      48 sdd 27043 0 216044 3798318 75655884 29248397 6503896336 3272711506 149 25670219 3276442608
======================
   8      48 sdd 27043 0 216044 3798318 75734033 29248398 6504534960 3273427398 146 25675222 3277158444
======================
   8      48 sdd 27043 0 216044 3798318 75812177 29248399 6505173304 3274144192 148 25680226 3277875397
======================
   8      48 sdd 27043 0 216044 3798318 75890361 29248400 6505811816 3274861090 142 25685229 3278592007
======================
   8      48 sdd 27043 0 216044 3798318 75968182 29248401 6506447480 3275576532 147 25690232 3279307544
======================
   8      48 sdd 27043 0 216044 3798318 76046045 29248402 6507083536 3276290704 142 25695235 3280021576
======================
   8      48 sdd 27043 0 216044 3798318 76123903 29248403 6507719456 3277005914 142 25700237 3280736665
======================
   8      48 sdd 27043 0 216044 3798318 76201847 29248404 6508356544 3277720906 152 25705240 3281451463
======================
   8      48 sdd 27043 0 216044 3798318 76279993 29248405 6508994768 3278435604 152 25710243 3282166240
======================
   8      48 sdd 27043 0 216044 3798318 76358193 29248406 6509633264 3279151480 130 25715246 3282882099
======================
   8      48 sdd 27043 0 216044 3798318 76436213 29248407 6510270696 3279868191 128 25720249 3283598602
======================
   8      48 sdd 27043 0 216044 3798318 76514064 29248408 6510905896 3280583089 135 25725252 3284313310
