======================
   8      16 sdb 60527658 33647 14021031564 2408113583 29742924 84090620 18651069208 2267803277 1 205035478 380733087
======================
   8      16 sdb 60527746 33647 14021032268 2408114145 29744046 84090620 18651776280 2267949102 75 205037053 380896069
======================
   8      16 sdb 60527752 33647 14021032316 2408115594 29746042 84090653 18653024416 2268550100 123 205042055 381501847
======================
   8      16 sdb 60527758 33647 14021032364 2408116887 29748590 84090668 18654628272 2269176084 48 205047057 382120443
======================
   8      16 sdb 60527765 33647 14021032420 2408119482 29751078 84090682 18656193856 2269621872 60 205052069 382570640
======================
   8      16 sdb 60527772 33647 14021032476 2408121248 29753631 84090697 18657800912 2270187277 135 205057082 383143783
======================
   8      16 sdb 60527779 33647 14021032532 2408123567 29756119 84090712 18659366880 2270688873 144 205062085 383639481
======================
   8      16 sdb 60527785 33647 14021032580 2408125289 29758640 84090727 18660953712 2271230149 142 205067087 384184205
======================
   8      16 sdb 60527791 33647 14021032628 2408126801 29761170 84090742 18662546304 2271789911 141 205072087 384751355
======================
   8      16 sdb 60527798 33647 14021032684 2408128533 29763687 84090758 18664129952 2272353523 155 205077089 385319470
======================
   8      16 sdb 60527804 33647 14021032732 2408130323 29766239 84090773 18665736368 2272902602 130 205082094 385867895
======================
   8      16 sdb 60527811 33647 14021032788 2408132581 29768728 84090788 18667302608 2273410437 134 205087096 386378868
======================
   8      16 sdb 60527817 33647 14021032836 2408134326 29771264 84090803 18668898144 2273972548 133 205092098 386943984
======================
   8      16 sdb 60527823 33647 14021032884 2408136126 29773773 84090818 18670478144 2274512719 153 205097100 387486306
======================
   8      16 sdb 60527830 33647 14021032940 2408138254 29776304 84090832 18672070144 2275007470 130 205102102 387981375
======================
   8      16 sdb 60527836 33647 14021032988 2408139834 29778820 84090847 18673653776 2275565436 123 205107104 388540224
======================
   8      16 sdb 60527843 33647 14021033044 2408142361 29781335 84090857 18675237616 2276000417 106 205112105 388978033
======================
   8      16 sdb 60527849 33647 14021033092 2408144174 29783853 84090877 18676821304 2276573870 89 205117107 389551517
======================
   8      16 sdb 60527855 33647 14021033140 2408145776 29786411 84090892 18678431432 2277165487 30 205122109 390134614
======================
   8      16 sdb 60527862 33647 14021033196 2408148212 29788903 84090902 18680000680 2277659079 36 205127111 390631554
======================
   8      16 sdb 60527869 33647 14021033252 2408150471 29791457 84090916 18681607736 2278170888 139 205132114 391150424
======================
   8      16 sdb 60527876 33647 14021033308 2408152218 29793995 84090932 18683205200 2278697143 157 205137118 391682578
======================
   8      16 sdb 60527882 33647 14021033356 2408154281 29796521 84090946 18684793960 2279232830 149 205142121 392223288
======================
   8      16 sdb 60527887 33647 14021033396 2408155730 29798909 84090952 18686298144 2279798024 1 205147123 392770259
======================
   8      16 sdb 60527895 33647 14021033460 2408158273 29801501 84090967 18687929776 2280333976 130 205152124 393325662
======================
   8      16 sdb 60527901 33647 14021033508 2408160009 29803985 84090982 18689493312 2280892642 129 205157126 393879542
======================
   8      16 sdb 60527908 33647 14021033564 2408161898 29806403 84090997 18691015504 2281416076 154 205162130 394409855
======================
   8      16 sdb 60527913 33647 14021033604 2408163283 29808898 84091011 18692585312 2282004848 9 205167133 394986559
======================
   8      16 sdb 60527919 33647 14021033652 2408165047 29811335 84091026 18694119152 2282568340 71 205172135 395564173
======================
   8      16 sdb 60527926 33647 14021033708 2408166857 29813792 84091041 18695665792 2283129430 113 205177138 396133420
======================
   8      16 sdb 60527932 33647 14021033756 2408168227 29816244 84091056 18697209232 2283726700 155 205182141 396731240
======================
   8      16 sdb 60527937 33647 14021033796 2408169914 29818685 84091071 18698745632 2284293132 148 205187145 397301756
======================
   8      16 sdb 60527943 33647 14021033844 2408171797 29821169 84091086 18700307776 2284834607 149 205192148 397841915
======================
   8      16 sdb 60527949 33647 14021033892 2408173414 29823634 84091101 18701859536 2285429623 149 205197151 398442113
======================
   8      16 sdb 60527956 33647 14021033948 2408175503 29826061 84091116 18703387232 2285973337 136 205202154 398981925
======================
   8      16 sdb 60527962 33647 14021033996 2408176901 29828506 84091131 18704926192 2286567085 155 205207157 399569854
======================
   8      16 sdb 60527969 33647 14021034052 2408179212 29830964 84091146 18706473216 2287055131 145 205212159 400061019
======================
   8      16 sdb 60527974 33647 14021034092 2408180332 29833410 84091160 18708012176 2287672513 48 205217163 400679633
======================
   8      16 sdb 60527980 33647 14021034140 2408182197 29835897 84091175 18709577632 2288228652 60 205222163 401240160
======================
   8      16 sdb 60527987 33647 14021034196 2408184112 29838311 84091190 18711097136 2288792413 119 205227166 401811861
======================
   8      16 sdb 60527993 33647 14021034244 2408185694 29840788 84091205 18712656320 2289377081 134 205232169 402398429
======================
   8      16 sdb 60528000 33647 14021034300 2408188088 29843190 84091220 18714168272 2289853931 155 205237171 402876328
======================
   8      16 sdb 60528006 33647 14021034348 2408189660 29845654 84091235 18715717872 2290451509 141 205242174 403479535
======================
   8      16 sdb 60528012 33647 14021034396 2408191396 29848102 84091250 18717258752 2291015433 137 205247178 404042348
======================
   8      16 sdb 60528019 33647 14021034452 2408193640 29850536 84091265 18718790672 2291536450 133 205252178 404565703
======================
   8      16 sdb 60528024 33647 14021034492 2408194716 29853008 84091280 18720346912 2292156193 2 205257181 405167129
======================
   8      16 sdb 60528031 33647 14021034548 2408196852 29855442 84091295 18721878832 2292659388 67 205262184 405687962
======================
   8      16 sdb 60528038 33647 14021034604 2408198865 29857904 84091309 18723427776 2293206222 154 205267185 406240215
======================
   8      16 sdb 60528043 33647 14021034644 2408200255 29860336 84091324 18724958672 2293786977 148 205272188 406825412
======================
   8      16 sdb 60528050 33647 14021034700 2408202371 29862806 84091339 18726513376 2294321902 156 205277191 407359786
======================
   8      16 sdb 60528056 33647 14021034748 2408204072 29865245 84091354 18728048496 2294877527 147 205282194 407915666
======================
   8      16 sdb 60528062 33647 14021034796 2408205624 29867588 84091369 18729523200 2295449044 1 205287197 408470344
======================
   8      16 sdb 60528069 33647 14021034852 2408207505 29870164 84091384 18731143712 2295987916 138 205292200 409031846
======================
   8      16 sdb 60528074 33647 14021034892 2408208945 29872588 84091399 18732669232 2296584802 1 205297203 409609582
======================
   8      16 sdb 60528081 33647 14021034948 2408211135 29875023 84091414 18734202048 2297115881 65 205302205 410156870
======================
   8      16 sdb 60528087 33647 14021034996 2408213098 29877428 84091429 18735715920 2297672138 133 205307209 410723651
======================
   8      16 sdb 60528093 33647 14021035044 2408214514 29879848 84091444 18737239136 2298271371 141 205312212 411322075
======================
   8      16 sdb 60528100 33647 14021035100 2408216311 29882265 84091458 18738759792 2298820002 148 205317214 411871305
======================
   8      16 sdb 60528106 33647 14021035148 2408217857 29884706 84091473 18740296192 2299403464 148 205322217 412457431
======================
   8      16 sdb 60528113 33647 14021035204 2408219824 29887116 84091489 18741812384 2299969530 146 205327218 413016399
======================
   8      16 sdb 60528118 33647 14021035244 2408221399 29889555 84091504 18743347760 2300543006 61 205332227 413593788
======================
   8      16 sdb 60528124 33647 14021035292 2408223440 29891953 84091519 18744857152 2301099409 128 205337236 414158396
======================
   8      16 sdb 60528130 33647 14021035340 2408225284 29894390 84091534 18746389728 2301662209 132 205342239 414725179
======================
   8      16 sdb 60528136 33647 14021035388 2408227013 29896803 84091549 18747908464 2302238634 138 205347248 415302063
======================
   8      16 sdb 60528143 33647 14021035444 2408229128 29899222 84091564 18749431168 2302781534 149 205352251 415829456
======================
   8      16 sdb 60528148 33647 14021035484 2408230535 29901651 84091574 18750960608 2303353567 45 205357255 416410140
======================
   8      16 sdb 60528154 33647 14021035532 2408232383 29904074 84091594 18752485152 2303914523 122 205362259 416984176
======================
   8      16 sdb 60528161 33647 14021035588 2408234651 29906469 84091604 18753993216 2304432566 136 205367261 417505028
======================
   8      16 sdb 60528166 33647 14021035628 2408235845 29908766 84091617 18755439536 2305075279 11 205372263 418129983
======================
   8      16 sdb 60528172 33647 14021035676 2408237853 29911114 84091631 18756917432 2305634346 5 205377266 418688997
======================
   8      16 sdb 60528179 33647 14021035732 2408240030 29913422 84091645 18758368792 2306161761 158 205382266 419226358
======================
   8      16 sdb 60528184 33647 14021035772 2408241615 29915768 84091649 18759845960 2306736391 90 205387268 419812702
======================
   8      16 sdb 60528191 33647 14021035828 2408243510 29918085 84091664 18761304280 2307285739 148 205392272 420367465
======================
   8      16 sdb 60528197 33647 14021035876 2408244914 29920452 84091677 18762792808 2307881075 157 205397274 420950344
======================
   8      16 sdb 60528202 33647 14021035916 2408246559 29922779 84091692 18764257528 2308425953 138 205402275 421510085
======================
   8      16 sdb 60528209 33647 14021035972 2408248467 29925056 84091707 18765690504 2308979308 141 205407279 422057495
======================
   8      16 sdb 60528214 33647 14021036012 2408249830 29927362 84091719 18767141384 2309566545 148 205412281 422653078
======================
   8      16 sdb 60528220 33647 14021036060 2408251769 29929678 84091734 18768599064 2310132809 135 205417284 423215105
======================
   8      16 sdb 60528226 33647 14021036108 2408253335 29931953 84091747 18770030744 2310677650 135 205422287 423767489
======================
   8      16 sdb 60528231 33647 14021036148 2408254692 29934189 84091761 18771437352 2311250511 1 205427290 424320873
======================
   8      16 sdb 60528238 33647 14021036204 2408256852 29936545 84091774 18772920360 2311761805 144 205432291 424853796
======================
   8      16 sdb 60528244 33647 14021036252 2408258498 29938829 84091788 18774357176 2312346720 132 205437295 425428293
======================
   8      16 sdb 60528249 33647 14021036292 2408259876 29941157 84091802 18775822528 2312942923 115 205442297 426038501
started
======================
   8      16 sdb 60528376 33647 14021037302 2408261535 29942901 84091832 18776910400 2313348602 0 205446097 426425310
======================
   8      16 sdb 60530952 33647 14021696022 2408269227 29942901 84091832 18776910400 2313348602 2 205450127 426433001
======================
   8      16 sdb 60537209 33647 14023297814 2408278438 29942904 84091834 18776910440 2313348602 2 205455130 426442202
======================
   8      16 sdb 60543393 33647 14024880918 2408287656 29942904 84091834 18776910440 2313348602 2 205460134 426451411
======================
   8      16 sdb 60549627 33647 14026476822 2408296841 29942904 84091834 18776910440 2313348602 2 205465137 426460585
======================
   8      16 sdb 60555859 33647 14028072214 2408306047 29942904 84091834 18776910440 2313348602 2 205470147 426469782
======================
   8      16 sdb 60562080 33647 14029664790 2408315248 29942904 84091834 18776910440 2313348602 2 205475150 426478975
======================
   8      16 sdb 60568385 33647 14031278870 2408324427 29942904 84091834 18776910440 2313348602 2 205480154 426488141
======================
   8      16 sdb 60574642 33647 14032880662 2408333564 29942906 84091834 18776910456 2313348602 2 205485159 426497273
======================
   8      16 sdb 60580918 33647 14034487318 2408342755 29942906 84091834 18776910456 2313348602 1 205490162 426506457
======================
   8      16 sdb 60587106 33647 14036071446 2408351955 29942906 84091834 18776910456 2313348602 2 205495165 426515647
======================
   8      16 sdb 60593409 33647 14037685014 2408361149 29942906 84091834 18776910456 2313348602 1 205500170 426524829
======================
   8      16 sdb 60599599 33647 14039269654 2408370354 29942906 84091834 18776910456 2313348602 1 205505173 426534024
======================
   8      16 sdb 60605842 33647 14040867862 2408379556 29942906 84091834 18776910456 2313348602 1 205510177 426543222
======================
   8      16 sdb 60612097 33647 14042469142 2408388752 29942906 84091834 18776910456 2313348602 2 205515182 426552412
======================
   8      16 sdb 60618368 33647 14044074518 2408397948 29942906 84091834 18776910456 2313348602 2 205520186 426561597
======================
   8      16 sdb 60624587 33647 14045666582 2408407026 29942906 84091834 18776910456 2313348602 1 205525189 426570665
======================
   8      16 sdb 60630797 33647 14047256342 2408416226 29942906 84091834 18776910456 2313348602 2 205530195 426579854
======================
   8      16 sdb 60637076 33647 14048863766 2408425405 29942906 84091834 18776910456 2313348602 2 205535198 426589023
======================
   8      16 sdb 60643279 33647 14050451734 2408434612 29942906 84091834 18776910456 2313348602 2 205540202 426598216
======================
   8      16 sdb 60649579 33647 14052064534 2408443819 29942906 84091834 18776910456 2313348602 1 205545207 426607412
======================
   8      16 sdb 60655830 33647 14053664790 2408453030 29942906 84091834 18776910456 2313348602 2 205550210 426616613
======================
   8      16 sdb 60662122 33647 14055275542 2408462206 29942906 84091834 18776910456 2313348602 2 205555213 426625778
======================
   8      16 sdb 60668264 33647 14056847894 2408471366 29942906 84091834 18776910456 2313348602 2 205560217 426634925
======================
   8      16 sdb 60674316 33647 14058397206 2408480583 29942906 84091834 18776910456 2313348602 2 205565220 426644137
======================
   8      16 sdb 60680386 33647 14059951126 2408489796 29942906 84091834 18776910456 2313348602 2 205570224 426653342
======================
   8      16 sdb 60686425 33647 14061497110 2408499017 29942906 84091834 18776910456 2313348602 2 205575229 426662555
======================
   8      16 sdb 60692558 33647 14063067158 2408508215 29942906 84091834 18776910456 2313348602 2 205580232 426671747
======================
   8      16 sdb 60698563 33647 14064604438 2408517445 29942906 84091834 18776910456 2313348602 2 205585235 426680970
======================
   8      16 sdb 60704677 33647 14066169622 2408526656 29942906 84091834 18776910456 2313348602 2 205590240 426690170
======================
   8      16 sdb 60710699 33647 14067711254 2408535887 29942906 84091834 18776910456 2313348602 2 205595243 426699389
======================
   8      16 sdb 60716809 33647 14069275414 2408545096 29942906 84091834 18776910456 2313348602 2 205600246 426708590
======================
   8      16 sdb 60722837 33647 14070818582 2408554332 29942906 84091834 18776910456 2313348602 1 205605259 426717812
======================
   8      16 sdb 60728873 33647 14072363798 2408563554 29942906 84091834 18776910456 2313348602 2 205610263 426727030
======================
   8      16 sdb 60734943 33647 14073917718 2408572780 29942906 84091834 18776910456 2313348602 2 205615266 426736244
======================
   8      16 sdb 60741043 33647 14075479318 2408581996 29942906 84091834 18776910456 2313348602 2 205620271 426745451
======================
   8      16 sdb 60747064 33647 14077020694 2408591216 29942906 84091834 18776910456 2313348602 2 205625274 426754664
======================
   8      16 sdb 60753083 33647 14078561558 2408600454 29942906 84091834 18776910456 2313348602 2 205630278 426763893
======================
   8      16 sdb 60759165 33647 14080118550 2408609662 29942906 84091834 18776910456 2313348602 1 205635283 426773096
======================
   8      16 sdb 60765171 33647 14081656086 2408618872 29942906 84091834 18776910456 2313348602 2 205640286 426782295
======================
   8      16 sdb 60771269 33647 14083217174 2408628071 29942906 84091834 18776910456 2313348602 2 205645290 426791488
======================
   8      16 sdb 60777261 33647 14084751126 2408637285 29942906 84091834 18776910456 2313348602 2 205650295 426800691
======================
   8      16 sdb 60783372 33647 14086315542 2408646492 29942906 84091834 18776910456 2313348602 2 205655298 426809888
======================
   8      16 sdb 60789369 33647 14087850774 2408655716 29942906 84091834 18776910456 2313348602 2 205660302 426819101
======================
   8      16 sdb 60795426 33647 14089401366 2408664932 29942906 84091834 18776910456 2313348602 2 205665307 426828305
======================
   8      16 sdb 60801464 33647 14090947094 2408674151 29942906 84091834 18776910456 2313348602 1 205670310 426837510
======================
   8      16 sdb 60807480 33647 14092487190 2408683375 29942906 84091834 18776910456 2313348602 1 205675313 426846725
======================
   8      16 sdb 60813588 33647 14094050838 2408692578 29942906 84091834 18776910456 2313348602 1 205680318 426855919
======================
   8      16 sdb 60819626 33647 14095596566 2408701807 29942906 84091834 18776910456 2313348602 2 205685321 426865141
======================
   8      16 sdb 60825724 33647 14097157654 2408711002 29942906 84091834 18776910456 2313348602 2 205690324 426874327
======================
   8      16 sdb 60831723 33647 14098693398 2408720228 29942906 84091834 18776910456 2313348602 2 205695329 426883545
======================
   8      16 sdb 60837916 33647 14100278806 2408729410 29942906 84091834 18776910456 2313348602 1 205700333 426892719
======================
   8      16 sdb 60843838 33647 14101794838 2408738671 29942906 84091834 18776910456 2313348602 2 205705336 426901973
======================
   8      16 sdb 60849841 33647 14103331606 2408747863 29942906 84091834 18776910456 2313348602 2 205710340 426911158
======================
   8      16 sdb 60855825 33647 14104863510 2408757128 29942906 84091834 18776910456 2313348602 2 205715344 426920416
======================
   8      16 sdb 60861775 33647 14106386710 2408766316 29942906 84091834 18776910456 2313348602 1 205720347 426929600
======================
   8      16 sdb 60867805 33647 14107930390 2408775546 29942906 84091834 18776910456 2313348602 2 205725353 426938821
======================
   8      16 sdb 60873718 33647 14109444118 2408784759 29942906 84091834 18776910456 2313348602 1 205730356 426948026
======================
   8      16 sdb 60879710 33647 14110977822 2408793993 29942906 84091834 18776910456 2313348602 2 205735360 426957253
======================
   8      16 sdb 60885684 33647 14112507166 2408803212 29942906 84091834 18776910456 2313348602 2 205740364 426966463
======================
   8      16 sdb 60891682 33647 14114042654 2408812411 29942906 84091834 18776910456 2313348602 2 205745369 426975652
======================
   8      16 sdb 60897677 33647 14115577374 2408821624 29942906 84091834 18776910456 2313348602 2 205750372 426984859
======================
   8      16 sdb 60903648 33647 14117105950 2408830847 29942906 84091834 18776910456 2313348602 2 205755376 426994071
======================
   8      16 sdb 60909580 33647 14118624542 2408840077 29942906 84091834 18776910456 2313348602 2 205760382 427003293
======================
   8      16 sdb 60915579 33647 14120160286 2408849291 29942906 84091834 18776910456 2313348602 2 205765385 427012495
======================
   8      16 sdb 60921573 33647 14121694750 2408858481 29942906 84091834 18776910456 2313348602 2 205770390 427021674
======================
   8      16 sdb 60927556 33647 14123226398 2408867710 29942906 84091834 18776910456 2313348602 2 205775394 427030896
======================
   8      16 sdb 60933328 33647 14124704030 2408876956 29942906 84091834 18776910456 2313348602 2 205780398 427040131
======================
   8      16 sdb 60939067 33647 14126173214 2408886226 29942906 84091834 18776910456 2313348602 2 205785402 427049394
======================
   8      16 sdb 60944890 33647 14127663902 2408895469 29942906 84091834 18776910456 2313348602 1 205790406 427058626
======================
   8      16 sdb 60950605 33647 14129126942 2408904718 29942906 84091834 18776910456 2313348602 2 205795409 427067865
======================
   8      16 sdb 60956419 33647 14130615326 2408913976 29942906 84091834 18776910456 2313348602 2 205800413 427077113
======================
   8      16 sdb 60962152 33647 14132082974 2408923236 29942906 84091834 18776910456 2313348602 2 205805418 427086358
======================
   8      16 sdb 60967925 33647 14133560862 2408932483 29942906 84091834 18776910456 2313348602 1 205810425 427095600
======================
   8      16 sdb 60973611 33647 14135016478 2408941751 29942906 84091834 18776910456 2313348602 1 205815430 427104854
======================
   8      16 sdb 60979236 33647 14136456478 2408951020 29942906 84091834 18776910456 2313348602 2 205820434 427114115
======================
   8      16 sdb 60984967 33647 14137923614 2408960289 29942906 84091834 18776910456 2313348602 2 205825443 427123367
======================
   8      16 sdb 60990576 33647 14139359518 2408969571 29942906 84091834 18776910456 2313348602 1 205830447 427132643
======================
   8      16 sdb 60996288 33647 14140821790 2408978835 29942906 84091834 18776910456 2313348602 2 205835451 427141899
======================
   8      16 sdb 61001922 33647 14142264094 2408988109 29942906 84091834 18776910456 2313348602 2 205840455 427151164
======================
   8      16 sdb 61007639 33647 14143727646 2408997383 29942906 84091834 18776910456 2313348602 2 205845458 427160429
======================
   8      16 sdb 61013270 33647 14145169182 2409006657 29942906 84091834 18776910456 2313348602 2 205850462 427169691
======================
   8      16 sdb 61018980 33647 14146630942 2409015918 29942906 84091834 18776910456 2313348602 2 205855466 427178941
