======================
   8      48 sdd 1729 0 13814 236089 430381 2366125 270835408 128117228 0 1028487 128351262
started
======================
   8      48 sdd 1737 0 13878 236536 431888 2366134 271779048 128492103 116 1031474 128750145
======================
   8      48 sdd 1744 0 13934 237598 433996 2366152 273102520 129130657 157 1036508 129389738
======================
   8      48 sdd 1749 0 13974 238720 436083 2366165 274415928 129748189 156 1041511 130008310
======================
   8      48 sdd 1754 0 14014 239845 438173 2366178 275731256 130363017 7 1046515 130602992
======================
   8      48 sdd 1760 0 14062 240928 440260 2366191 277044664 130989626 147 1051518 131253243
======================
   8      48 sdd 1765 0 14102 242167 442347 2366205 278357824 131620552 140 1056522 131875467
======================
   8      48 sdd 1771 0 14150 243501 444437 2366217 279672512 132229447 158 1061525 132488349
======================
   8      48 sdd 1776 0 14190 244736 446526 2366230 280987200 132839152 135 1066529 133106432
======================
   8      48 sdd 1781 0 14230 246123 448612 2366243 282299968 133463542 150 1071533 133726743
======================
   8      48 sdd 1787 0 14278 247478 450703 2366255 283615296 134068356 145 1076536 134337085
======================
   8      48 sdd 1792 0 14318 248575 452785 2366268 284925504 134691254 137 1081539 134962228
======================
   8      48 sdd 1797 0 14358 249965 454869 2366281 286236992 135289490 130 1086542 135561660
======================
   8      48 sdd 1803 0 14406 251250 456960 2366294 287551440 135899982 136 1091547 136173105
======================
   8      48 sdd 1808 0 14446 252301 459047 2366307 288864848 136527773 155 1096551 136802322
======================
   8      48 sdd 1813 0 14486 253689 461132 2366320 290176976 137129315 132 1101553 137404700
======================
   8      48 sdd 1819 0 14534 255096 463220 2366332 291490384 137720897 139 1106557 137998381
======================
   8      48 sdd 1824 0 14574 256187 465305 2366345 292802512 138331962 149 1111559 138610753
======================
   8      48 sdd 1829 0 14614 257077 467390 2366358 294114640 138972380 157 1116562 139251341
======================
   8      48 sdd 1835 0 14662 258298 469479 2366371 295428696 139608901 156 1121564 139889293
======================
   8      48 sdd 1840 0 14702 259458 471567 2366384 296742488 140245894 146 1126568 140527766
======================
   8      48 sdd 1845 0 14742 260614 473653 2366397 298055256 140865874 143 1131571 141148807
======================
   8      48 sdd 1851 0 14790 261836 475744 2366409 299370584 141475858 129 1136574 141759669
======================
   8      48 sdd 1856 0 14830 263073 477832 2366422 300684632 142094354 157 1141576 142379637
======================
   8      48 sdd 1861 0 14870 264471 479919 2366435 301998040 142693713 151 1146579 142980840
======================
   8      48 sdd 1867 0 14918 265614 482012 2366448 303313768 143311430 149 1151583 143599406
======================
   8      48 sdd 1872 0 14958 266971 484099 2366461 304627176 143907054 133 1156587 144196375
======================
   8      48 sdd 1877 0 14998 268091 486184 2366474 305939304 144522899 156 1161590 144813518
======================
   8      48 sdd 1883 0 15046 269305 488274 2366486 307253992 145120188 136 1166592 145412403
======================
   8      48 sdd 1888 0 15086 270429 490362 2366499 308568040 145737872 141 1171595 146030748
======================
   8      48 sdd 1893 0 15126 271548 492424 2366512 309865704 146346458 148 1176595 146640784
======================
   8      48 sdd 1899 0 15174 272827 494513 2366524 311179496 146946868 144 1181598 147242058
======================
   8      48 sdd 1904 0 15214 273797 496614 2366537 312501864 147580519 132 1186602 147876437
======================
   8      48 sdd 1909 0 15254 274954 498705 2366552 313817592 148216242 150 1191605 148513666
======================
   8      48 sdd 1915 0 15302 275979 500795 2366564 315132280 148845029 145 1196608 149143506
======================
   8      48 sdd 1920 0 15342 277211 502881 2366577 316445048 149459176 137 1201611 149758944
======================
   8      48 sdd 1925 0 15382 278521 504968 2366590 317758456 150074086 128 1206615 150374537
======================
   8      48 sdd 1931 0 15430 279718 507060 2366603 319073800 150685550 146 1211619 150987468
======================
   8      48 sdd 1936 0 15470 281103 509148 2366616 320387592 151285894 141 1216623 151589357
======================
   8      48 sdd 1941 0 15510 282269 511235 2366629 321701000 151905599 148 1221628 152210295
======================
   8      48 sdd 1947 0 15558 283223 513327 2366641 323016968 152535303 142 1226629 152840739
======================
   8      48 sdd 1952 0 15598 284324 515414 2366654 324330376 153156207 138 1231632 153462695
======================
   8      48 sdd 1957 0 15638 285521 517500 2366667 325643144 153772685 135 1236634 154080233
======================
   8      48 sdd 1963 0 15686 286634 519591 2366679 326958216 154388424 128 1241638 154696251
======================
   8      48 sdd 1968 0 15726 287752 521678 2366692 328271624 155008402 124 1246641 155317574
======================
   8      48 sdd 1973 0 15766 288855 523765 2366705 329585032 155625330 120 1251645 155935410
======================
   8      48 sdd 1980 0 15822 290238 525856 2366719 330900376 156243123 153 1256647 156552309
======================
   8      48 sdd 1985 0 15862 291397 527943 2366732 332213784 156864368 153 1261650 157174377
======================
   8      48 sdd 1989 0 15894 292617 530029 2366741 333526896 157472781 79 1266652 157782405
======================
   8      48 sdd 1996 0 15950 293990 532119 2366758 334842232 158078329 141 1271655 158391299
======================
   8      48 sdd 2000 0 15982 295055 534208 2366767 336155648 158701096 68 1276660 159011239
======================
   8      48 sdd 2005 0 16022 296215 536295 2366780 337469056 159322669 64 1281664 159633308
======================
   8      48 sdd 2011 0 16070 297445 538385 2366793 338784384 159933265 57 1286667 160243280
======================
   8      48 sdd 2016 0 16110 298833 540473 2366805 340097536 160532213 53 1291670 160842887
======================
   8      48 sdd 2021 0 16150 300220 542559 2366818 341410304 161133316 50 1296673 161443364
======================
   8      48 sdd 2028 0 16206 301602 544650 2366831 342726272 161740327 128 1301677 162058355
======================
   8      48 sdd 2033 0 16246 302723 546737 2366843 344039040 162365462 152 1306681 162679888
======================
   8      48 sdd 2037 0 16278 303790 548824 2366856 345352320 162987194 35 1311683 163291965
======================
   8      48 sdd 2044 0 16334 304919 550915 2366869 346668160 163608140 93 1316687 163912153
======================
   8      48 sdd 2048 0 16366 305981 553002 2366881 347980928 164233001 24 1321690 164536507
======================
   8      48 sdd 2053 0 16406 307054 555089 2366894 349294336 164849836 20 1326693 165154575
======================
   8      48 sdd 2059 0 16454 308017 557173 2366908 350607016 165477466 18 1331696 165788589
======================
   8      48 sdd 2065 0 16502 309509 559264 2366921 351921728 166092721 37 1336699 166409737
======================
   8      48 sdd 2069 0 16534 310578 561351 2366925 353235136 166712502 7 1341702 167022888
======================
   8      48 sdd 2076 0 16590 312166 563439 2366938 354549056 167322332 144 1346704 167656059
======================
   8      48 sdd 2081 0 16630 313407 565528 2366951 355863616 167946348 135 1351707 168265298
======================
   8      48 sdd 2087 0 16678 314849 567613 2366964 357175744 168542930 141 1356710 168859351
======================
   8      48 sdd 2092 0 16718 315966 569702 2366977 358490432 169157970 139 1361713 169487097
======================
   8      48 sdd 2097 0 16758 317094 571792 2366990 359805760 169773928 140 1366717 170103189
======================
   8      48 sdd 2103 0 16806 318231 573877 2367004 361117264 170382834 133 1371720 170713713
======================
   8      48 sdd 2108 0 16846 319218 575968 2367017 362432976 171004834 153 1376724 171346420
======================
   8      48 sdd 2113 0 16886 320452 578055 2367031 363746392 171642959 148 1381727 171985427
======================
   8      48 sdd 2119 0 16934 321885 580140 2367044 365058520 172258731 151 1386730 172595640
======================
   8      48 sdd 2124 0 16974 322820 582233 2367057 366374504 172894486 138 1391733 173239603
======================
   8      48 sdd 2129 0 17014 324216 584313 2367070 367683432 173496815 138 1396736 173838997
======================
   8      48 sdd 2135 0 17062 325508 586399 2367083 368996200 174109683 142 1401740 174451175
======================
   8      48 sdd 2140 0 17102 326595 588490 2367095 370311528 174732538 147 1406745 175079640
======================
   8      48 sdd 2145 0 17142 327913 590575 2367108 371623400 175335205 144 1411746 175683830
======================
   8      48 sdd 2151 0 17190 329384 592659 2367121 372934888 175925419 133 1416749 176272193
======================
   8      48 sdd 2156 0 17230 330511 594748 2367133 374248936 176545554 145 1421752 176896959
======================
   8      48 sdd 2161 0 17270 331403 596833 2367146 375561064 177179592 128 1426755 177532459
======================
   8      48 sdd 2167 0 17318 332824 598912 2367159 376869352 177774407 157 1431762 178125226
======================
   8      48 sdd 2172 0 17358 333705 600988 2367171 378175336 178413680 134 1436770 178769201
======================
   8      48 sdd 2177 0 17398 334801 603078 2367184 379490408 179037162 159 1441773 179393610
======================
   8      48 sdd 2183 0 17446 336235 605174 2367197 380809448 179627902 150 1446777 179983114
======================
   8      48 sdd 2188 0 17486 337360 607266 2367210 382124920 180240715 137 1451779 180599074
======================
   8      48 sdd 2193 0 17526 338248 609353 2367223 383438072 180877425 156 1456782 181236937
======================
   8      48 sdd 2199 0 17574 339169 611439 2367236 384750840 181509542 137 1461786 181868913
======================
   8      48 sdd 2204 0 17614 340332 613530 2367249 386066176 182149836 150 1466793 182512459
======================
   8      48 sdd 2209 0 17654 341491 615619 2367262 387380864 182789858 134 1471797 183153031
======================
   8      48 sdd 2215 0 17702 342713 617705 2367275 388693632 183399641 153 1476800 183763657
======================
   8      48 sdd 2220 0 17742 343954 619795 2367287 390008064 184016294 154 1481804 184382285
======================
   8      48 sdd 2225 0 17782 345187 621884 2367300 391322752 184636766 148 1486807 185003805
======================
   8      48 sdd 2231 0 17830 346511 623946 2367313 392620416 185243370 129 1491816 185610244
======================
   8      48 sdd 2236 0 17870 347761 626031 2367325 393931904 185859259 136 1496820 186229135
======================
   8      48 sdd 2241 0 17910 349001 628128 2367338 395251456 186480637 154 1501834 186850824
