19.8
21.6
21.5
21.8
21.8
22.1
22.1
22.4
22.4
22.4
22.6
22.8
22.9
22.6
22.8
22.7
22.7
22.8
22.7
22.9
22.7
22.6
22.8
23.1
22.7
22.8
22.8
22.9
22.9
22.9
22.8
22.6
22.7
22.8
22.5
22.8
22.7
22.7
22.9
22.9
22.5
23.0
22.8
22.9
22.8
22.8
22.8
22.9
23.0
23.2
22.6
23.1
22.7
22.9
22.6
22.7
22.9
22.4
22.7
23.1
23.1
22.9
22.7
23.0
23.0
23.3
23.2
22.7
22.9
22.9
23.0
22.7
23.2
22.5
23.0
22.6
22.7
23.1
22.8
22.6
22.7
22.8
22.8
23.0
22.8
22.7
22.6
22.7
23.0
22.8
22.7
22.5
22.7
22.9
22.5
22.6
22.7
22.5
22.9
22.9
22.8
22.8
23.0
22.8
22.8
22.9
23.3
22.9
9.5
