======================
   8      48 sdd 7831 0 62576 1305308 2321569 9468372 1460868008 684468174 0 5536993 685759461
started
======================
   8      48 sdd 7836 0 62616 1305309 2321584 9468388 1460868256 684468178 0 5536995 685759466
======================
   8      48 sdd 7844 0 62680 1306164 2323573 9468402 1462121632 684903098 40 5540556 686203465
======================
   8      48 sdd 7849 0 62720 1307099 2325673 9468415 1463439176 685545368 139 5545560 686845410
======================
   8      48 sdd 7855 0 62768 1308593 2327759 9468428 1464751688 686154565 137 5550563 687456618
======================
   8      48 sdd 7860 0 62808 1310004 2329850 9468441 1466068848 686772666 147 5555567 688086847
======================
   8      48 sdd 7865 0 62848 1311267 2331938 9468445 1467382896 687380909 134 5560570 688699365
======================
   8      48 sdd 7871 0 62896 1312618 2334027 9468458 1468697584 687975786 150 5565575 689297259
======================
   8      48 sdd 7876 0 62936 1313947 2336118 9468471 1470013296 688571543 152 5570577 689896210
======================
   8      48 sdd 7881 0 62976 1315065 2338207 9468484 1471327984 689189325 150 5575580 690514603
======================
   8      48 sdd 7887 0 63024 1316491 2340296 9468497 1472642544 689780938 130 5580584 691107309
======================
   8      48 sdd 7892 0 63064 1317581 2342388 9468510 1473958648 690419602 153 5585588 691747640
======================
   8      48 sdd 7897 0 63104 1318971 2344476 9468523 1475272440 691031975 143 5590590 692361570
======================
   8      48 sdd 7903 0 63152 1320310 2346568 9468536 1476589048 691642494 141 5595598 692973302
======================
   8      48 sdd 7908 0 63192 1321480 2348660 9468549 1477904392 692261920 129 5600601 693593167
======================
   8      48 sdd 7913 0 63232 1322869 2350749 9468562 1479219080 692859604 147 5605605 694192902
======================
   8      48 sdd 7919 0 63280 1324174 2352838 9468575 1480533512 693466012 150 5610610 694800470
======================
   8      48 sdd 7924 0 63320 1325213 2354937 9468587 1481853960 694102863 150 5615629 695438308
======================
   8      48 sdd 7929 0 63360 1326386 2357025 9468600 1483168008 694716111 132 5620633 696052680
======================
   8      48 sdd 7935 0 63408 1327888 2359113 9468613 1484481800 695301178 138 5625637 696639474
======================
   8      48 sdd 7940 0 63448 1328987 2361203 9468625 1485796488 695923893 148 5630649 697263176
======================
   8      48 sdd 7945 0 63488 1329920 2363291 9468638 1487110536 696555424 136 5635652 697895638
======================
   8      48 sdd 7951 0 63536 1331092 2365379 9468651 1488424584 697156507 138 5640653 698497602
======================
   8      48 sdd 7956 0 63576 1331994 2367470 9468663 1489739656 697792592 131 5645658 699134430
======================
   8      48 sdd 7961 0 63616 1333153 2369557 9468677 1491053072 698436952 127 5650661 699779839
======================
   8      48 sdd 7968 0 63672 1334494 2371644 9468690 1492366480 699061530 152 5655664 700404494
======================
   8      48 sdd 7972 0 63704 1335460 2373735 9468703 1493681184 699690768 91 5660667 701033052
======================
   8      48 sdd 7977 0 63744 1336780 2375823 9468716 1494995232 700295637 86 5665672 701638433
======================
   8      48 sdd 7984 0 63800 1338442 2377910 9468729 1496308640 700872125 134 5670675 702218936
======================
   8      48 sdd 7988 0 63832 1339505 2380006 9468741 1497626912 701492382 70 5675687 702835564
======================
   8      48 sdd 7993 0 63872 1340765 2382093 9468754 1498940320 702100188 66 5680690 703443963
======================
   8      48 sdd 8000 0 63928 1342023 2384181 9468767 1500254368 702711714 149 5685692 704062046
======================
   8      48 sdd 8004 0 63960 1343029 2386273 9468779 1501570080 703332462 53 5690694 704675817
======================
   8      48 sdd 8009 0 64000 1343896 2388361 9468792 1502884128 703967549 48 5695697 705310761
======================
   8      48 sdd 8016 0 64056 1345424 2390450 9468805 1504198816 704552577 129 5700702 705906193
======================
   8      48 sdd 8020 0 64088 1346267 2392541 9468819 1505514032 705191512 35 5705705 706533876
======================
   8      48 sdd 8025 0 64128 1347358 2394630 9468832 1506828848 705810963 29 5710708 707152778
======================
   8      48 sdd 8030 0 64168 1348761 2396722 9468845 1508145200 706429637 156 5715719 707765490
======================
   8      48 sdd 8035 0 64208 1350076 2398815 9468858 1509461184 707046040 145 5720722 708386850
======================
   8      48 sdd 8040 0 64248 1350977 2400901 9468871 1510773952 707667521 155 5725725 709029303
======================
   8      48 sdd 8046 0 64296 1352470 2402999 9468884 1512094144 708253236 146 5730739 709615636
======================
   8      48 sdd 8051 0 64336 1353575 2405087 9468896 1513407552 708882184 144 5735742 710236058
======================
   8      48 sdd 8056 0 64376 1354853 2407176 9468909 1514722240 709499040 143 5740746 710853525
======================
   8      48 sdd 8062 0 64424 1356000 2409236 9468922 1516018624 710108928 129 5745752 711474443
======================
   8      48 sdd 8067 0 64464 1357118 2411333 9468934 1517337536 710745597 156 5750755 712098925
======================
   8      48 sdd 8072 0 64504 1358439 2413428 9468947 1518656064 711336992 158 5755758 712705831
======================
   8      48 sdd 8078 0 64552 1359892 2415515 9468960 1519969472 711926431 134 5760762 713296460
======================
   8      48 sdd 8083 0 64592 1360998 2417607 9468972 1521285184 712547199 140 5765764 713914710
======================
   8      48 sdd 8088 0 64632 1362314 2419694 9468985 1522598592 713154077 153 5770768 714524092
======================
   8      48 sdd 8094 0 64680 1363443 2421784 9468998 1523913920 713764200 155 5775774 715137521
======================
   8      48 sdd 8099 0 64720 1364547 2423878 9469011 1525230928 714376887 130 5780779 715748453
======================
   8      48 sdd 8104 0 64760 1365431 2425969 9469024 1526546256 715008528 157 5785790 716383937
======================
   8      48 sdd 8110 0 64808 1366601 2428057 9469037 1527860304 715612218 131 5790793 716988489
======================
   8      48 sdd 8115 0 64848 1367847 2430149 9469050 1529176280 716250334 154 5795796 717627870
======================
   8      48 sdd 8120 0 64888 1369180 2432234 9469063 1530488408 716874293 147 5800801 718253784
======================
   8      48 sdd 8126 0 64936 1370542 2434322 9469076 1531802200 717470611 148 5805804 718850908
======================
   8      48 sdd 8131 0 64976 1371792 2436414 9469088 1533118168 718087383 132 5810808 719468395
======================
   8      48 sdd 8136 0 65016 1373112 2438500 9469101 1534430936 718698834 129 5815818 720081804
======================
   8      48 sdd 8142 0 65064 1374361 2440588 9469114 1535744984 719304330 129 5820821 720688094
======================
   8      48 sdd 8147 0 65104 1375756 2442679 9469126 1537060312 719902774 137 5825824 721288384
======================
   8      48 sdd 8152 0 65144 1377395 2444767 9469139 1538374104 720477432 134 5830827 721864557
======================
   8      48 sdd 8158 0 65192 1378595 2446856 9469152 1539688792 721085812 140 5835830 722474149
======================
   8      48 sdd 8163 0 65232 1379929 2448949 9469165 1541004776 721693782 132 5840833 723083338
======================
   8      48 sdd 8168 0 65272 1381205 2451038 9469178 1542319464 722303460 158 5845841 723694000
======================
   8      48 sdd 8174 0 65320 1382228 2453126 9469191 1543633256 722916014 137 5850843 724307783
======================
   8      48 sdd 8179 0 65360 1383581 2455218 9469203 1544949224 723509327 133 5855846 724902279
======================
   8      48 sdd 8184 0 65400 1384607 2457305 9469217 1546262640 724150979 140 5860850 725545408
======================
   8      48 sdd 8190 0 65448 1385860 2459394 9469230 1547577200 724782861 130 5865853 726177889
======================
   8      48 sdd 8195 0 65488 1387120 2461485 9469243 1548893040 725398433 151 5870857 726795171
======================
   8      48 sdd 8200 0 65528 1388526 2463570 9469257 1550205776 725999111 136 5875860 727397462
======================
   8      48 sdd 8206 0 65576 1389923 2465659 9469270 1551519232 726594974 130 5880862 727994039
======================
   8      48 sdd 8211 0 65616 1391258 2467749 9469283 1552834560 727198838 129 5885864 728599415
======================
   8      48 sdd 8216 0 65656 1392600 2469836 9469296 1554147968 727808968 136 5890868 729210618
======================
   8      48 sdd 8222 0 65704 1393773 2471923 9469310 1555460752 728416694 134 5895870 729819784
======================
   8      48 sdd 8227 0 65744 1395137 2474014 9469323 1556776464 729011934 126 5900873 730416166
======================
   8      48 sdd 8232 0 65784 1396432 2476103 9469336 1558091152 729604180 120 5905876 731009199
======================
   8      48 sdd 8238 0 65832 1397608 2478192 9469349 1559405840 730213001 114 5910878 731618962
======================
   8      48 sdd 8243 0 65872 1398648 2480282 9469362 1560721808 730833437 107 5915880 732239779
======================
   8      48 sdd 8248 0 65912 1399765 2482371 9469375 1562035600 731449899 101 5920883 732856639
======================
   8      48 sdd 8254 0 65960 1401159 2484460 9469389 1563349664 732045461 96 5925886 733453362
======================
   8      48 sdd 8259 0 66000 1402422 2486551 9469402 1564665632 732672640 88 5930889 734080914
======================
   8      48 sdd 8265 0 66048 1403701 2488636 9469411 1565978360 733283543 155 5935892 734693672
======================
   8      48 sdd 8270 0 66088 1404834 2490718 9469424 1567289208 733894021 86 5940895 735304587
======================
   8      48 sdd 8275 0 66128 1406072 2492810 9469436 1568604280 734503416 78 5945897 735913541
======================
   8      48 sdd 8280 0 66168 1407258 2494893 9469449 1569915128 735118786 78 5950900 736528843
======================
   8      48 sdd 8286 0 66216 1408675 2496981 9469463 1571229184 735722094 73 5955903 737130142
======================
   8      48 sdd 8291 0 66256 1409973 2499075 9469475 1572545800 736343288 64 5960907 737747928
======================
   8      48 sdd 8296 0 66296 1411307 2501157 9469488 1573856008 736949707 65 5965910 738356234
======================
   8      48 sdd 8302 0 66344 1412454 2503243 9469501 1575168776 737571536 62 5970912 738974842
======================
   8      48 sdd 8307 0 66384 1413752 2505335 9469513 1576484744 738174702 54 5975915 739576252
======================
   8      48 sdd 8312 0 66424 1414975 2507420 9469526 1577796616 738787567 52 5980917 740187436
======================
   8      48 sdd 8318 0 66472 1415925 2509508 9469539 1579111856 739412842 46 5985918 740826946
======================
   8      48 sdd 8323 0 66512 1417262 2511599 9469543 1580427192 740045027 38 5990921 741458556
======================
   8      48 sdd 8329 0 66560 1418788 2513686 9469556 1581740600 740653455 148 5995925 742080754
======================
   8      48 sdd 8334 0 66600 1419717 2515750 9469569 1583039288 741280559 53 6000928 742699579
======================
   8      48 sdd 8339 0 66640 1420885 2517846 9469581 1584357816 741897883 41 6005931 743315469
======================
   8      48 sdd 8345 0 66688 1422528 2519947 9469594 1585679928 742482916 131 6010934 743913439
