497.835
1254.203
1618.027
968.909
1756.388
568.740
1635.787
999.490
1384.569
1193.286
1594.364
816.907
1852.482
733.142
1418.481
1028.686
1541.263
933.832
1522.396
1190.874
1319.870
1071.172
1354.068
1129.597
1354.966
1095.807
1342.401
968.005
1611.159
931.980
1277.008
1062.486
1099.687
1332.483
1698.424
293.352
1407.468
1329.186
1415.263
587.429
1827.948
728.008
1722.482
1205.293
718.989
1333.381
1441.039
696.806
1413.508
1320.479
1491.682
735.387
1315.577
1527.478
966.173
1224.362
645.935
1681.575
1284.591
804.791
1784.865
702.221
1742.887
1427.580
1801.380
420.550
1310.617
1323.638
857.200
1176.873
1823.717
729.302
1384.975
1547.202
