14313.556
0.000
6600.359
269.363
313.656
620.917
914.578
885.886
902.278
901.306
852.194
971.597
917.191
916.998
921.515
921.707
918.894
922.918
914.702
915.883
931.014
889.302
977.374
949.169
947.977
943.770
949.585
951.214
957.634
952.126
969.922
983.196
948.092
1035.782
1001.586
984.112
965.287
931.594
979.013
949.596
957.276
960.611
956.495
958.985
917.392
1003.693
944.115
947.642
953.924
959.867
948.053
950.955
933.877
937.377
937.140
939.768
892.445
965.726
941.274
931.113
936.086
870.575
994.700
975.965
981.676
990.173
1009.185
1003.593
992.836
981.573
986.674
960.138
953.569
993.114
960.209
967.908
969.619
974.083
965.667
957.895
947.099
947.071
940.085
933.910
941.260
903.167
985.855
947.808
936.978
936.028
934.689
941.120
935.504
938.298
944.118
954.402
969.500
998.395
1002.193
985.067
1021.909
991.609
988.576
984.896
975.514
975.478
972.090
965.617
926.317
1027.616
976.812
970.317
975.010
959.157
953.493
956.659
947.864
954.232
946.724
936.858
954.936
951.362
933.617
949.021
944.561
947.984
955.559
952.829
944.573
978.795
995.622
1006.499
998.000
1004.894
987.762
970.584
972.038
974.538
936.639
998.836
968.113
982.236
974.901
966.664
963.845
979.219
920.224
671.398
