369.967
403.268
413.660
407.266
405.770
411.969
414.665
413.566
411.171
410.671
412.665
413.472
417.567
416.465
416.971
415.867
419.859
424.265
416.570
423.268
422.966
423.559
426.368
425.652
426.246
424.145
426.849
427.854
435.346
427.857
427.944
425.937
425.127
431.038
427.138
423.336
427.729
422.936
429.737
427.441
427.042
425.640
426.941
433.638
434.636
430.248
433.635
422.838
430.035
427.239
423.447
420.262
426.759
430.266
430.764
424.562
429.957
428.261
425.261
421.072
423.163
429.355
127.637
