28122.893
30628.302
30658.775
30659.969
30650.394
30687.552
30753.609
30733.975
30708.786
30735.861
30741.634
30719.853
30741.225
30737.184
30689.073
30749.281
30727.458
30719.462
30754.636
30730.706
30960.912
31027.685
31069.562
30776.972
30761.547
30757.844
30740.404
30304.094
29922.049
29822.044
30480.988
30772.255
30727.732
30738.551
30771.598
30740.556
30759.471
30748.046
30738.505
30759.558
30749.924
31025.173
31064.351
31066.943
31010.739
30779.973
30733.950
30764.020
30730.067
30721.583
30745.194
20781.174
