7.8
9.6
8.8
8.1
6.9
6.4
6.0
5.2
4.6
4.4
4.0
3.5
3.4
3.3
2.9
2.8
2.8
2.5
2.4
2.5
2.3
2.1
2.2
2.1
1.9
2.1
2.0
1.8
1.9
1.8
1.7
1.8
1.8
1.7
2.0
2.1
2.1
2.4
2.7
2.7
3.4
3.1
2.9
3.1
2.8
2.7
3.0
2.9
2.7
3.1
3.0
2.9
3.0
3.0
2.9
3.1
3.0
2.9
3.0
2.9
2.7
2.7
2.7
2.4
2.4
2.5
2.2
2.2
2.3
2.1
2.1
2.1
2.0
2.0
2.1
2.0
2.0
2.1
2.1
2.0
2.2
2.1
2.0
2.2
2.1
2.1
2.2
2.2
2.1
2.3
2.2
2.1
2.3
2.2
2.2
2.3
2.2
2.2
2.3
2.2
2.1
2.3
2.2
2.1
2.3
2.2
2.1
2.3
2.2
2.1
2.2
2.2
2.0
2.2
2.1
2.0
2.1
2.1
2.0
2.2
2.1
1.9
2.1
2.1
1.9
2.1
2.1
1.9
2.1
2.0
1.9
2.1
2.1
1.9
2.1
2.1
1.9
2.1
2.1
2.0
2.1
2.2
2.1
2.1
2.2
2.1
2.1
2.2
2.1
2.1
2.3
2.2
2.2
2.3
2.2
2.2
2.2
2.1
2.1
2.2
2.1
2.1
2.2
2.1
2.1
2.2
2.1
2.0
2.1
2.1
2.0
2.1
2.1
2.0
2.1
2.1
2.0
2.1
2.1
2.0
2.1
2.1
2.0
2.1
2.1
2.0
2.1
2.1
2.0
2.2
2.2
2.0
2.2
2.2
2.0
2.3
2.2
2.0
2.2
2.2
2.0
2.2
2.1
2.0
2.2
2.2
2.0
2.2
2.2
2.0
2.2
2.2
2.0
2.2
2.2
2.0
2.2
2.1
2.0
2.2
2.1
2.0
2.2
2.2
2.0
2.2
2.1
2.0
2.1
2.1
2.1
2.1
2.2
2.1
2.0
2.2
2.1
2.0
2.1
2.1
2.0
2.2
2.1
2.1
2.2
2.1
2.1
2.2
2.1
2.0
2.2
2.1
2.0
2.2
2.1
2.0
2.2
2.1
2.0
2.2
2.1
2.1
2.1
2.1
2.0
2.1
2.1
2.0
2.2
2.2
2.0
2.1
2.1
2.0
2.1
2.1
1.9
2.1
2.1
1.9
2.1
2.1
2.0
2.1
2.1
1.9
2.1
2.1
2.0
2.2
2.1
2.0
2.1
2.1
1.9
2.1
2.1
1.9
2.1
2.1
1.9
2.2
2.2
2.0
2.2
2.2
1.9
2.2
2.2
2.0
2.1
2.1
2.1
2.1
2.2
2.1
2.1
2.2
2.2
2.2
2.2
2.1
2.1
2.2
2.1
2.1
2.2
2.1
2.1
2.2
2.1
2.1
2.1
2.1
2.0
2.1
2.1
2.0
2.2
2.1
2.1
2.2
2.2
2.1
2.2
2.2
2.1
2.2
2.2
2.1
2.3
2.2
2.1
2.3
2.3
2.2
2.3
2.3
2.2
2.4
2.3
2.3
2.5
2.4
2.3
2.5
2.5
2.4
2.6
2.7
2.6
2.7
2.6
2.5
2.8
2.7
2.7
2.9
2.8
2.8
3.0
2.8
2.8
3.1
2.9
3.0
3.2
2.9
3.0
3.3
3.0
3.0
3.3
3.1
3.0
3.4
3.1
3.2
3.5
3.3
3.2
3.6
3.3
3.3
3.6
3.4
3.4
3.8
3.5
3.5
3.9
3.6
3.6
4.1
3.6
3.7
4.1
3.8
3.9
4.1
3.9
4.0
4.2
3.9
4.1
4.3
4.1
4.2
4.2
4.1
4.1
4.3
4.1
4.1
4.2
4.2
4.4
4.5
4.3
4.4
4.6
4.5
4.5
4.6
4.5
4.4
4.9
4.7
4.4
4.8
4.3
4.4
4.7
4.7
4.6
4.9
4.7
4.6
4.9
4.7
4.7
5.2
4.9
4.8
5.1
5.0
4.9
5.2
5.2
5.0
5.2
5.2
4.9
5.0
5.2
5.0
5.1
5.0
5.0
5.3
5.0
5.1
5.0
5.2
4.9
5.2
5.3
5.0
5.0
5.3
5.1
5.0
5.2
5.2
5.1
5.5
5.2
5.1
5.4
5.0
5.1
5.4
5.3
5.2
5.5
5.4
5.2
5.5
5.2
5.1
5.6
5.3
5.2
5.7
5.3
5.0
5.6
5.4
5.5
5.9
5.5
5.4
5.8
5.3
5.2
5.6
5.3
5.5
5.8
5.3
5.4
5.7
5.2
5.6
6.0
5.5
5.6
5.7
5.3
5.5
6.1
5.7
5.5
5.7
5.2
5.4
5.9
5.3
5.6
6.0
5.3
5.6
6.0
5.5
5.8
5.9
5.4
6.0
6.2
5.5
5.7
5.9
5.5
5.7
5.9
5.6
5.7
5.8
5.5
5.7
5.7
5.7
5.8
6.1
5.7
5.7
5.8
5.8
5.7
5.9
6.0
6.0
5.9
5.9
5.8
5.6
5.8
6.0
6.0
5.5
5.3
5.1
5.2
5.3
5.5
5.8
5.2
4.9
4.9
4.9
4.6
5.0
4.9
5.1
5.4
5.2
5.0
5.3
5.0
4.9
5.5
5.2
5.3
5.3
4.6
4.8
5.2
5.0
4.9
5.4
5.2
5.0
5.5
5.2
5.1
5.5
5.3
5.2
5.9
5.5
5.5
5.7
4.8
4.5
5.3
5.0
4.8
5.1
4.6
4.5
5.0
4.6
5.1
5.6
5.3
5.1
5.3
4.8
5.2
6.0
5.8
5.7
5.8
5.2
4.8
5.5
4.9
5.1
5.3
4.9
5.0
5.3
4.7
5.1
5.2
4.9
4.9
5.3
4.4
