======================
   8      16 sdb 403665 61 8843762 2504536 3863644 5069221 132432416 68993475 33 2191400 71498797
======================
   8      16 sdb 403783 61 8844706 2506181 3871836 5069221 132694560 69023311 1 2192155 71529515
======================
   8      16 sdb 403793 61 8844786 2507143 3904402 5072271 133760088 69395139 139 2195641 71903993
======================
   8      16 sdb 403804 61 8844874 2508413 3942201 5078616 135018160 70044257 154 2200643 72553260
======================
   8      16 sdb 403814 61 8844954 2509438 3980870 5085868 136311280 70685947 145 2205646 73196061
======================
   8      16 sdb 403823 61 8845026 2510402 4018701 5093506 137580552 71329397 155 2210649 73841504
======================
   8      16 sdb 403833 61 8845106 2511571 4056769 5101354 138858920 71954316 134 2215653 74466557
======================
   8      16 sdb 403841 61 8845170 2512540 4093305 5109396 140089864 72591957 1 2220655 75104510
======================
   8      16 sdb 403852 61 8845258 2513597 4131518 5117588 141375576 73220579 145 2225657 75735235
======================
   8      16 sdb 403861 61 8845330 2514915 4169627 5125817 142658232 73825676 147 2230661 76342633
======================
   8      16 sdb 403870 61 8845402 2516093 4206840 5134301 143914208 74468839 152 2235663 76985934
======================
   8      16 sdb 403881 61 8845490 2517299 4244638 5143006 145190648 75094607 133 2240667 77613815
======================
   8      16 sdb 403889 61 8845554 2518244 4282197 5152010 146461712 75737641 92 2245670 78256548
======================
   8      16 sdb 403899 61 8845634 2519248 4319524 5161121 147726112 76394694 132 2250672 78914892
======================
   8      16 sdb 403907 61 8845698 2520403 4356264 5170512 148973920 77010228 1 2255676 79530665
======================
   8      16 sdb 403918 61 8845786 2521633 4393412 5180025 150235736 77634773 135 2260679 80157396
======================
   8      16 sdb 403926 61 8845850 2522702 4430249 5189723 151488960 78264719 1 2265681 80787464
======================
   8      16 sdb 403935 61 8845922 2523859 4467925 5199608 152770528 78881461 144 2270685 81406451
======================
   8      16 sdb 403945 61 8846002 2524772 4504245 5209574 154009208 79531760 1 2275688 82056621
======================
   8      16 sdb 403954 61 8846074 2525690 4541542 5219717 155280592 80184677 138 2280689 82711506
======================
   8      16 sdb 403963 61 8846146 2526435 4578248 5230069 156534664 80846819 1 2285692 83373309
======================
   8      16 sdb 403973 61 8846226 2527526 4615337 5240359 157800496 81428716 151 2290694 83957469
======================
   8      16 sdb 403982 61 8846298 2528433 4652151 5250474 159055936 82086988 112 2295686 84617386
======================
   8      16 sdb 403991 61 8846370 2529415 4686170 5276669 160288896 82695551 151 2300675 85232240
======================
   8      16 sdb 403998 61 8846426 2530365 4713554 5284907 161268000 83291135 145 2305669 85822786
======================
   8      16 sdb 404005 61 8846482 2531091 4743570 5298566 162303320 83905965 157 2310666 86443190
======================
   8      16 sdb 404013 61 8846546 2532241 4777862 5306638 163462720 84504022 1 2315660 87036229
======================
   8      16 sdb 404020 61 8846602 2533903 4805520 5319688 164419032 85062861 137 2320658 87596953
======================
   8      16 sdb 404027 61 8846658 2534677 4837006 5340206 165555064 85622602 147 2325645 88196936
======================
   8      16 sdb 404036 61 8846730 2535699 4868522 5348288 166627272 86289879 143 2330639 88826613
======================
   8      16 sdb 404042 61 8846778 2536807 4895350 5368364 167615176 86834105 159 2335625 89371789
======================
   8      16 sdb 404048 61 8846826 2537481 4922526 5380108 168550128 87457760 1 2340620 89995209
======================
   8      16 sdb 404057 61 8846898 2538623 4957222 5396340 169778344 88050915 158 2345606 90591514
======================
   8      16 sdb 404064 61 8846954 2539539 4984949 5415927 170801576 88637069 98 2350596 91177321
======================
   8      16 sdb 404071 61 8847010 2541266 5013726 5427408 171786280 89224427 139 2355590 91766666
======================
   8      16 sdb 404078 61 8847066 2542523 5042384 5446866 172828520 89782808 157 2360576 92326047
======================
   8      16 sdb 404083 61 8847106 2543225 5078839 5464622 174130048 90279978 0 2364991 92823006
started
======================
   8      16 sdb 410047 61 8897428 2569889 5079241 5468637 174166760 90280633 1 2367317 92850324
======================
   8      16 sdb 421997 61 8999628 2621448 5080069 5471001 174195680 90280747 1 2372169 92902027
======================
   8      16 sdb 433836 61 9101660 2676183 5080984 5473644 174228048 90280858 12 2376954 92956890
======================
   8      16 sdb 444360 61 9194444 2723110 5082052 5476711 174265368 90280995 32 2381696 93003993
======================
   8      16 sdb 453852 61 9279812 2766867 5083240 5480081 174306368 90281150 1 2386416 93047806
======================
   8      16 sdb 461287 61 9350404 2802735 5084629 5484015 174354216 90281318 0 2391009 93083834
======================
   8      16 sdb 468002 61 9415788 2833965 5086340 5488171 174407264 90281514 1 2395575 93115271
======================
   8      16 sdb 469464 61 9430988 2849744 5091457 5490198 174466096 90577920 1 2400436 93427535
======================
   8      16 sdb 474546 61 9483596 2873883 5092966 5494487 174517848 90578102 1 2404991 93451752
======================
   8      16 sdb 478498 61 9528676 2893349 5094646 5499271 174576400 90578289 1 2409434 93471468
======================
   8      16 sdb 481527 61 9566756 2909527 5096375 5504230 174637016 90578481 0 2413817 93487767
======================
   8      16 sdb 484309 61 9604492 2924558 5098316 5509791 174704832 90578711 1 2418121 93503029
======================
   8      16 sdb 486324 61 9634700 2937212 5101648 5514797 174778728 90579149 1 2422438 93516119
======================
   8      16 sdb 487683 61 9658748 2949151 5104854 5519495 174848840 90579623 1 2426758 93528540
======================
   8      16 sdb 488395 61 9672748 2953964 5111159 5523403 174934568 90775910 138 2431335 93758916
======================
   8      16 sdb 489072 61 9686756 2960379 5112479 5526403 174973480 90875965 1 2435872 93836159
======================
   8      16 sdb 490279 61 9713548 2966135 5114621 5532531 175048056 90876198 1 2439900 93842077
======================
   8      16 sdb 491178 61 9737156 2970586 5116677 5538440 175120544 90876440 1 2443926 93846768
======================
   8      16 sdb 491959 61 9759340 2975001 5119018 5544121 175192816 90876785 1 2447949 93851533
======================
   8      16 sdb 492702 61 9780740 2978970 5122730 5549586 175273384 90877217 0 2451935 93855918
======================
   8      16 sdb 493234 61 9797356 2982826 5125719 5554014 175338792 90877627 1 2456098 93860184
======================
   8      16 sdb 493342 61 9800764 2986330 5130655 5555881 175394456 91191678 1 2460926 94177735
======================
   8      16 sdb 494129 61 9823116 2990385 5132662 5561627 175464464 91191928 0 2464840 94182035
======================
   8      16 sdb 494850 61 9845036 2994132 5134678 5567411 175535024 91192184 0 2468729 94186036
======================
   8      16 sdb 495563 61 9867564 2997596 5136787 5573426 175608760 91192469 1 2472478 94189785
======================
   8      16 sdb 496211 61 9888180 3001114 5140027 5578931 175686472 91192852 1 2476302 94193684
======================
   8      16 sdb 496743 61 9905084 3004821 5143135 5583457 175753960 91193202 0 2480277 94197740
======================
   8      16 sdb 496962 61 9912092 3008340 5148926 5586360 175826352 91458629 1 2484845 94467071
======================
   8      16 sdb 497491 61 9928972 3012517 5150492 5590858 175881424 91458817 1 2488835 94471061
======================
   8      16 sdb 498137 61 9949572 3016018 5152424 5596394 175948544 91459058 1 2492575 94474801
======================
   8      16 sdb 498803 61 9970692 3019415 5154404 5602054 176017824 91459321 1 2496239 94478465
======================
   8      16 sdb 499470 61 9991964 3022679 5156989 5607783 176092576 91459686 1 2499811 94482075
======================
   8      16 sdb 500026 61 10009732 3026144 5160252 5612537 176163440 91460064 1 2503561 94485915
======================
   8      16 sdb 500397 61 10021580 3029453 5166567 5616698 176251792 91628134 147 2507712 94667615
======================
   8      16 sdb 500686 61 10030804 3032771 5167783 5619191 176285200 91735872 1 2512040 94768366
======================
   8      16 sdb 501312 61 10050788 3036126 5169652 5624521 176350320 91736101 0 2515596 94771922
======================
   8      16 sdb 501922 61 10070260 3039443 5171476 5629698 176413544 91736313 0 2519123 94775449
======================
   8      16 sdb 502502 61 10088820 3042813 5173214 5634666 176474056 91736499 1 2522681 94779007
======================
   8      16 sdb 503080 61 10107292 3046013 5176018 5639629 176543064 91736846 1 2526170 94782556
======================
   8      16 sdb 503601 61 10123964 3049302 5179081 5644115 176609840 91737216 1 2529720 94786217
======================
   8      16 sdb 503673 61 10126268 3053761 5183919 5645749 176662472 92021348 1 2534505 95074795
======================
   8      16 sdb 504280 61 10145692 3056911 5185731 5650924 176725896 92021574 1 2537878 95078168
======================
   8      16 sdb 504863 61 10164348 3060064 5187477 5655884 176786640 92021782 1 2541233 95081523
======================
   8      16 sdb 505420 61 10182124 3063303 5189146 5660651 176844824 92021990 1 2544681 95084971
======================
   8      16 sdb 506019 61 10201292 3066342 5191162 5665802 176908920 92022245 0 2547957 95088260
======================
   8      16 sdb 506543 61 10218060 3069514 5194239 5670311 176975896 92022645 1 2551422 95091848
======================
   8      16 sdb 506770 61 10225324 3072256 5200088 5673200 177048608 92329187 1 2555763 95401358
======================
   8      16 sdb 507256 61 10240876 3075923 5201543 5677375 177099640 92329361 0 2559352 95404947
======================
   8      16 sdb 507889 61 10261132 3078812 5203451 5682843 177166040 92329602 1 2562483 95408078
======================
   8      16 sdb 508532 61 10281708 3081637 5205372 5688357 177232896 92329852 1 2565555 95411151
======================
   8      16 sdb 509147 61 10301388 3084482 5207480 5693624 177299040 92330091 1 2568624 95414229
======================
   8      16 sdb 509494 61 10312492 3088129 5209514 5696623 177343328 92330397 0 2572505 95418181
======================
   8      16 sdb 509922 61 10326188 3091030 5215795 5701183 177434848 92421224 141 2576108 95520649
======================
   8      16 sdb 510154 61 10333612 3095054 5217266 5703224 177465960 92629378 0 2580348 95724084
======================
   8      16 sdb 510709 61 10351372 3098024 5218946 5708060 177524576 92629590 0 2583527 95727263
======================
   8      16 sdb 511258 61 10368940 3101041 5220590 5712744 177581624 92629787 0 2586736 95730472
======================
   8      16 sdb 511791 61 10385996 3104039 5222187 5717351 177637280 92629993 1 2589943 95733679
======================
   8      16 sdb 512332 61 10403284 3106915 5224138 5721988 177696192 92630256 1 2593062 95736808
======================
   8      16 sdb 512845 61 10419700 3109736 5227174 5726418 177762072 92630711 0 2596190 95740080
======================
   8      16 sdb 513298 61 10434196 3112732 5229793 5730255 177819232 92631096 0 2599481 95743457
======================
   8      16 sdb 513410 61 10437780 3116970 5234891 5732206 177877008 92867901 0 2604049 95984499
======================
   8      16 sdb 513959 61 10455348 3119671 5236541 5736874 177933776 92868097 0 2606946 95987396
======================
   8      16 sdb 514482 61 10472084 3122383 5238116 5741286 177987904 92868279 1 2609839 95990289
======================
   8      16 sdb 515013 61 10489076 3124998 5239704 5745820 178043032 92868482 1 2612654 95993104
======================
   8      16 sdb 515519 61 10505268 3127643 5241214 5750134 178095856 92868668 0 2615483 95995933
======================
   8      16 sdb 516008 61 10520916 3130149 5243548 5754343 178154320 92868965 1 2618237 95998734
======================
   8      16 sdb 516257 61 10528884 3132902 5249432 5757468 178229136 93183163 1 2622065 96316584
======================
   8      16 sdb 516610 61 10540180 3136930 5250502 5760532 178266776 93183292 1 2625320 96319839
======================
   8      16 sdb 517078 61 10555132 3139437 5251891 5764510 178315744 93183465 0 2627995 96322514
======================
   8      16 sdb 517533 61 10569692 3141892 5253262 5768452 178363496 93183613 0 2630595 96325114
======================
   8      16 sdb 517994 61 10584444 3144192 5254643 5772386 178411240 93183816 1 2633102 96327621
======================
   8      16 sdb 518475 61 10599836 3146306 5256089 5776549 178461880 93183968 0 2635362 96329881
======================
   8      16 sdb 518878 61 10612732 3148700 5261107 5780765 178540136 93216750 148 2638036 96369116
======================
   8      16 sdb 519027 61 10617500 3152183 5263172 5782266 178570440 93481581 0 2642127 96633364
======================
   8      16 sdb 519456 61 10631228 3154399 5264462 5785959 178615760 93481741 1 2644501 96635738
======================
   8      16 sdb 519885 61 10644956 3156557 5265749 5789649 178660352 93481911 1 2646843 96638080
======================
   8      16 sdb 520307 61 10658436 3158707 5267015 5793264 178704016 93482050 1 2649115 96640352
======================
   8      16 sdb 520728 61 10671908 3160800 5268279 5796897 178748464 93482207 1 2651367 96642604
======================
   8      16 sdb 521155 61 10685572 3162788 5269551 5800525 178792720 93482366 0 2653508 96644745
======================
   8      16 sdb 521286 61 10689764 3166599 5274776 5802630 178852824 93712536 1 2657602 96878726
======================
   8      16 sdb 521685 61 10702532 3168690 5275973 5806103 178895000 93712675 0 2659827 96880951
======================
   8      16 sdb 522073 61 10714948 3170817 5277137 5809429 178935720 93712799 1 2662077 96883201
======================
   8      16 sdb 522460 61 10727332 3172870 5278298 5812751 178976232 93712935 1 2664269 96885393
======================
   8      16 sdb 522862 61 10740196 3174810 5279504 5816180 179017976 93713088 0 2666355 96887479
======================
   8      16 sdb 523258 61 10752868 3176691 5280689 5819563 179059096 93713252 0 2668399 96889523
======================
   8      16 sdb 523501 61 10760644 3178336 5285817 5822596 179127528 93887619 1 2671582 97066161
======================
   8      16 sdb 523819 61 10770052 3181830 5286663 5825031 179157280 93887726 0 2674399 97069129
======================
   8      16 sdb 524204 61 10782372 3183696 5287830 5828359 179197416 93887860 0 2676398 97071128
======================
   8      16 sdb 524584 61 10794532 3185541 5288964 5831606 179236920 93887993 1 2678378 97073108
======================
   8      16 sdb 524951 61 10806276 3187435 5290065 5834735 179275352 93888131 0 2680406 97075136
======================
   8      16 sdb 525317 61 10817988 3189318 5291172 5837912 179314016 93888274 0 2682431 97077161
======================
   8      16 sdb 525634 61 10828132 3191209 5296026 5841500 179385424 94008416 130 2684865 97202500
======================
   8      16 sdb 525836 61 10834596 3194067 5296922 5843278 179409144 94046362 0 2688110 97239991
======================
   8      16 sdb 526198 61 10846180 3195912 5298005 5846416 179447128 94046491 1 2690086 97241967
======================
   8      16 sdb 526550 61 10857444 3197783 5299070 5849478 179484304 94046637 0 2692095 97243976
======================
   8      16 sdb 526901 61 10868676 3199588 5300114 5852475 179520968 94046786 0 2694045 97245926
======================
   8      16 sdb 527248 61 10879780 3201395 5301153 5855452 179557216 94046931 0 2695995 97247876
======================
   8      16 sdb 527598 61 10890980 3203124 5302212 5858441 179593840 94047075 1 2697868 97249749
======================
   8      16 sdb 527739 61 10895492 3206562 5306690 5860493 179647704 94188775 0 2701571 97394878
======================
   8      16 sdb 528081 61 10906436 3208260 5307707 5863408 179683160 94188899 1 2703442 97396749
======================
   8      16 sdb 528422 61 10917348 3210056 5308733 5866362 179719248 94189020 1 2705310 97398617
======================
   8      16 sdb 528759 61 10928132 3211813 5309744 5869286 179754752 94189150 0 2707191 97400498
======================
   8      16 sdb 529096 61 10938916 3213532 5310755 5872173 179789968 94189254 0 2709014 97402321
======================
   8      16 sdb 529435 61 10949764 3215208 5311778 5875096 179825616 94189391 1 2710825 97404132
======================
   8      16 sdb 529577 61 10954308 3218246 5316055 5877087 179877376 94321565 0 2714482 97539339
======================
   8      16 sdb 529905 61 10964804 3219913 5317045 5879926 179912032 94321691 0 2716275 97541132
======================
   8      16 sdb 530237 61 10975428 3221537 5318042 5882785 179947192 94321814 0 2718020 97542877
======================
   8      16 sdb 530557 61 10985668 3223258 5318993 5885515 179980664 94321926 0 2719851 97544708
======================
   8      16 sdb 530885 61 10996164 3224865 5319977 5888311 180014776 94322037 1 2721567 97546424
======================
   8      16 sdb 531209 61 11006532 3226472 5320952 5891142 180049192 94322152 1 2723289 97548146
======================
   8      16 sdb 531358 61 11011300 3229245 5325160 5893201 180101216 94452195 0 2726808 97680958
======================
   8      16 sdb 531680 61 11021604 3230843 5326120 5895925 180134320 94452320 1 2728533 97682683
======================
   8      16 sdb 531998 61 11031780 3232446 5327080 5898684 180167800 94452439 0 2730252 97684402
======================
   8      16 sdb 532319 61 11042052 3233966 5328034 5901386 180200728 94452549 0 2731881 97686031
======================
   8      16 sdb 532638 61 11052260 3235525 5328997 5904132 180234176 94452665 0 2733553 97687703
======================
   8      16 sdb 532956 61 11062436 3237024 5329951 5906895 180267416 94452779 0 2735165 97689315
======================
   8      16 sdb 533130 61 11068004 3238256 5334149 5909111 180320736 94592082 1 2738356 97831152
======================
   8      16 sdb 533415 61 11077124 3241394 5335009 5911581 180350816 94592194 0 2740294 97833091
======================
   8      16 sdb 533724 61 11087012 3242952 5335945 5914250 180383712 94592320 0 2741977 97834774
======================
   8      16 sdb 534034 61 11096932 3244459 5336869 5916918 180416176 94592441 0 2743604 97836401
======================
   8      16 sdb 534341 61 11106756 3245953 5337784 5919573 180448448 94592549 0 2745204 97838001
======================
   8      16 sdb 534647 61 11116548 3247429 5338702 5922186 180480392 94592656 0 2746785 97839582
======================
   8      16 sdb 534866 61 11123556 3248865 5342979 5924825 180538440 94727238 1 2749323 97976199
======================
   8      16 sdb 535080 61 11130404 3251895 5343622 5926667 180560912 94727317 0 2751824 97978700
======================
   8      16 sdb 535386 61 11140196 3253321 5344531 5929261 180592480 94727435 1 2753371 97980247
======================
   8      16 sdb 535690 61 11149924 3254769 5345461 5931892 180624776 94727552 0 2754930 97981806
======================
   8      16 sdb 535992 61 11159588 3256206 5346337 5934420 180655512 94727657 0 2756468 97983344
======================
   8      16 sdb 536294 61 11169252 3257584 5347262 5937058 180687488 94727763 0 2757951 97984827
======================
   8      16 sdb 536568 61 11178020 3259127 5350436 5940004 180739440 94790950 140 2759758 98054886
======================
   8      16 sdb 536735 61 11183364 3261799 5352115 5941583 180768080 94858322 0 2762815 98119590
======================
   8      16 sdb 537026 61 11192676 3263194 5352997 5944120 180799048 94858425 1 2764315 98121090
======================
   8      16 sdb 537322 61 11202148 3264570 5353867 5946621 180829464 94858525 0 2765788 98122563
======================
   8      16 sdb 537604 61 11211172 3266035 5354716 5949061 180859320 94858626 0 2767353 98124128
======================
   8      16 sdb 537894 61 11220452 3267394 5355586 5951578 180889904 94858750 0 2768836 98125611
======================
   8      16 sdb 538181 61 11229636 3268773 5356444 5954050 180919992 94858847 0 2770312 98127087
======================
   8      16 sdb 538311 61 11233796 3272005 5360277 5955858 180966664 95010911 0 2773703 98282380
======================
   8      16 sdb 538586 61 11242596 3273493 5361108 5958227 180995672 95011030 1 2775310 98283987
======================
   8      16 sdb 538871 61 11251692 3274846 5361951 5960640 181025120 95011130 0 2776760 98285437
======================
   8      16 sdb 539150 61 11260620 3276168 5362797 5963109 181054944 95011253 0 2778203 98286880
======================
   8      16 sdb 539429 61 11269548 3277595 5363629 5965501 181084008 95011349 0 2779725 98288402
======================
   8      16 sdb 539710 61 11278540 3278928 5364460 5967868 181112696 95011448 1 2781158 98289835
======================
   8      16 sdb 539989 61 11287468 3280271 5365306 5970261 181141848 95011561 0 2782611 98291288
======================
   8      16 sdb 540112 61 11291404 3283131 5369483 5972152 181191936 95145910 0 2785970 98428492
======================
   8      16 sdb 540388 61 11300212 3284542 5370302 5974471 181220344 95146012 0 2787483 98430005
======================
   8      16 sdb 540665 61 11309052 3285869 5371115 5976823 181249080 95146112 0 2788910 98431432
======================
   8      16 sdb 540939 61 11317820 3287236 5371944 5979190 181277936 95146212 0 2790374 98432896
======================
   8      16 sdb 541207 61 11326396 3288629 5372762 5981548 181306568 95146300 0 2791855 98434377
======================
   8      16 sdb 541481 61 11335164 3289921 5373584 5983907 181335536 95146397 0 2793244 98435766
======================
   8      16 sdb 541616 61 11339484 3292833 5377179 5985700 181379968 95290143 1 2796456 98582426
======================
   8      16 sdb 541884 61 11348060 3294204 5377983 5987981 181407848 95290234 0 2797913 98583883
======================
   8      16 sdb 542148 61 11356508 3295587 5378790 5990285 181436000 95290322 0 2799382 98585352
======================
   8      16 sdb 542420 61 11365212 3296855 5379597 5992596 181464216 95290418 0 2800744 98586714
======================
   8      16 sdb 542688 61 11373788 3298122 5380396 5994866 181491960 95290507 1 2802097 98588067
======================
   8      16 sdb 542955 61 11382332 3299397 5381197 5997147 181519824 95290608 0 2803473 98589443
======================
   8      16 sdb 543215 61 11390652 3300695 5381986 5999422 181547360 95290713 0 2804875 98590845
======================
   8      16 sdb 543385 61 11396092 3302086 5386108 6001640 181600256 95425060 1 2807535 98727513
======================
   8      16 sdb 543588 61 11402588 3305150 5386719 6003384 181621472 95425133 1 2809731 98729709
======================
   8      16 sdb 543843 61 11410748 3306480 5387489 6005575 181648544 95425216 0 2811144 98731122
======================
   8      16 sdb 544098 61 11418908 3307805 5388257 6007790 181675472 95425306 1 2812599 98732577
======================
   8      16 sdb 544356 61 11427164 3309163 5389022 6009958 181702016 95425403 0 2814012 98733990
======================
   8      16 sdb 544610 61 11435292 3310453 5389790 6012114 181728232 95425498 1 2815398 98735376
======================
   8      16 sdb 544837 61 11442172 3312388 5393171 6014492 181776792 95541895 160 2817409 98860176
======================
   8      16 sdb 545004 61 11447516 3314865 5394006 6015939 181797104 95565174 0 2820006 98879457
======================
   8      16 sdb 545252 61 11455452 3316164 5394756 6018096 181823384 95565262 0 2821392 98880843
======================
   8      16 sdb 545501 61 11463420 3317508 5395512 6020270 181850168 95565361 0 2822833 98882284
======================
   8      16 sdb 545749 61 11471356 3318863 5396251 6022395 181876240 95565436 1 2824262 98883713
======================
   8      16 sdb 546013 61 11479468 3320204 5397001 6024533 181902352 95565529 0 2825668 98885144
======================
   8      16 sdb 546262 61 11487436 3321533 5397748 6026653 181928264 95565628 0 2827094 98886570
======================
   8      16 sdb 546392 61 11491596 3324132 5401190 6028358 181971096 95714940 0 2830148 99038477
======================
   8      16 sdb 546641 61 11499564 3325438 5401934 6030516 181997320 95715022 0 2831534 99039863
======================
   8      16 sdb 546900 61 11507684 3326765 5402684 6032624 182023208 95715108 0 2832923 99041275
======================
   8      16 sdb 547153 61 11515780 3328079 5403452 6034782 182049720 95715204 1 2834337 99042689
======================
   8      16 sdb 547403 61 11523780 3329430 5404199 6036930 182075896 95715291 0 2835771 99044123
======================
   8      16 sdb 547661 61 11532036 3330715 5404973 6039132 182102872 95715377 0 2837141 99045493
======================
   8      16 sdb 547795 61 11536324 3333369 5408443 6040891 182146288 95859249 0 2840307 99192017
======================
   8      16 sdb 548051 61 11544516 3334670 5409205 6043063 182172880 95859330 1 2841688 99193398
======================
   8      16 sdb 548309 61 11552772 3335938 5409973 6045276 182199600 95859416 0 2843041 99194751
======================
   8      16 sdb 548566 61 11560996 3337248 5410744 6047447 182226128 95859498 0 2844432 99196142
======================
   8      16 sdb 548823 61 11569220 3338611 5411525 6049687 182253344 95859591 0 2845885 99197595
======================
   8      16 sdb 549085 61 11577604 3339973 5412296 6051868 182280104 95859688 0 2847341 99199051
======================
   8      16 sdb 549230 61 11582244 3342543 5415859 6053799 182325944 96004885 0 2850365 99346817
======================
   8      16 sdb 549483 61 11590340 3344002 5416615 6055939 182352048 96004979 1 2851920 99348372
======================
   8      16 sdb 549740 61 11598564 3345361 5417383 6058165 182379152 96005073 0 2853371 99349823
======================
   8      16 sdb 550005 61 11607044 3346704 5418175 6060439 182406664 96005178 1 2854820 99351272
======================
   8      16 sdb 550268 61 11615460 3348015 5418967 6062701 182434232 96005281 1 2856236 99352688
======================
   8      16 sdb 550534 61 11623972 3349286 5419768 6064984 182461976 96005375 0 2857592 99354044
======================
   8      16 sdb 550693 61 11629060 3351057 5423414 6066959 182508736 96147195 1 2860498 99498395
======================
   8      16 sdb 550937 61 11636868 3353487 5424143 6069029 182533936 96147298 1 2862268 99500165
======================
   8      16 sdb 551203 61 11645380 3354879 5424956 6071353 182562528 96147406 0 2863763 99501660
======================
   8      16 sdb 551476 61 11654068 3356242 5425766 6073656 182590704 96147514 0 2865234 99503131
======================
   8      16 sdb 551746 61 11662684 3357646 5426570 6075937 182618600 96147617 0 2866739 99504636
======================
   8      16 sdb 552017 61 11671356 3359077 5427392 6078247 182646720 96147714 0 2868266 99506163
======================
   8      16 sdb 552235 61 11678332 3361142 5431270 6080730 182700288 96290149 1 2870490 99650660
======================
   8      16 sdb 552428 61 11684508 3363596 5431850 6082403 182720640 96290231 0 2873023 99653193
======================
   8      16 sdb 552704 61 11693244 3365017 5432666 6084732 182749064 96290333 1 2874528 99654716
======================
   8      16 sdb 552983 61 11702172 3366372 5433506 6087145 182778488 96290445 0 2875992 99656180
======================
   8      16 sdb 553268 61 11711292 3367694 5434367 6089560 182808064 96290551 0 2877418 99657606
======================
   8      16 sdb 553550 61 11720292 3369031 5435195 6091929 182836792 96290657 0 2878860 99659048
======================
   8      16 sdb 553843 61 11729308 3370417 5437853 6094789 182883920 96299762 137 2880416 99677030
======================
   8      16 sdb 553991 61 11734044 3373292 5439830 6096255 182913608 96438202 0 2883603 99810848
======================
   8      16 sdb 554270 61 11742972 3374730 5440664 6098664 182942776 96438300 0 2885138 99812383
======================
   8      16 sdb 554560 61 11752252 3376124 5441537 6101169 182973424 96438409 1 2886641 99813886
======================
   8      16 sdb 554854 61 11761612 3377496 5442413 6103672 183004080 96438527 0 2888130 99815375
======================
   8      16 sdb 555134 61 11770572 3379033 5443251 6106063 183033160 96438626 0 2889765 99817010
======================
   8      16 sdb 555430 61 11779924 3380448 5444130 6108563 183063856 96438740 1 2891279 99818540
======================
   8      16 sdb 555570 61 11784404 3383254 5447932 6110467 183111208 96578550 1 2894631 99961147
======================
   8      16 sdb 555865 61 11793796 3384629 5448805 6112989 183141952 96578654 0 2896105 99962623
======================
   8      16 sdb 556159 61 11803156 3386039 5449693 6115521 183172840 96578771 1 2897628 99964149
======================
   8      16 sdb 556463 61 11812692 3387523 5450572 6118038 183203360 96578874 0 2899187 99965733
======================
   8      16 sdb 556762 61 11822236 3388936 5451466 6120591 183234528 96578974 0 2900700 99967246
======================
   8      16 sdb 557062 61 11831644 3390448 5452351 6123091 183265160 96579085 0 2902292 99968866
======================
   8      16 sdb 557196 61 11835932 3393275 5456233 6124948 183312552 96724514 0 2905724 100117117
======================
   8      16 sdb 557491 61 11845348 3394719 5457112 6127473 183343416 96724634 1 2907287 100118680
======================
   8      16 sdb 557793 61 11854868 3396263 5458001 6130039 183374680 96724737 0 2908908 100120325
======================
   8      16 sdb 558092 61 11864436 3397682 5458892 6132620 183406256 96724846 0 2910436 100121853
======================
   8      16 sdb 558404 61 11874324 3399157 5459822 6135311 183438824 96724952 1 2912012 100123438
======================
   8      16 sdb 558707 61 11884020 3400673 5460725 6137898 183470376 96725077 0 2913646 100125072
======================
   8      16 sdb 558881 61 11889588 3402217 5464816 6140120 183522944 96869874 1 2916739 100272616
======================
   8      16 sdb 559150 61 11898148 3405362 5465617 6142401 183550888 96869968 1 2918769 100274648
======================
   8      16 sdb 559457 61 11907972 3406857 5466535 6145036 183582888 96870076 1 2920385 100276264
======================
   8      16 sdb 559768 61 11917924 3408382 5467456 6147678 183615128 96870187 0 2922007 100277886
======================
   8      16 sdb 560078 61 11927772 3409931 5468386 6150346 183647800 96870305 0 2923666 100279552
======================
   8      16 sdb 560393 61 11937852 3411428 5469337 6153067 183680960 96870418 0 2925275 100281161
======================
   8      16 sdb 560634 61 11945516 3412852 5473675 6155843 183740728 97014098 1 2927727 100426503
======================
   8      16 sdb 560846 61 11952300 3415742 5474310 6157689 183763296 97014178 0 2930452 100429228
======================
   8      16 sdb 561159 61 11962316 3417321 5475253 6160380 183796016 97014292 0 2932143 100430919
======================
   8      16 sdb 561475 61 11972332 3418887 5476189 6163068 183828768 97014410 0 2933816 100432601
======================
   8      16 sdb 561793 61 11982484 3420463 5477143 6165783 183862192 97014506 0 2935487 100434272
======================
   8      16 sdb 562111 61 11992660 3422039 5478094 6168518 183895544 97014616 1 2937176 100435961
======================
   8      16 sdb 562411 61 12002260 3423758 5481297 6171617 183949488 97060000 152 2939179 100488112
======================
   8      16 sdb 562579 61 12007636 3426646 5483168 6173274 183979744 97156366 1 2942439 100582306
======================
   8      16 sdb 562913 61 12018132 3428332 5484131 6176062 184013688 97156491 0 2944212 100584114
======================
   8      16 sdb 563235 61 12028340 3430075 5485085 6178758 184046904 97156602 0 2946057 100585965
======================
   8      16 sdb 563564 61 12038820 3431727 5486063 6181570 184081096 97156724 1 2947823 100587736
======================
   8      16 sdb 563895 61 12049412 3433357 5487059 6184434 184116064 97156846 0 2949572 100589485
======================
   8      16 sdb 564227 61 12059940 3435017 5488040 6187261 184150320 97156956 0 2951330 100591255
======================
   8      16 sdb 564373 61 12064612 3438281 5492228 6189314 184202080 97286947 0 2954981 100724507
======================
   8      16 sdb 564693 61 12074852 3440067 5493182 6192036 184235200 97287057 1 2956877 100726403
======================
   8      16 sdb 565031 61 12085668 3441714 5494195 6194937 184270656 97287171 1 2958637 100728163
======================
   8      16 sdb 565366 61 12096292 3443418 5495192 6197765 184305144 97287292 0 2960450 100729985
======================
   8      16 sdb 565697 61 12106884 3445065 5496188 6200616 184339976 97287419 1 2962279 100731814
======================
   8      16 sdb 566043 61 12117932 3446740 5497209 6203511 184375456 97287542 1 2964021 100733556
======================
   8      16 sdb 566187 61 12122540 3450089 5501431 6205541 184427184 97432646 0 2967672 100882003
======================
   8      16 sdb 566527 61 12133396 3451795 5502460 6208493 184463120 97432773 0 2969502 100883833
======================
   8      16 sdb 566860 61 12144052 3453549 5503458 6211389 184498184 97432897 0 2971378 100885709
======================
   8      16 sdb 567207 61 12155084 3455259 5504487 6214320 184533840 97433040 1 2973230 100887563
======================
   8      16 sdb 567552 61 12166100 3456991 5505517 6217269 184569720 97433166 0 2975087 100889420
======================
   8      16 sdb 567903 61 12177140 3458743 5506549 6220261 184606200 97433290 1 2976938 100891295
======================
   8      16 sdb 568075 61 12182620 3461516 5510929 6222485 184661208 97557704 1 2980374 101018726
======================
   8      16 sdb 568400 61 12193020 3463750 5511901 6225273 184695000 97557831 0 2982482 101020834
======================
   8      16 sdb 568738 61 12203788 3465586 5512921 6228199 184730584 97557954 1 2984443 101022798
======================
   8      16 sdb 569084 61 12214860 3467336 5513959 6231184 184766656 97558084 1 2986361 101024716
======================
   8      16 sdb 569469 61 12226412 3469219 5515006 6234149 184802968 97558226 0 2988254 101026692
======================
   8      16 sdb 569823 61 12237692 3470900 5516068 6237186 184839984 97558355 1 2990060 101028500
======================
   8      16 sdb 570046 61 12244828 3472336 5520619 6239885 184900560 97688691 1 2993085 101161046
======================
   8      16 sdb 570322 61 12253660 3475585 5521442 6242235 184929064 97688787 0 2995647 101163608
======================
   8      16 sdb 570664 61 12264604 3477365 5522463 6245204 184965120 97688929 0 2997567 101165528
======================
   8      16 sdb 571008 61 12275612 3479170 5523492 6248129 185000440 97689045 0 2999487 101167448
======================
   8      16 sdb 571353 61 12286628 3480857 5524533 6251105 185036864 97689186 1 3001378 101169339
======================
   8      16 sdb 571703 61 12297828 3482665 5525586 6254121 185073600 97689319 0 3003254 101171215
======================
   8      16 sdb 571998 61 12307196 3484380 5530336 6257408 185141432 97815389 70 3005685 101307480
======================
   8      16 sdb 572208 61 12313916 3487569 5531042 6259212 185164160 97826162 1 3008774 101312959
======================
   8      16 sdb 572560 61 12325180 3489285 5532101 6262212 185201024 97826306 0 3010630 101314815
======================
   8      16 sdb 572901 61 12336068 3491106 5533109 6265065 185235816 97826426 1 3012574 101316759
======================
   8      16 sdb 573246 61 12347060 3492870 5534141 6268009 185271696 97826540 0 3014442 101318631
======================
   8      16 sdb 573594 61 12358196 3494577 5535177 6270991 185308128 97826663 0 3016272 101320461
======================
   8      16 sdb 573932 61 12369012 3496288 5538273 6274509 185364984 97838446 137 3018216 101338095
======================
   8      16 sdb 574097 61 12374196 3499391 5540557 6276116 185398464 97952246 1 3021717 101450852
======================
   8      16 sdb 574443 61 12385268 3501119 5541595 6279064 185434440 97952369 0 3023566 101452701
======================
   8      16 sdb 574785 61 12396212 3502829 5542630 6282052 185470808 97952496 0 3025400 101454535
======================
   8      16 sdb 575122 61 12406924 3504621 5543623 6284899 185505488 97952617 1 3027305 101456450
======================
   8      16 sdb 575470 61 12418060 3506283 5544667 6287880 185541896 97952750 0 3029097 101458242
======================
   8      16 sdb 575818 61 12428908 3508058 5545681 6290773 185577160 97952872 0 3030954 101460138
======================
   8      16 sdb 575973 61 12433868 3511368 5550042 6292906 185630888 98081955 0 3034573 101592527
======================
   8      16 sdb 576307 61 12444460 3513166 5551023 6295757 185665312 98082083 0 3036484 101594453
======================
   8      16 sdb 576642 61 12455132 3514901 5552028 6298637 185700352 98082215 1 3038419 101596393
======================
   8      16 sdb 576980 61 12465948 3516682 5553044 6301534 185735792 98082337 1 3040244 101598218
======================
   8      16 sdb 577319 61 12476772 3518388 5554058 6304410 185770728 98082467 0 3042076 101600050
======================
   8      16 sdb 577656 61 12487556 3520079 5555057 6307305 185805800 98082603 1 3043904 101601878
======================
   8      16 sdb 577819 61 12492676 3523028 5559376 6309492 185859744 98214909 0 3047414 101737127
======================
   8      16 sdb 578151 61 12503300 3524754 5560375 6312351 185894504 98215055 0 3049286 101738999
======================
   8      16 sdb 578489 61 12514116 3526496 5561377 6315235 185929824 98215177 1 3051148 101740861
======================
   8      16 sdb 578828 61 12524964 3528200 5562394 6318143 185965256 98215315 0 3052987 101742700
======================
   8      16 sdb 579162 61 12535460 3529987 5563369 6320935 185999432 98215448 0 3054877 101744618
======================
   8      16 sdb 579493 61 12546052 3531760 5564368 6323804 186034256 98215545 0 3056746 101746487
======================
   8      16 sdb 579657 61 12551300 3534665 5568733 6325996 186088840 98348081 1 3060211 101881972
======================
   8      16 sdb 579976 61 12561508 3536596 5569685 6328704 186121832 98348195 0 3062204 101883965
======================
   8      16 sdb 580312 61 12572236 3538278 5570699 6331641 186157568 98348308 0 3063998 101885759
======================
   8      16 sdb 580651 61 12583084 3539973 5571704 6334542 186192776 98348430 1 3065815 101887576
======================
   8      16 sdb 580991 61 12593964 3541659 5572727 6337476 186228248 98348566 0 3067636 101889397
======================
   8      16 sdb 581332 61 12604780 3543365 5573738 6340354 186263584 98348687 0 3069450 101891223
======================
   8      16 sdb 581553 61 12611852 3545240 5578274 6343105 186324616 98478472 1 3072359 102023234
======================
   8      16 sdb 581811 61 12620108 3548061 5579039 6345248 186350552 98478568 0 3074919 102025794
======================
   8      16 sdb 582135 61 12630476 3549798 5580035 6348115 186385320 98478683 0 3076768 102027643
======================
   8      16 sdb 582467 61 12641100 3551548 5581004 6350916 186419328 98478784 0 3078615 102029490
======================
   8      16 sdb 582794 61 12651564 3553248 5581994 6353784 186454336 98478915 1 3080447 102031322
======================
   8      16 sdb 583122 61 12662060 3554973 5582984 6356595 186488664 98479042 1 3082298 102033173
======================
   8      16 sdb 583394 61 12670764 3557124 5587380 6359650 186551632 98605227 155 3084727 102165185
======================
   8      16 sdb 583597 61 12677260 3560182 5588199 6361440 186575104 98616111 0 3087743 102175445
======================
   8      16 sdb 583924 61 12687724 3561933 5589177 6364230 186609056 98616222 1 3089602 102177304
======================
   8      16 sdb 584259 61 12698444 3563546 5590191 6367129 186644304 98616363 1 3091386 102179088
======================
   8      16 sdb 584590 61 12709036 3565281 5591181 6370020 186679368 98616482 1 3093207 102180909
======================
   8      16 sdb 584921 61 12719628 3566985 5592168 6372835 186713656 98616602 0 3095029 102182731
======================
   8      16 sdb 585251 61 12730188 3568680 5593152 6375654 186748088 98616711 1 3096869 102184571
======================
   8      16 sdb 585593 61 12741132 3570284 5594340 6378770 186786768 98617377 138 3098564 102186925
======================
   8      16 sdb 585719 61 12745164 3573615 5598936 6380627 186840000 98785677 0 3102383 102358423
======================
   8      16 sdb 586050 61 12755756 3575308 5599933 6383499 186874888 98785797 0 3104194 102360234
======================
   8      16 sdb 586384 61 12766396 3577005 5600932 6386386 186910144 98785917 0 3106005 102362048
======================
   8      16 sdb 586716 61 12777020 3578672 5601937 6389283 186945208 98786048 0 3107802 102363845
======================
   8      16 sdb 587050 61 12787684 3580372 5602930 6392145 186979936 98786173 0 3109626 102365669
======================
   8      16 sdb 587380 61 12798244 3582096 5603923 6395008 187014568 98786304 1 3111482 102367525
======================
   8      16 sdb 587530 61 12803044 3585238 5608166 6397067 187066768 98923306 0 3115023 102507662
======================
   8      16 sdb 587865 61 12813764 3586918 5609171 6399927 187101688 98923413 0 3116809 102509448
======================
   8      16 sdb 588203 61 12824580 3588551 5610185 6402840 187137184 98923544 0 3118571 102511210
======================
   8      16 sdb 588535 61 12835204 3590247 5611178 6405661 187171624 98923666 1 3120389 102513028
======================
   8      16 sdb 588874 61 12846004 3591930 5612192 6408559 187207080 98923800 0 3122203 102514842
======================
   8      16 sdb 589209 61 12856676 3593580 5613194 6411400 187241696 98923921 1 3124002 102516641
======================
   8      16 sdb 589368 61 12861452 3596595 5617462 6413426 187293776 99057953 0 3127654 102653653
======================
   8      16 sdb 589706 61 12872196 3598223 5618464 6416301 187328520 99058074 0 3129395 102655402
======================
   8      16 sdb 590039 61 12882852 3599902 5619466 6419208 187363688 99058198 0 3131194 102657201
======================
   8      16 sdb 590394 61 12893732 3601616 5620475 6422091 187398608 99058325 1 3132947 102659040
======================
   8      16 sdb 590722 61 12904228 3603310 5621452 6424896 187432760 99058444 1 3134760 102660853
======================
   8      16 sdb 591049 61 12914596 3605019 5622415 6427655 187466568 99058557 0 3136570 102662673
======================
   8      16 sdb 591256 61 12920908 3607340 5626820 6430121 187524136 99200155 1 3139680 102807296
======================
   8      16 sdb 591528 61 12929612 3610233 5627631 6432430 187552336 99200258 0 3141965 102809581
======================
   8      16 sdb 591850 61 12939916 3611851 5628612 6435224 187586760 99200374 1 3143737 102811353
======================
   8      16 sdb 592175 61 12950292 3613521 5629581 6438034 187620968 99200484 0 3145473 102813089
======================
   8      16 sdb 592501 61 12960676 3615138 5630538 6440796 187654576 99200609 0 3147210 102814830
======================
   8      16 sdb 592832 61 12971268 3616722 5631534 6443606 187689048 99200729 0 3148914 102816534
======================
   8      16 sdb 593080 61 12979204 3618661 5636023 6446531 187751264 99351359 1 3151381 102969181
======================
   8      16 sdb 593295 61 12985940 3621572 5636650 6448320 187773048 99351445 1 3154276 102972094
======================
   8      16 sdb 593620 61 12996340 3623156 5637622 6451139 187807256 99351550 1 3155965 102973783
======================
   8      16 sdb 593944 61 13006708 3624751 5638600 6453956 187841432 99351656 1 3157659 102975477
======================
   8      16 sdb 594275 61 13017132 3626353 5639566 6456725 187875192 99351767 1 3159393 102977236
======================
   8      16 sdb 594595 61 13027372 3627984 5640526 6459473 187908768 99351882 1 3161095 102978938
======================
   8      16 sdb 594909 61 13037420 3629661 5643373 6462692 187960856 99363372 143 3162897 103005367
======================
   8      16 sdb 595069 61 13042540 3632947 5645681 6464291 187994024 99494058 1 3166313 103126070
======================
   8      16 sdb 595393 61 13052788 3634630 5646636 6467059 188027688 99494170 0 3168094 103127860
======================
   8      16 sdb 595733 61 13063332 3636288 5647614 6469856 188061704 99494280 0 3169826 103129626
======================
   8      16 sdb 596053 61 13073572 3637909 5648583 6472646 188095760 99494407 1 3171576 103131376
======================
   8      16 sdb 596376 61 13083908 3639560 5649546 6475440 188129624 99494539 0 3173355 103133155
======================
   8      16 sdb 596701 61 13094284 3641203 5650518 6478214 188163176 99494652 0 3175110 103134910
======================
   8      16 sdb 597036 61 13104980 3642730 5651517 6481112 188198480 99494783 0 3176766 103136566
======================
   8      16 sdb 597155 61 13108788 3645406 5656179 6483045 188252680 99669003 0 3180590 103313457
======================
   8      16 sdb 597487 61 13119292 3647333 5657166 6485871 188287096 99669113 0 3182299 103315494
======================
   8      16 sdb 597806 61 13129500 3649023 5658120 6488603 188320400 99669216 0 3184091 103317286
======================
   8      16 sdb 598136 61 13140060 3650608 5659104 6491407 188354624 99669328 0 3185786 103318981
======================
   8      16 sdb 598457 61 13150332 3652274 5660071 6494187 188388200 99669451 0 3187570 103320765
======================
   8      16 sdb 598789 61 13160956 3653876 5661079 6497046 188423224 99669559 0 3189278 103322473
======================
   8      16 sdb 598927 61 13165372 3657236 5665252 6498934 188473096 99809005 0 3192906 103465278
======================
   8      16 sdb 599267 61 13175892 3658897 5666233 6501760 188507624 99809114 1 3194619 103467049
======================
   8      16 sdb 599594 61 13186356 3660523 5667214 6504580 188542144 99809221 1 3196346 103468776
======================
   8      16 sdb 599924 61 13196796 3662192 5668180 6507369 188576048 99809343 0 3198121 103470567
======================
   8      16 sdb 600250 61 13207228 3663856 5669164 6510153 188610160 99809451 1 3199894 103472340
======================
   8      16 sdb 600573 61 13217564 3665523 5670133 6512930 188643880 99809566 1 3201670 103474116
======================
   8      16 sdb 600771 61 13223852 3667111 5674495 6515373 188700664 99952076 1 3204784 103619349
======================
   8      16 sdb 601049 61 13232748 3670372 5675326 6517739 188729608 99952176 0 3207001 103621566
======================
   8      16 sdb 601367 61 13242924 3672088 5676283 6520485 188762768 99952301 0 3208841 103623406
======================
   8      16 sdb 601694 61 13253364 3673755 5677253 6523252 188796568 99952416 0 3210623 103625188
======================
   8      16 sdb 602014 61 13263604 3675427 5678222 6526016 188830160 99952528 1 3212436 103627001
======================
   8      16 sdb 602332 61 13273780 3677167 5679170 6528741 188863248 99952630 1 3214246 103628811
======================
   8      16 sdb 602660 61 13284276 3678840 5680160 6531578 188897912 99952757 0 3216042 103630607
======================
   8      16 sdb 602919 61 13292492 3680439 5685185 6534677 188965984 100117740 46 3218543 103803888
======================
   8      16 sdb 603115 61 13298572 3683395 5685804 6536320 188986456 100126360 1 3221620 103808757
======================
   8      16 sdb 603439 61 13308916 3685106 5686764 6539053 189020040 100126491 0 3223459 103810596
======================
   8      16 sdb 603764 61 13319316 3686757 5687742 6541841 189054176 100126623 1 3225267 103812404
======================
   8      16 sdb 604087 61 13329652 3688470 5688708 6544630 189088112 100126735 0 3227062 103814199
======================
   8      16 sdb 604416 61 13340180 3690160 5689689 6547453 189122352 100126844 1 3228862 103815999
======================
   8      16 sdb 604733 61 13350324 3691788 5692567 6550724 189175544 100137224 132 3230767 103839657
======================
   8      16 sdb 604889 61 13355316 3695099 5694811 6552311 189208248 100266739 0 3234249 103960821
======================
   8      16 sdb 605216 61 13365780 3696778 5695783 6555065 189241744 100266859 0 3236048 103962620
======================
   8      16 sdb 605548 61 13376404 3698401 5696788 6557972 189277016 100266986 1 3237811 103964383
======================
   8      16 sdb 605879 61 13386996 3700125 5697790 6560827 189311912 100267124 0 3239654 103966226
======================
   8      16 sdb 606212 61 13397652 3701810 5698780 6563662 189346232 100267241 0 3241455 103968027
======================
   8      16 sdb 606539 61 13408116 3703480 5699762 6566469 189380800 100267358 1 3243243 103969815
======================
   8      16 sdb 606680 61 13412628 3706427 5704010 6568417 189432040 100404862 1 3246895 104110263
======================
   8      16 sdb 607010 61 13423116 3708108 5705005 6571305 189466744 100404975 1 3248677 104112051
======================
   8      16 sdb 607342 61 13433740 3709791 5705986 6574145 189501336 100405097 0 3250479 104113853
======================
   8      16 sdb 607660 61 13443916 3711605 5706949 6576901 189534976 100405216 0 3252409 104115783
======================
   8      16 sdb 607993 61 13454572 3713288 5707936 6579702 189569224 100405339 0 3254215 104117589
======================
   8      16 sdb 608318 61 13464972 3715006 5708923 6582537 189603808 100405468 0 3256061 104119435
======================
   8      16 sdb 608469 61 13469804 3718078 5713156 6584614 189656200 100534553 0 3259618 104251586
======================
   8      16 sdb 608797 61 13480300 3719767 5714146 6587489 189691168 100534670 1 3261426 104253394
======================
   8      16 sdb 609127 61 13490860 3721503 5715127 6590297 189725512 100534781 0 3263269 104255237
======================
   8      16 sdb 609458 61 13501452 3723216 5716114 6593140 189760264 100534903 1 3265104 104257072
======================
   8      16 sdb 609796 61 13512268 3724881 5717128 6596036 189795432 100535021 0 3266885 104258853
======================
   8      16 sdb 610133 61 13522956 3726601 5718133 6598952 189830616 100535144 0 3268713 104260695
======================
   8      16 sdb 610305 61 13528460 3728706 5722485 6601204 189885552 100668552 1 3272059 104397145
======================
   8      16 sdb 610596 61 13537772 3731769 5723361 6603730 189916264 100668669 0 3274294 104399380
======================
   8      16 sdb 610925 61 13548300 3733530 5724340 6606521 189950368 100668788 1 3276177 104401263
======================
   8      16 sdb 611258 61 13558932 3735270 5725330 6609357 189984904 100668913 0 3278037 104403123
======================
   8      16 sdb 611593 61 13569652 3736997 5726350 6612276 190020560 100669029 1 3279879 104404965
======================
   8      16 sdb 611927 61 13580340 3738704 5727353 6615143 190055408 100669156 0 3281710 104406796
======================
   8      16 sdb 612161 61 13587828 3740756 5731850 6617931 190116512 100797377 1 3284509 104537656
======================
   8      16 sdb 612404 61 13595604 3743897 5732594 6620068 190142824 100797452 0 3287131 104540278
======================
   8      16 sdb 612738 61 13606292 3745616 5733590 6622922 190177496 100797561 1 3288965 104542112
======================
   8      16 sdb 613059 61 13616564 3747432 5734556 6625690 190211032 100797686 1 3290901 104544048
======================
   8      16 sdb 613389 61 13627124 3749211 5735540 6628467 190245168 100797817 1 3292832 104545979
======================
   8      16 sdb 613719 61 13637588 3751025 5736521 6631297 190279616 100797929 0 3294723 104547882
======================
   8      16 sdb 614005 61 13646740 3752728 5740441 6634463 190339688 100896629 150 3297060 104652858
======================
   8      16 sdb 614186 61 13652532 3756000 5741731 6636088 190365288 100938954 0 3300362 104693876
======================
   8      16 sdb 614522 61 13663284 3757710 5742742 6638979 190400384 100939073 0 3302190 104695704
======================
   8      16 sdb 614849 61 13673700 3759474 5743717 6641794 190434792 100939197 1 3304076 104697594
======================
   8      16 sdb 615183 61 13684388 3761150 5744713 6644673 190469744 100939324 0 3305876 104699394
======================
   8      16 sdb 615518 61 13695108 3762817 5745725 6647572 190505200 100939451 0 3307669 104701187
======================
   8      16 sdb 615850 61 13705732 3764541 5746713 6650405 190539816 100939576 0 3309516 104703034
======================
   8      16 sdb 615981 61 13709924 3767857 5750900 6652311 190590024 101076566 0 3313263 104843329
======================
   8      16 sdb 616309 61 13720420 3769553 5751893 6655161 190624800 101076675 0 3315068 104845134
======================
   8      16 sdb 616631 61 13730724 3771351 5752859 6657932 190658552 101076785 1 3316976 104847042
======================
   8      16 sdb 616959 61 13741220 3773120 5753825 6660697 190692624 101076910 0 3318868 104848934
======================
   8      16 sdb 617285 61 13751652 3774848 5754822 6663521 190727120 101077032 1 3320721 104850787
======================
   8      16 sdb 617619 61 13762340 3776543 5755815 6666329 190761200 101077140 0 3322518 104852584
======================
   8      16 sdb 617758 61 13766788 3779795 5760000 6668271 190811896 101220357 1 3326212 104999050
======================
   8      16 sdb 618093 61 13777508 3781501 5761011 6671150 190847056 101220477 0 3328037 105000875
======================
   8      16 sdb 618436 61 13788388 3783164 5762040 6674104 190882672 101220611 0 3329821 105002671
======================
   8      16 sdb 618765 61 13798916 3784920 5763027 6676951 190917360 101220726 0 3331690 105004540
======================
   8      16 sdb 619103 61 13809708 3786550 5764035 6679846 190952544 101220866 1 3333471 105006321
======================
   8      16 sdb 619433 61 13820268 3788284 5765026 6682695 190987320 101220972 0 3335297 105008147
======================
   8      16 sdb 619573 61 13824748 3791309 5769314 6684684 191039184 101349842 1 3338901 105140055
======================
   8      16 sdb 619895 61 13835052 3793085 5770259 6687448 191073000 101349958 0 3340770 105141924
======================
   8      16 sdb 620220 61 13845452 3794824 5771243 6690266 191107248 101350082 0 3342631 105143785
======================
   8      16 sdb 620546 61 13855884 3796537 5772224 6693076 191141408 101350200 1 3344466 105145620
======================
   8      16 sdb 620878 61 13866508 3798186 5773211 6695941 191176088 101350315 0 3346223 105147377
======================
   8      16 sdb 621208 61 13877068 3799824 5774199 6698752 191210336 101350436 1 3348037 105149191
======================
   8      16 sdb 621401 61 13883244 3801085 5778521 6701205 191266744 101491158 1 3351145 105292158
======================
   8      16 sdb 621686 61 13892364 3804269 5779374 6703653 191296584 101491259 1 3353385 105294398
======================
   8      16 sdb 622020 61 13903004 3805971 5780367 6706493 191331424 101491375 0 3355193 105296210
======================
   8      16 sdb 622347 61 13913468 3807679 5781348 6709327 191365760 101491497 1 3357024 105298041
======================
   8      16 sdb 622681 61 13924132 3809336 5782347 6712204 191400608 101491609 0 3358789 105299806
======================
   8      16 sdb 623012 61 13934724 3811022 5783334 6715041 191435384 101491732 1 3360599 105301616
======================
   8      16 sdb 623268 61 13942916 3812880 5787917 6718097 191499488 101633435 1 3363078 105445230
======================
   8      16 sdb 623486 61 13949892 3815763 5788562 6719939 191522024 101633524 0 3365985 105448137
======================
   8      16 sdb 623819 61 13960548 3817382 5789567 6722817 191556856 101633647 0 3367722 105449874
======================
   8      16 sdb 624147 61 13971044 3819093 5790560 6725626 191591336 101633760 0 3369543 105451695
======================
   8      16 sdb 624478 61 13981636 3820739 5791541 6728433 191625368 101633891 0 3371319 105453471
======================
   8      16 sdb 624808 61 13992196 3822352 5792531 6731326 191660456 101634026 0 3373065 105455217
======================
   8      16 sdb 625131 61 14002532 3823948 5795431 6734616 191713728 101646199 137 3374941 105485408
======================
   8      16 sdb 625284 61 14007428 3826942 5797755 6736175 191746816 101775895 0 3378433 105601664
======================
   8      16 sdb 625605 61 14017700 3828658 5798723 6738949 191780848 101776011 0 3380264 105603495
======================
   8      16 sdb 625932 61 14028164 3830327 5799701 6741786 191815288 101776142 1 3382067 105605298
======================
   8      16 sdb 626249 61 14038308 3832071 5800664 6744511 191848264 101776268 0 3383933 105607164
======================
   8      16 sdb 626577 61 14048804 3833739 5801643 6747301 191882464 101776385 0 3385714 105608946
======================
   8      16 sdb 626884 61 14058628 3835305 5802543 6749829 191913320 101776506 0 3387400 105610632
