2.44025	0.0754717	0	2.33962
1.74111	0.0504668	0	1.69064
1.73979	0.0504286	0	1.66415
1.98892	0.0755287	0	1.88822
2.04185	0.025208	0	1.99143
2.11854	0.0504414	0	2.04288
2.1164	0.0503905	0	2.04082
1.94199	0.0252207	0	1.89155
1.81452	0.0504032	0	1.76411
2.28643	0.0753769	0	2.18593
2.09437	0.0757002	0	1.99344
2.27215	0.0757384	0	2.19642
2.34671	0.0504668	0	2.27101
2.04236	0.0504286	0	1.96672
2.85066	0.0756811	0	2.74975
2.21942	0.151324	0	2.01765
1.81497	0.0504159	0	1.76456
2.08543	0.0502513	0	1.98492
3.07692	0.126103	0	2.9256
2.31796	0.0503905	0	2.24238
2.21774	0.0504032	0	2.16734
2.67003	0.0503778	0	2.59446
2.59446	0.0755668	0	2.4937
1.73935	0.0504159	0	1.66373
2.77218	0.0504032	0	2.69657
2.44332	0.0755668	0	2.34257
2.92339	0.554435	0	2.34375
2.62097	0.100806	0	2.49496
2.08963	0.0503525	0	2.03927
2.84563	0.0755477	0	2.7449
2.44702	0.0756811	0	2.34612
2.64884	0.0756811	0	2.54793
2.87371	0.100832	0	2.74767
2.66935	0.0755477	0	2.56862
2.31505	0.0503271	0	2.26472
2.49182	0.0503398	0	2.41631
1.98742	0.0754717	0	1.88679
2.71493	0.0502765	0	2.63952
2.99522	0.0755097	0	2.89454
2.87009	0.0755287	0	2.76939
3.14545	0.0503271	0	3.09512
2.46417	0.0754337	0	2.33845
2.71698	0.100629	0	2.61635
3.47432	0.0503525	0	3.39879
2.41388	0.0502892	0	2.36359
2.76869	0.0503398	0	2.69318
3.01963	0.0754907	0	2.91897
2.69115	0.0754527	0	2.61569
3.12107	0.0755097	0	3.02039
2.4157	0.0754907	0	2.34021
2.21439	0.0503271	0	2.1389
2.81903	0.0503398	0	2.74352
2.61438	0.0502765	0	2.53896
2.94192	0.0754337	0	2.81619
3.07073	0.10068	0	2.94488
2.56668	0.0754907	0	2.49119
3.82582	0.0755097	0	3.72514
2.31272	0.0502765	0	2.26244
3.14465	0.0754717	0	3.04403
2.8909	0.0502765	0	2.81549
3.0959	0.0503398	0	3.04556
2.56346	0.0502639	0	2.48806
2.81903	0.0755097	0	2.74352
2.99597	0.100705	0	2.87009
2.3168	0.0755477	0	2.21607
2.81903	0.0503398	0	2.74352
2.21328	0.0503018	0	2.13783
3.44914	0.151057	0	3.27291
2.06393	0.0503398	0	1.98842
2.6925	0.0754907	0	2.56668
2.76521	0.0502765	0	2.68979
2.81903	0.0503398	0	2.74352
2.74214	0.0754717	0	2.64151
3.37192	0.0754907	0	3.27126
2.84205	0.0754527	0	2.74145
2.36181	0.0502513	0	2.28643
3.44741	0.0754907	0	3.34675
1.35542	0.0502008	0	1.30522
4.53515	0.0755858	0	4.40917
2.34316	0.0755858	0	2.26757
3.14386	0.0754527	0	3.04326
2.08648	0.0754148	0	1.98592
1.883	0.0251067	0	1.8579
0.375375	0.025025	0	0.325325
7.43073	0.151134	0	7.25441
2.99221	0.0754337	0	2.91677
3.173	0.0755477	0	3.07227
2.43964	0.0503018	0	2.36419
2.50878	0.0501756	0	2.43352
4.01506	0.0752823	0	3.91468
3.22175	0.0755097	0	3.12107
3.56874	0.326715	0	3.24202
2.84491	0.0755287	0	2.74421
2.94933	0.0504159	0	2.87371
1.80859	0.0502386	0	1.73323
3.03182	0.0501128	0	2.98171
3.72046	0.0754148	0	3.64505
3.97684	0.0503398	0	3.90133
3.12658	0.075643	0	3.02572
2.24012	0.0503398	0	2.13944
0.476429	0.0250752	0	0.451354
5.26976	0.100376	0	5.14429
4.05439	0.0755477	0	3.95366
2.6844	0.0501756	0	2.60913
2.99975	0.0756239	0	2.89892
2.1416	0.0503905	0	2.09121
1.47796	0.0501002	0	1.40281
4.27028	0.075358	0	4.16981
4.54203	0.100376	0	4.44166
2.73801	0.0502386	0	2.66265
2.6296	0.0250438	0	2.57951
3.92354	0.100604	0	3.79779
2.77986	0.0500877	0	2.70473
5.62108	0.100376	0	5.49561
2.53578	0.100427	0	2.43535
1.47722	0.0250376	0	1.42714
4.93082	0.0754717	0	4.85535
2.25394	0.0500877	0	2.17881
6.14651	0.100351	0	6.02107
2.48307	0.050163	0	2.40783
2.12766	0.0250313	0	2.0776
5.57649	0.100477	0	5.47601
1.77945	0.0250627	0	1.72932
5.5667	0.100301	0	5.44132
0.225338	0.0250376	0	0.175263
5.08772	0.100251	0	4.96241
5.31862	0.100351	0	5.21826
3.13048	0.250438	0	2.855
5.26316	0.125313	0	5.11278
3.63591	0.0752257	0	3.53561
4.92958	0.100604	0	4.80382
0.225282	0	0	0.20025
4.15832	0.200401	0	3.93287
0.225225	0	0	0.225225
1.22684	0.0250376	0	1.2018
12.4402	0.679929	0	11.7099
3.05016	0.0756239	0	2.94933
0.175219	0.0250313	0	0.125156
5.13784	0.100251	0	5.01253
0.450789	0.0250438	0	0.425745
7.55332	0.125471	0	7.40276
3.75657	0.0751315	0	3.6564
4.7416	0.100351	0	4.61616
2.71972	0.0755477	0	2.61899
1.20573	0.0251193	0	1.18061
2.80561	0.0501002	0	2.73046
1.5015	0.0750751	0	1.42643
3.78257	0.0501002	0	3.70741
8.632	0.176678	0	8.43009
0.250501	0.0250501	0	0.225451
5.11278	0.075188	0	5.01253
3.713	0.0752634	0	3.61264
4.81686	0.100351	0	4.69142
0.20025	0	0	0.20025
7.6537	0.125471	0	7.50314
4.05812	0.0751503	0	3.95792
1.75791	0.025113	0	1.68257
5.27903	0.125691	0	5.15334
1.07932	0.0251004	0	1.02912
4.61153	0.125313	0	4.48622
3.20401	0.0750939	0	3.10388
2.03313	0.0502008	0	1.95783
6.9598	0.125628	0	6.80905
0.401003	0	0	0.401003
2.25451	0.0501002	0	2.17936
2.97947	0.0250376	0	2.92939
8.0454	0.151324	0	7.86885
1.32766	0.0501002	0	1.27756
5.09538	0.100402	0	4.96988
0.600751	0.0250313	0	0.550688
7.15901	0.125597	0	7.00829
0.2003	0.0250376	0	0.175263
6.74185	0.125313	0	6.59148
3.15948	0.0501505	0	3.08425
4.28786	0.0752257	0	4.21264
1.02705	0.125251	0	0.876754
6.42248	0.100351	0	6.29704
0.20015	0.0250188	0	0.175131
4.362	0.0501379	0	4.31186
7.37478	0.151019	0	7.19859
2.55831	0.0250815	0	2.50815
3.68606	0.0752257	0	3.58576
1.30195	0	0	1.30195
0.876095	0.0500626	0	0.826033
0.800801	0	0	0.775776
12.4686	0.175968	0	12.2675
3.70277	0.100756	0	3.60202
1.27788	0.0250564	0	1.22776
3.03334	0.0501379	0	2.9832
3.33333	0.0501253	0	3.23308
5.10894	0.100175	0	4.98372
4.98747	0.075188	0	4.91228
1.1281	0.0250689	0	1.07796
3.40426	0.0750939	0	3.32916
5.06139	0.100226	0	4.91105
5.72864	0.0753769	0	5.62814
2.44271	0.0755477	0	2.36716
3.28568	0.0752445	0	3.18535
0.951427	0.0250376	0	0.901352
4.63775	0.100276	0	4.51241
5.54719	0.100402	0	5.42169
2.18703	0.0754148	0	2.08648
4.11853	0.075339	0	4.04319
0.926622	0.0250438	0	0.876534
3.40767	0.0751691	0	3.3325
0.525657	0	0	0.525657
10.6137	0.176056	0	10.4125
1.30522	0.0251004	0	1.25502
4.49155	0.126167	0	4.34015
2.06186	0.0502892	0	2.01157
0.350438	0	0	0.325407
4.98747	0.125313	0	4.83709
0.550964	0	0	0.550964
8.48181	0.150565	0	8.30615
0.951904	0	0	0.926854
7.30055	0.150527	0	7.12494
4.28786	0.0752257	0	4.18756
3.60541	0.0500751	0	3.5303
2.60521	0.0501002	0	2.53006
6.38191	0.125628	0	6.23116
2.64085	0.0503018	0	2.59054
1.17677	0.0250376	0	1.12669
2.75758	0.0501379	0	2.70745
5.23941	0.0752068	0	5.13913
4.81203	0.075188	0	4.71178
4.21581	0.0752823	0	4.11543
2.40783	0.050163	0	2.35766
5.54301	0.100326	0	5.39253
4.26065	0.125313	0	4.13534
3.11323	0.0502134	0	3.03791
0.675845	0.0250313	0	0.650814
6.95107	0.125471	0	6.77541
1.17883	0.0752445	0	1.10359
6.48567	0.125691	0	6.3097
0.651956	0	0	0.651956
4.59107	0.100351	0	4.46563
1.60321	0.0250501	0	1.57816
4.33475	0.100226	0	4.20947
3.58666	0.0752445	0	3.51141
2.47748	0.0500501	0	2.4024
8.02608	0.150489	0	7.85051
3.05611	0.0501002	0	2.98096
4.35981	0.100226	0	4.23453
4.61963	0.0753201	0	4.51921
2.332	0.0501505	0	2.25677
2.75413	0.0751127	0	2.67902
3.40681	0.0501002	0	3.33166
3.78162	0.0751315	0	3.6564
3.83459	0.075188	0	3.73434
2.30403	0.0500877	0	2.25394
0.225169	0.0250188	0	0.175131
7.82543	0.125408	0	7.70003
6.67843	0.126008	0	6.50202
2.1079	0.0501882	0	2.03262
4.2409	0.0752823	0	4.14053
2.72909	0.0500751	0	2.65398
2.41085	0.075339	0	2.3104
3.20802	0.0250627	0	3.18296
1.05158	0.0250376	0	1.0015
1.4014	0.025025	0	1.35135
11.1475	0.201309	0	10.8958
2.89892	0.0504159	0	2.8485
1.42678	0.0500626	0	1.35169
5.89268	0.0752257	0	5.79238
0.727364	0.0250815	0	0.702282
6.00503	0.125628	0	5.82915
0.777527	0.0250815	0	0.752445
1.97797	0.0500751	0	1.90285
5.39253	0.32606	0	5.04138
5.79819	0.125502	0	5.64759
0.300451	0	0	0.300451
4.15936	0.0751691	0	4.08419
3.55711	0.0501002	0	3.48196
5.28036	0.100578	0	5.15464
4.63775	0.0752068	0	4.53748
2.28127	0.0501379	0	2.20607
4.00902	0.0751691	0	3.93385
