19999.344
692.681
566.708
258.359
516.515
804.648
881.729
903.219
926.910
909.742
977.009
937.632
936.635
933.918
940.035
903.753
982.712
952.828
939.219
946.715
956.852
957.587
911.503
998.275
963.672
975.878
967.303
974.585
973.475
983.563
969.076
958.074
968.972
1004.460
994.368
984.069
985.568
982.670
959.272
963.371
957.467
959.275
968.878
959.571
976.964
966.468
972.875
964.973
950.982
898.980
1001.263
957.676
952.880
956.186
952.871
938.879
932.177
958.567
948.977
942.385
957.781
936.879
906.288
975.069
959.780
979.172
988.070
1002.766
953.772
930.186
1075.453
1042.348
987.468
975.378
969.672
972.072
972.872
980.367
969.096
931.482
1000.462
956.875
940.681
954.572
965.774
953.783
936.780
951.769
953.972
956.078
948.375
939.076
943.470
955.883
946.073
941.378
958.572
943.084
956.369
990.259
1008.059
929.285
1062.162
1026.766
1004.786
991.290
978.270
969.477
951.677
994.960
979.667
963.873
969.871
970.172
966.372
969.170
953.378
963.579
957.173
956.276
953.071
957.084
961.175
960.874
951.079
946.375
944.272
945.490
897.788
990.459
941.180
952.072
965.166
993.059
994.057
1010.562
1015.759
996.065
947.679
1004.863
981.160
982.367
976.682
958.278
979.863
762.149
