======================
   8      16 sdb 1109644 10026 8957282 5276481 27958959 13422667 331053008 77071686 33 5123339 82358211
======================
   8      16 sdb 1109764 10026 8958242 5281272 27958959 13422667 331053008 77071686 0 5123733 82361828
======================
   8      16 sdb 1109777 10026 8958346 5281628 28002914 13428767 331453448 77157514 69 5124984 82448179
======================
   8      16 sdb 1109791 10026 8958458 5282175 28097394 13439557 332295608 77280349 0 5127291 82571728
======================
   8      16 sdb 1109802 10026 8958546 5282724 28173926 13465513 333115512 77429595 0 5129171 82721805
======================
   8      16 sdb 1109813 10026 8958634 5283373 28262024 13491199 334025784 77697308 0 5131870 82990143
======================
   8      16 sdb 1109824 10026 8958722 5283703 28327512 13502872 334643072 77812034 1 5133203 83105217
======================
   8      16 sdb 1109835 10026 8958810 5284242 28403230 13530896 335462160 77956492 145 5135012 83253336
======================
   8      16 sdb 1109844 10026 8958882 5285147 28465174 13539178 336034816 78086912 91 5136968 83382101
======================
   8      16 sdb 1109854 10026 8958962 5285855 28529291 13561755 336728368 78191717 102 5138895 83487714
======================
   8      16 sdb 1109862 10026 8959026 5286613 28582946 13583470 337331328 78326892 90 5140861 83623719
======================
   8      16 sdb 1109872 10026 8959106 5287271 28649040 13605127 338033336 78529276 0 5142842 83826903
======================
   8      16 sdb 1109882 10026 8959186 5287898 28715081 13627360 338739528 78783587 0 5145439 84081943
======================
   8      16 sdb 1109893 10026 8959274 5288750 28783496 13650082 339468624 78932962 0 5147505 84232269
======================
   8      16 sdb 1109901 10026 8959338 5289377 28844611 13672141 340134016 79144247 1 5149714 84444331
======================
   8      16 sdb 1109910 10026 8959410 5290950 28904451 13693712 340785304 79269186 0 5152327 84570663
======================
   8      16 sdb 1109915 10026 8959450 5291338 28970169 13722395 341540512 79381029 0 5154251 84682865
started
======================
   8      16 sdb 1121708 10026 9053788 5337954 28970175 13722395 341540560 79381030 1 5157252 84729484
======================
   8      16 sdb 1137975 10026 9183924 5398960 28970184 13722878 341544496 79381053 1 5162168 84790507
======================
   8      16 sdb 1149401 10026 9275332 5446377 28970196 13723684 341551040 79381109 1 5167030 84838052
======================
   8      16 sdb 1156804 10026 9334556 5478622 28970207 13724474 341557448 79381194 1 5171867 84870308
======================
   8      16 sdb 1162359 10026 9378996 5500080 28970222 13725529 341566008 79381284 1 5176686 84891857
======================
   8      16 sdb 1165937 10026 9407620 5512978 28970238 13726705 341575544 79381390 1 5181488 84904857
======================
   8      16 sdb 1167820 10026 9422684 5521782 28974182 13728314 341619968 79396100 1 5186328 84928365
======================
   8      16 sdb 1170308 10026 9442588 5531003 28974194 13729166 341626880 79396158 1 5191103 84937644
======================
   8      16 sdb 1172074 10026 9456716 5537706 28974212 13730444 341637248 79396295 1 5195868 84944618
======================
   8      16 sdb 1172966 10026 9463852 5543100 28974226 13731405 341645048 79396380 1 5200737 84949962
======================
   8      16 sdb 1173978 10026 9471948 5548298 28977785 13732704 341683912 79407448 1 5205589 84966393
======================
   8      16 sdb 1174838 10026 9478828 5553460 28977795 13733407 341689616 79407488 1 5210432 84971426
======================
   8      16 sdb 1176265 10026 9490244 5558689 28977813 13734709 341700176 79407625 1 5215212 84976794
======================
   8      16 sdb 1177503 10026 9500148 5563903 28980516 13736031 341732376 79416206 1 5220026 84990707
======================
   8      16 sdb 1178833 10026 9510788 5569001 28980534 13737299 341742664 79416339 1 5224795 84995939
======================
   8      16 sdb 1179599 10026 9516916 5573862 28980546 13738144 341749520 79416398 1 5229656 85000859
======================
   8      16 sdb 1180682 10026 9525580 5578702 28983511 13739401 341783296 79425879 1 5234493 85015169
======================
   8      16 sdb 1181393 10026 9531268 5583589 28983525 13740419 341791552 79425952 1 5239380 85020129
======================
   8      16 sdb 1182754 10026 9542156 5588379 28983540 13741466 341800048 79426048 1 5244170 85025015
======================
   8      16 sdb 1183848 10026 9550908 5593182 28986406 13742749 341833240 79435215 1 5248977 85038985
======================
   8      16 sdb 1185154 10026 9561356 5597969 28986424 13744021 341843560 79435352 1 5253760 85043905
======================
   8      16 sdb 1186478 10026 9571948 5602754 28986441 13745281 341853776 79435474 1 5258546 85048812
======================
   8      16 sdb 1187236 10026 9578012 5607616 28986454 13746191 341861160 79435545 1 5263410 85053747
======================
   8      16 sdb 1188158 10026 9585388 5612483 28990410 13747326 341901888 79447929 1 5268276 85070987
======================
   8      16 sdb 1189431 10026 9595572 5617259 28990428 13748589 341912136 79448055 1 5273057 85075888
======================
   8      16 sdb 1190138 10026 9601228 5622147 28990441 13749482 341919384 79448124 1 5277944 85080844
======================
   8      16 sdb 1191510 10026 9612204 5626914 28990460 13750776 341929888 79448266 1 5282716 85085753
======================
   8      16 sdb 1192415 10026 9619444 5631761 28994184 13752033 341969736 79459983 1 5287569 85102313
======================
   8      16 sdb 1193759 10026 9630196 5636551 28994201 13753294 341979960 79460112 1 5292355 85107227
======================
   8      16 sdb 1194454 10026 9635756 5641432 28994214 13754191 341987240 79460180 1 5297237 85112177
======================
   8      16 sdb 1195771 10026 9646292 5646225 28994232 13755441 341997384 79460297 1 5302026 85117082
======================
   8      16 sdb 1196676 10026 9653532 5651071 28998098 13756687 342038280 79472822 1 5306880 85134449
======================
   8      16 sdb 1197638 10026 9661228 5654890 28998112 13757620 342045856 79472900 1 5311730 85139377
======================
   8      16 sdb 1198764 10026 9670236 5660905 28998113 13757620 342045864 79472900 1 5316556 85144358
======================
   8      16 sdb 1200085 10026 9680804 5665697 28998129 13758718 342054776 79472999 1 5321351 85149248
======================
   8      16 sdb 1200868 10026 9687068 5670085 29001843 13760358 342097608 79484660 1 5326204 85165878
======================
   8      16 sdb 1201707 10026 9693780 5675414 29001855 13761076 342103448 79484709 1 5331069 85170792
======================
   8      16 sdb 1203088 10026 9704828 5680158 29001873 13762277 342113200 79484826 1 5335822 85175652
======================
   8      16 sdb 1204415 10026 9715444 5684943 29001891 13763560 342123608 79484956 1 5340606 85180566
======================
   8      16 sdb 1205495 10026 9724084 5689751 29004795 13764921 342157728 79494064 1 5345415 85194477
======================
   8      16 sdb 1206238 10026 9730028 5694621 29004807 13765747 342164432 79494122 1 5350286 85199406
======================
   8      16 sdb 1207580 10026 9740764 5699384 29004824 13766972 342174368 79494235 1 5355047 85204280
======================
   8      16 sdb 1208886 10026 9751212 5704157 29004843 13768247 342184720 79494365 1 5359824 85209181
======================
   8      16 sdb 1209765 10026 9758244 5708995 29008763 13769675 342227504 79507030 1 5364667 85226677
======================
   8      16 sdb 1210447 10026 9763700 5713881 29008778 13770781 342236472 79507131 1 5369548 85231659
======================
   8      16 sdb 1211832 10026 9774780 5718716 29008795 13771905 342245600 79507236 1 5374308 85236599
======================
   8      16 sdb 1213185 10026 9785604 5723481 29008814 13773163 342255816 79507357 1 5379079 85241486
======================
   8      16 sdb 1214041 10026 9792452 5728337 29012775 13774458 342297864 79519712 1 5383937 85258695
======================
   8      16 sdb 1215363 10026 9803028 5733077 29012793 13775709 342308016 79519839 1 5388682 85263561
======================
   8      16 sdb 1216641 10026 9813252 5737867 29012812 13776975 342318296 79519979 0 5393474 85268488
======================
   8      16 sdb 1217372 10026 9819100 5742749 29012824 13777740 342324512 79520027 1 5398359 85273421
======================
   8      16 sdb 1218305 10026 9826564 5747583 29016537 13779037 342364592 79531882 1 5403196 85290106
======================
   8      16 sdb 1219264 10026 9834236 5752511 29016550 13779968 342372144 79531957 1 5408026 85295123
======================
   8      16 sdb 1220329 10026 9842756 5757346 29016565 13781006 342380568 79532048 1 5412845 85300033
======================
   8      16 sdb 1221667 10026 9853460 5762113 29016584 13782307 342391128 79532190 1 5417614 85304938
======================
   8      16 sdb 1222591 10026 9860852 5766953 29020344 13783550 342431152 79544081 1 5422460 85321660
======================
   8      16 sdb 1223911 10026 9871412 5771709 29020344 13784836 342431152 79544081 18 5427220 85326490
======================
   8      16 sdb 1224814 10026 9878636 5776007 29020362 13784836 342441584 79544217 1 5432059 85331395
======================
   8      16 sdb 1225888 10026 9887228 5781387 29020375 13785716 342448728 79544282 1 5436896 85336297
======================
   8      16 sdb 1226819 10026 9894676 5786234 29024090 13787148 342489904 79555923 1 5441745 85352776
======================
   8      16 sdb 1228129 10026 9905156 5791000 29024103 13788062 342497320 79555993 1 5446512 85357613
======================
   8      16 sdb 1229043 10026 9912468 5795596 29024122 13789331 342507624 79556122 1 5451333 85362558
======================
   8      16 sdb 1230123 10026 9921108 5800644 29024135 13790167 342514416 79556191 1 5456168 85367453
======================
   8      16 sdb 1231078 10026 9928748 5805487 29027951 13791786 342557896 79568420 1 5461013 85384516
======================
   8      16 sdb 1231704 10026 9933756 5810392 29027965 13792631 342564768 79568481 1 5465918 85389482
======================
   8      16 sdb 1233048 10026 9944508 5815166 29027979 13793500 342571832 79568551 1 5470699 85394329
======================
   8      16 sdb 1234392 10026 9955260 5819934 29027997 13794790 342582296 79568682 1 5475465 85399226
======================
   8      16 sdb 1235285 10026 9962404 5824787 29031865 13796469 342626672 79580910 1 5480320 85416300
======================
   8      16 sdb 1236627 10026 9973140 5829557 29031879 13797354 342633864 79580976 1 5485090 85421133
======================
   8      16 sdb 1237938 10026 9983628 5834333 29031897 13798653 342644400 79581114 1 5489868 85426049
======================
   8      16 sdb 1238626 10026 9989132 5839229 29031911 13799662 342652584 79581196 1 5494762 85431025
======================
   8      16 sdb 1239558 10026 9996588 5844071 29035642 13800980 342692976 79592771 1 5499613 85447435
======================
   8      16 sdb 1240213 10026 10001828 5848952 29035651 13801581 342697856 79592802 1 5504494 85452347
======================
   8      16 sdb 1241546 10026 10012492 5853750 29035666 13802554 342705760 79592883 0 5509294 85457223
======================
   8      16 sdb 1242907 10026 10023380 5858511 29035685 13803843 342716224 79593015 1 5514060 85462115
======================
   8      16 sdb 1243808 10026 10030588 5863365 29039390 13805482 342758976 79604707 1 5518918 85478657
======================
   8      16 sdb 1244502 10026 10036140 5868235 29039398 13806032 342763440 79604734 1 5523788 85483554
======================
   8      16 sdb 1245878 10026 10047148 5873005 29039415 13807157 342772576 79604835 1 5528558 85488420
======================
   8      16 sdb 1247207 10026 10057780 5877799 29039434 13808429 342782904 79604972 1 5533355 85493348
======================
   8      16 sdb 1248296 10026 10066492 5882620 29042117 13809885 342816016 79613463 1 5538178 85506657
======================
   8      16 sdb 1249039 10026 10072436 5887505 29042133 13811001 342825072 79613572 1 5543060 85511648
======================
   8      16 sdb 1250372 10026 10083100 5892297 29042147 13812026 342833384 79613654 1 5547850 85516520
======================
   8      16 sdb 1251373 10026 10091108 5897140 29045247 13813276 342868184 79623601 1 5552700 85531303
======================
   8      16 sdb 1252653 10026 10101348 5901896 29045265 13814499 342878112 79623712 1 5557463 85536167
======================
   8      16 sdb 1253959 10026 10111796 5906663 29045283 13815750 342888264 79623830 1 5562235 85541052
======================
   8      16 sdb 1254713 10026 10117828 5911541 29045298 13816731 342896232 79623915 1 5567115 85546017
======================
   8      16 sdb 1255584 10026 10124796 5916391 29049256 13817811 342936536 79636513 1 5571967 85563458
======================
   8      16 sdb 1256883 10026 10135188 5921175 29049274 13819070 342946752 79636640 1 5576753 85568367
======================
   8      16 sdb 1257573 10026 10140708 5926056 29049287 13819917 342953632 79636702 1 5581634 85573310
======================
   8      16 sdb 1258917 10026 10151460 5930814 29049306 13821208 342964112 79636837 1 5586398 85578201
======================
   8      16 sdb 1259847 10026 10158900 5935786 29052977 13822425 343003216 79648355 1 5591235 85594686
======================
   8      16 sdb 1261189 10026 10169636 5940553 29052996 13823689 343013480 79648489 1 5596003 85599583
======================
   8      16 sdb 1262083 10026 10176788 5945281 29053009 13824598 343020856 79648557 1 5600863 85604511
======================
   8      16 sdb 1262927 10026 10183540 5950198 29055862 13825594 343051648 79657381 1 5605723 85618186
======================
   8      16 sdb 1263818 10026 10190668 5955041 29055875 13826464 343058712 79657453 1 5610567 85623102
======================
   8      16 sdb 1264968 10026 10199868 5959903 29055875 13826464 343058712 79657453 1 5615358 85627893
======================
   8      16 sdb 1266106 10026 10208972 5964717 29058478 13827746 343089792 79665667 1 5620172 85640911
======================
   8      16 sdb 1267436 10026 10219612 5969486 29058495 13828853 343098784 79665769 1 5624942 85645779
======================
   8      16 sdb 1268587 10026 10228820 5974263 29058514 13830136 343109200 79665905 1 5629745 85650711
======================
   8      16 sdb 1269263 10026 10234228 5979168 29061726 13831447 343145384 79676238 1 5634631 85665924
======================
   8      16 sdb 1270363 10026 10243028 5983753 29061739 13832267 343152048 79676293 1 5639442 85670790
======================
   8      16 sdb 1271225 10026 10249924 5988790 29061753 13833169 343159376 79676388 1 5644278 85675696
======================
   8      16 sdb 1272383 10026 10259188 5993556 29064522 13834592 343192912 79685117 1 5649050 85689187
======================
   8      16 sdb 1273682 10026 10269580 5998353 29064537 13835674 343201688 79685206 1 5653845 85694071
======================
   8      16 sdb 1274967 10026 10279860 6003135 29064555 13836957 343212096 79685337 1 5658622 85698979
======================
   8      16 sdb 1275702 10026 10285740 6007215 29067853 13838459 343250496 79789036 1 5663497 85807549
======================
   8      16 sdb 1276951 10026 10295732 6012810 29067863 13839074 343255496 79789068 1 5668302 85812384
======================
   8      16 sdb 1277640 10026 10301244 6017702 29067876 13840009 343263080 79789141 1 5673191 85817346
======================
   8      16 sdb 1278809 10026 10310596 6022513 29070515 13841452 343295736 79798052 1 5678003 85831064
======================
   8      16 sdb 1279511 10026 10316212 6027391 29070530 13842485 343304120 79798141 1 5682881 85836031
======================
   8      16 sdb 1280850 10026 10326924 6032172 29070543 13843379 343311376 79798207 1 5687658 85840874
======================
   8      16 sdb 1281932 10026 10335580 6036994 29073519 13844916 343347480 79807826 1 5692482 85855306
======================
   8      16 sdb 1283250 10026 10346124 6041763 29073535 13845973 343356064 79807921 1 5697258 85860170
======================
   8      16 sdb 1283992 10026 10352060 6046634 29073547 13846785 343362656 79807982 1 5702130 85865103
======================
   8      16 sdb 1285333 10026 10362788 6051419 29073565 13848038 343372824 79808100 1 5706919 85870004
======================
   8      16 sdb 1286265 10026 10370244 6056023 29077552 13849721 343418184 79820551 1 5711788 85887320
======================
   8      16 sdb 1286843 10026 10374868 6061201 29077561 13850309 343422960 79820579 1 5716703 85892263
======================
   8      16 sdb 1288162 10026 10385420 6065953 29077571 13851586 343429360 79820647 8 5721450 85897130
======================
   8      16 sdb 1289473 10026 10395908 6070750 29077580 13852853 343433328 79820719 18 5726253 85901975
======================
   8      16 sdb 1290596 10026 10404892 6075531 29080444 13853053 343467976 79829758 1 5731043 85915763
======================
   8      16 sdb 1291892 10026 10415260 6080306 29080459 13854153 343476896 79829859 1 5735817 85920638
======================
   8      16 sdb 1292733 10026 10421988 6085017 29080477 13855408 343487080 79829985 1 5740657 85925598
======================
   8      16 sdb 1293944 10026 10431676 6089875 29080490 13856224 343493712 79830103 1 5745451 85930450
======================
   8      16 sdb 1294908 10026 10439388 6093721 29084409 13857879 343538304 79842871 1 5750299 85948059
======================
   8      16 sdb 1295956 10026 10447772 6099396 29084423 13858787 343545680 79842933 1 5755148 85952970
======================
   8      16 sdb 1296826 10026 10454732 6104413 29084438 13859740 343553424 79843018 1 5759990 85957897
======================
   8      16 sdb 1298165 10026 10465444 6109174 29084455 13860913 343562944 79843117 1 5764757 85962757
======================
   8      16 sdb 1299150 10026 10473324 6113726 29088339 13862574 343607304 79855505 1 5769585 85979961
======================
   8      16 sdb 1300385 10026 10483204 6118777 29088353 13863458 343614488 79855572 1 5774375 85984814
======================
   8      16 sdb 1301668 10026 10493468 6123566 29088371 13864722 343624744 79855703 1 5779159 85989729
======================
   8      16 sdb 1302388 10026 10499228 6128439 29088387 13865704 343632728 79855788 1 5784031 85994686
======================
   8      16 sdb 1303397 10026 10507300 6133169 29092154 13867130 343674272 79867852 1 5788860 86011698
======================
   8      16 sdb 1304607 10026 10516980 6138057 29092168 13868017 343681480 79867919 1 5793659 86016560
======================
   8      16 sdb 1305890 10026 10527244 6142840 29092187 13869309 343691968 79868052 1 5798444 86021472
======================
   8      16 sdb 1307199 10026 10537716 6147632 29092205 13870553 343702064 79868170 1 5803245 86026385
======================
   8      16 sdb 1308204 10026 10545756 6152318 29095155 13872162 343738424 80023481 142 5808082 86197280
======================
   8      16 sdb 1308791 10026 10550452 6157368 29096350 13872733 343752664 80187682 1 5812978 86355620
======================
   8      16 sdb 1309410 10026 10555404 6162275 29096360 13873358 343757744 80187753 0 5817883 86360596
======================
   8      16 sdb 1310743 10026 10566068 6167024 29096379 13874663 343768336 80187880 1 5822639 86365474
======================
   8      16 sdb 1311981 10026 10575972 6171783 29098656 13876002 343797264 80195145 1 5827398 86377493
======================
   8      16 sdb 1313283 10026 10586388 6176549 29098675 13877274 343807592 80195278 1 5832171 86382392
======================
   8      16 sdb 1314067 10026 10592660 6181385 29098688 13878090 343814224 80195390 1 5837058 86387337
======================
   8      16 sdb 1315111 10026 10601012 6186196 29101740 13879322 343848496 80205001 1 5841875 86401757
======================
   8      16 sdb 1316404 10026 10611356 6190959 29101758 13880581 343858712 80205124 1 5846647 86406647
======================
   8      16 sdb 1317097 10026 10616900 6195852 29101769 13881328 343864776 80205174 1 5851535 86411585
======================
   8      16 sdb 1318419 10026 10627476 6200603 29101787 13882546 343874664 80205300 1 5856291 86416461
======================
   8      16 sdb 1319318 10026 10634668 6205468 29105525 13883825 343914800 80216980 1 5861158 86433002
======================
   8      16 sdb 1320642 10026 10645260 6210262 29105543 13885090 343925064 80217114 1 5865950 86437928
======================
   8      16 sdb 1321488 10026 10652028 6215056 29105561 13886320 343935048 80217246 1 5870815 86442925
======================
   8      16 sdb 1322658 10026 10661388 6219933 29105575 13887193 343942144 80217316 1 5875630 86447806
======================
   8      16 sdb 1323541 10026 10668452 6224789 29109390 13888444 343982672 80229468 1 5880487 86464805
======================
   8      16 sdb 1324855 10026 10678964 6229545 29109409 13889723 343993056 80229608 1 5885245 86469697
======================
   8      16 sdb 1325493 10026 10684068 6234432 29109421 13890512 343999464 80229661 1 5890133 86474638
======================
   8      16 sdb 1326813 10026 10694628 6239202 29109440 13891781 344009768 80229799 1 5894909 86479546
======================
   8      16 sdb 1327704 10026 10701756 6244043 29113234 13893031 344050120 80241722 1 5899751 86496307
======================
   8      16 sdb 1328561 10026 10708612 6248699 29113246 13893886 344057056 80241782 1 5904610 86501226
======================
   8      16 sdb 1329704 10026 10717756 6253728 29113247 13893886 344057064 80241782 1 5909432 86506048
======================
   8      16 sdb 1331051 10026 10728532 6258501 29113265 13895103 344066944 80241902 1 5914213 86510943
======================
   8      16 sdb 1331958 10026 10735788 6263347 29117103 13896763 344110928 80253984 1 5919063 86527864
======================
   8      16 sdb 1332548 10026 10740508 6268254 29117115 13897594 344117672 80254044 1 5923973 86532834
======================
   8      16 sdb 1333892 10026 10751260 6273035 29117129 13898569 344125584 80254124 1 5928752 86537693
======================
   8      16 sdb 1335232 10026 10761980 6277807 29117148 13899857 344136040 80254253 1 5933529 86542594
======================
   8      16 sdb 1336307 10026 10770580 6282621 29119986 13901280 344170128 80262922 1 5938348 86556072
======================
   8      16 sdb 1337024 10026 10776316 6287507 29120001 13902263 344178112 80263008 1 5943235 86561045
======================
   8      16 sdb 1338355 10026 10786964 6292279 29120018 13903386 344187232 80263115 1 5948014 86565927
======================
   8      16 sdb 1339402 10026 10795340 6297090 29123017 13904677 344221552 80272435 1 5952829 86580053
======================
   8      16 sdb 1340706 10026 10805772 6301854 29123034 13905935 344231752 80272565 1 5957594 86584948
======================
   8      16 sdb 1342004 10026 10816156 6306630 29123052 13907199 344242008 80272690 1 5962372 86589846
======================
   8      16 sdb 1342569 10026 10820676 6311535 29126286 13908362 344277184 80397807 1 5967280 86719868
======================
   8      16 sdb 1343202 10026 10825740 6316449 29126294 13908819 344280904 80397822 1 5972190 86724793
======================
   8      16 sdb 1344533 10026 10836388 6321198 29126312 13910053 344290920 80397948 1 5976946 86729669
======================
   8      16 sdb 1345886 10026 10847212 6325966 29126331 13911347 344301424 80398089 1 5981718 86734577
======================
   8      16 sdb 1346803 10026 10854548 6330808 29129814 13912636 344339600 80409828 1 5986565 86751282
======================
   8      16 sdb 1347477 10026 10859940 6335714 29129826 13913471 344346376 80409883 1 5991469 86756241
======================
   8      16 sdb 1348859 10026 10870996 6340489 29129842 13914569 344355288 80409973 1 5996247 86761105
======================
   8      16 sdb 1349995 10026 10880084 6345289 29132499 13915934 344387464 80418346 1 6001050 86774276
======================
   8      16 sdb 1350688 10026 10885628 6350167 29132512 13916760 344394176 80418403 1 6005928 86779211
======================
   8      16 sdb 1352038 10026 10896428 6354937 29132528 13917907 344403480 80418509 1 6010697 86784086
======================
   8      16 sdb 1353092 10026 10904860 6359753 29135384 13919198 344436656 80427664 1 6015511 86798051
======================
   8      16 sdb 1353789 10026 10910436 6364643 29135396 13919983 344443032 80427719 1 6020407 86802999
======================
   8      16 sdb 1355158 10026 10921388 6369400 29135415 13921298 344453704 80427855 1 6025170 86807893
======================
   8      16 sdb 1356209 10026 10929796 6374234 29138327 13922528 344486840 80437098 1 6030008 86821968
======================
   8      16 sdb 1357314 10026 10938636 6379014 29138345 13923716 344496488 80437224 1 6034816 86826901
======================
   8      16 sdb 1358186 10026 10945612 6383894 29138358 13924523 344503048 80437282 1 6039668 86831807
======================
   8      16 sdb 1359508 10026 10956188 6388681 29138377 13925809 344513488 80437425 1 6044460 86836737
======================
   8      16 sdb 1360407 10026 10963380 6393540 29142184 13927089 344554184 80449350 1 6049325 86853518
======================
   8      16 sdb 1361691 10026 10973652 6398335 29142201 13928315 344564128 80449470 1 6054114 86858427
======================
   8      16 sdb 1362535 10026 10980404 6402766 29142201 13928315 344564128 80449470 1 6058971 86863284
======================
   8      16 sdb 1363679 10026 10989556 6408000 29142213 13929160 344570984 80449528 1 6063776 86868147
======================
   8      16 sdb 1364623 10026 10997108 6412835 29145895 13930691 344612688 80461051 1 6068614 86884502
======================
   8      16 sdb 1365679 10026 11005556 6417603 29145909 13931618 344620216 80461121 1 6073431 86889388
======================
   8      16 sdb 1366557 10026 11012580 6422494 29145923 13932572 344627960 80461206 1 6078272 86894314
======================
   8      16 sdb 1367875 10026 11023124 6427279 29145938 13933590 344636224 80461285 1 6083058 86899175
======================
   8      16 sdb 1368742 10026 11030060 6432117 29149668 13935248 344679328 80473100 1 6087905 86915822
======================
   8      16 sdb 1369792 10026 11038460 6435985 29149680 13936088 344686144 80473165 1 6092732 86920714
======================
   8      16 sdb 1370732 10026 11045980 6441792 29149692 13936931 344692984 80473227 0 6097576 86925620
======================
   8      16 sdb 1372066 10026 11056652 6446567 29149709 13938193 344703216 80473349 1 6102354 86930519
======================
   8      16 sdb 1372925 10026 11063524 6451394 29153489 13939805 344746352 80486811 1 6107191 86948806
======================
   8      16 sdb 1374233 10026 11073988 6456195 29153501 13940656 344753256 80486868 1 6111988 86953658
======================
   8      16 sdb 1375542 10026 11084460 6460961 29153520 13941948 344763744 80486992 1 6116759 86958547
======================
   8      16 sdb 1376873 10026 11095108 6465724 29153538 13943206 344773952 80487111 1 6121527 86963429
======================
   8      16 sdb 1377099 10026 11096916 6470696 29157427 13944520 344815576 80499118 1 6126501 86980406
======================
   8      16 sdb 1378421 10026 11107492 6475579 29157436 13945144 344820640 80499151 1 6131272 86985323
======================
   8      16 sdb 1378988 10026 11112028 6480495 29157449 13946005 344827632 80499211 1 6136174 86990297
======================
   8      16 sdb 1380365 10026 11123044 6485332 29157467 13947255 344837776 80499329 1 6140931 86995250
======================
   8      16 sdb 1381354 10026 11130956 6490271 29161137 13948875 344880096 80510909 1 6145778 87011763
======================
   8      16 sdb 1381953 10026 11135748 6495168 29161148 13949598 344885968 80510956 1 6150676 87016708
======================
   8      16 sdb 1383322 10026 11146700 6499976 29161162 13950489 344893208 80511028 1 6155441 87021586
======================
   8      16 sdb 1384659 10026 11157396 6504796 29161181 13951761 344903536 80511162 1 6160231 87026539
======================
   8      16 sdb 1385830 10026 11166764 6509779 29163839 13953153 344935936 80519534 1 6165031 87039889
======================
   8      16 sdb 1387164 10026 11177436 6514556 29163856 13954407 344946104 80519653 1 6169799 87044782
======================
   8      16 sdb 1387892 10026 11183260 6519426 29163867 13955182 344952392 80519704 1 6174669 87049703
======================
   8      16 sdb 1388998 10026 11192100 6524232 29166847 13956442 344986312 80529220 1 6179477 87064021
======================
   8      16 sdb 1389814 10026 11198636 6529036 29166861 13957365 344993808 80529295 1 6184344 87068963
======================
   8      16 sdb 1390999 10026 11208116 6533901 29166877 13958509 345003088 80529397 1 6189140 87073861
======================
   8      16 sdb 1392127 10026 11217140 6538711 29169742 13959796 345036304 80538418 1 6193956 87087816
======================
   8      16 sdb 1393467 10026 11227860 6543509 29169754 13961069 345043984 80538502 6 6198754 87092743
======================
   8      16 sdb 1394802 10026 11238540 6548271 29169760 13961069 345046632 80538552 1 6203523 87097516
======================
   8      16 sdb 1395625 10026 11245124 6552904 29173022 13962580 345084816 80661618 1 6208392 87225442
======================
   8      16 sdb 1396403 10026 11251348 6564827 29173035 13963381 345091328 80661668 1 6213276 87237228
======================
   8      16 sdb 1397337 10026 11258820 6569722 29173047 13964116 345097304 80661716 1 6218118 87242118
======================
   8      16 sdb 1398532 10026 11268380 6574503 29175618 13965521 345129112 80670164 1 6222904 87255372
======================
   8      16 sdb 1399849 10026 11278916 6579350 29175636 13966681 345138536 80670277 0 6227683 87260299
======================
   8      16 sdb 1401142 10026 11289260 6584160 29175654 13967942 345148768 80670402 1 6232442 87265232
======================
   8      16 sdb 1402211 10026 11297812 6588617 29178975 13969480 345187632 80790470 22 6237260 87392230
======================
   8      16 sdb 1402992 10026 11304060 6593774 29179006 13970145 345193208 80792877 1 6242114 87397370
======================
   8      16 sdb 1403680 10026 11309564 6598719 29179018 13970909 345199416 80792926 1 6247000 87402305
======================
   8      16 sdb 1404986 10026 11320012 6603474 29181478 13972220 345229584 80800918 1 6251762 87415062
======================
   8      16 sdb 1406188 10026 11329628 6608281 29181495 13973369 345238912 80801024 1 6256562 87419963
======================
   8      16 sdb 1406883 10026 11335188 6613160 29181509 13974328 345246696 80801109 1 6261441 87424927
======================
   8      16 sdb 1408301 10026 11346532 6618089 29183957 13975635 345276696 80808764 130 6266222 87437819
======================
   8      16 sdb 1409395 10026 11355284 6622899 29184436 13976739 345289400 80810439 0 6271031 87443987
======================
   8      16 sdb 1410016 10026 11360252 6627771 29184448 13977592 345296320 80810498 1 6275903 87448918
======================
   8      16 sdb 1411357 10026 11370980 6632543 29184466 13978849 345306520 80810621 1 6280676 87453809
======================
   8      16 sdb 1412691 10026 11381652 6637329 29184500 13980152 345317096 80810770 145 6285464 87459001
======================
   8      16 sdb 1413479 10026 11387956 6642184 29188449 13981312 345358088 80823657 1 6290319 87476477
======================
   8      16 sdb 1414114 10026 11393036 6647083 29188462 13982177 345365112 80823716 1 6295217 87481434
======================
   8      16 sdb 1415457 10026 11403780 6651854 29188481 13983471 345375616 80823850 1 6299994 87486340
======================
   8      16 sdb 1416773 10026 11414308 6656650 29188500 13984746 345385968 80823985 1 6304793 87491269
======================
   8      16 sdb 1417414 10026 11419436 6660542 29192300 13985090 345419120 80835979 1 6309691 87508156
======================
   8      16 sdb 1418284 10026 11426396 6666388 29192312 13985860 345425376 80836028 1 6314535 87513049
======================
   8      16 sdb 1419640 10026 11437244 6671149 29192328 13986951 345434232 80836128 1 6319286 87517906
======================
   8      16 sdb 1420975 10026 11447924 6675910 29192346 13988238 345444672 80836266 1 6324049 87522807
======================
   8      16 sdb 1422093 10026 11456868 6680692 29195222 13989518 345477920 80845259 1 6328861 87536603
======================
   8      16 sdb 1422812 10026 11462620 6685613 29195237 13990523 345486080 80845337 1 6333756 87541576
======================
   8      16 sdb 1424158 10026 11473388 6690414 29195251 13991497 345493984 80845408 1 6338551 87546442
======================
   8      16 sdb 1425260 10026 11482204 6695224 29198064 13992787 345526808 80854288 1 6343358 87560123
======================
   8      16 sdb 1426588 10026 11492828 6700008 29198083 13994054 345537096 80854423 1 6348150 87565046
======================
   8      16 sdb 1427858 10026 11502988 6704673 29198101 13995327 345547424 80854559 1 6352937 87569967
======================
   8      16 sdb 1428424 10026 11507516 6709700 29201368 13996494 345582896 80941810 1 6357841 87662116
======================
   8      16 sdb 1429091 10026 11512852 6714593 29201379 13997255 345589072 80941862 1 6362730 87667057
======================
   8      16 sdb 1430457 10026 11523780 6719343 29201398 13998564 345599696 80941995 1 6367484 87671939
======================
   8      16 sdb 1431563 10026 11532628 6724150 29204167 13999828 345631960 80951240 1 6372294 87685988
======================
   8      16 sdb 1432238 10026 11538028 6729052 29204181 14000696 345639016 80951299 1 6377194 87690947
======================
   8      16 sdb 1433562 10026 11548620 6733832 29204198 14001803 345648008 80951401 1 6381976 87695826
======================
   8      16 sdb 1434750 10026 11558124 6739147 29207027 14003051 345680624 80960298 1 6386782 87710033
======================
   8      16 sdb 1435496 10026 11564092 6744024 29207039 14003842 345687048 80960355 1 6391659 87714967
======================
   8      16 sdb 1436839 10026 11574836 6748767 29207058 14005123 345697448 80960489 1 6396412 87719847
======================
   8      16 sdb 1437882 10026 11583180 6753596 29209953 14006368 345730568 80969671 1 6401245 87733852
======================
   8      16 sdb 1439182 10026 11593580 6758415 29209971 14007653 345740992 80969808 1 6406062 87738804
======================
   8      16 sdb 1439950 10026 11599724 6762898 29209984 14008582 345748528 80969882 1 6410926 87743742
======================
   8      16 sdb 1440938 10026 11607628 6768117 29212996 14009665 345781288 80979230 1 6415769 87757923
======================
   8      16 sdb 1441701 10026 11613732 6772920 29213008 14010495 345788024 80979291 1 6420626 87762841
======================
   8      16 sdb 1442940 10026 11623644 6777761 29213025 14011683 345797664 80979407 1 6425407 87767738
======================
   8      16 sdb 1444051 10026 11632532 6782522 29215717 14012945 345829296 80988195 1 6430217 87781323
======================
   8      16 sdb 1445349 10026 11642916 6787281 29215736 14014209 345839560 80988326 1 6434971 87786203
======================
   8      16 sdb 1446324 10026 11650716 6790953 29215736 14014209 345839560 80988326 1 6439789 87791021
======================
   8      16 sdb 1447063 10026 11656628 6796818 29218783 14015404 345873496 80998076 1 6444661 87805637
======================
   8      16 sdb 1447768 10026 11662268 6801876 29218795 14016127 345879376 80998124 1 6449535 87810559
======================
   8      16 sdb 1449103 10026 11672948 6806633 29218810 14017191 345888008 80998217 1 6454287 87815404
======================
   8      16 sdb 1450441 10026 11683652 6811410 29220517 14018529 345912368 81003630 1 6459068 87825593
======================
   8      16 sdb 1451794 10026 11694476 6816180 29220536 14019838 345922992 81003767 1 6463835 87830492
======================
   8      16 sdb 1453045 10026 11704484 6820749 29220554 14021129 345933464 81003903 1 6468606 87835399
======================
   8      16 sdb 1453569 10026 11708676 6825856 29224011 14022281 345970336 81028132 1 6473512 87864527
======================
   8      16 sdb 1454131 10026 11713172 6830772 29224023 14023001 345976192 81028187 1 6478428 87869498
======================
   8      16 sdb 1455478 10026 11723948 6835535 29224040 14024239 345986232 81028308 1 6483191 87874381
======================
   8      16 sdb 1456580 10026 11732764 6840338 29226661 14025481 346017136 81036897 1 6487998 87887769
======================
   8      16 sdb 1457284 10026 11738396 6845208 29226674 14026335 346024072 81036959 1 6492870 87892703
======================
   8      16 sdb 1458659 10026 11749396 6849923 29226692 14027532 346033792 81037081 1 6497593 87897536
======================
   8      16 sdb 1459721 10026 11757892 6854721 29229582 14028783 346066920 81046249 1 6502396 87911498
======================
   8      16 sdb 1460730 10026 11765964 6859272 29229600 14030030 346077040 81046373 1 6507209 87916435
======================
   8      16 sdb 1461710 10026 11773804 6864359 29229611 14030739 346082800 81046416 1 6512031 87921297
======================
   8      16 sdb 1462808 10026 11782588 6869164 29232389 14032000 346115112 81055269 1 6516847 87934954
======================
   8      16 sdb 1463530 10026 11788364 6872983 29232402 14032937 346122712 81055345 1 6521734 87939917
======================
   8      16 sdb 1464806 10026 11798572 6878831 29232402 14032937 346122712 81055345 1 6526512 87944695
======================
   8      16 sdb 1465798 10026 11806508 6883422 29235419 14034439 346158864 81064861 1 6531342 87959037
======================
   8      16 sdb 1466243 10026 11810068 6887582 29235433 14035371 346166432 81064939 0 6535259 87963032
