======================
   8      16 sdb 23724711 14926 5301701340 926736876 11798090 34078642 7423373784 2724178564 33 74314772 3650834268
======================
   8      16 sdb 23724829 14926 5301702284 926744947 11799215 34078642 7424082776 2724320550 72 74316273 3650995486
======================
   8      16 sdb 23724835 14926 5301702332 926746424 11801204 34078675 7425326432 2724922591 127 74321275 3651602703
======================
   8      16 sdb 23724841 14926 5301702380 926747695 11803754 34078690 7426931568 2725550062 50 74326278 3652223128
======================
   8      16 sdb 23724848 14926 5301702436 926750167 11806244 34078704 7428498432 2726014213 60 74331280 3652691342
======================
   8      16 sdb 23724855 14926 5301702492 926752299 11808763 34078719 7430083984 2726548145 114 74336283 3653214562
======================
   8      16 sdb 23724862 14926 5301702548 926754416 11811291 34078734 7431675296 2727030301 139 74341284 3653710251
======================
   8      16 sdb 23724868 14926 5301702596 926756218 11813825 34078751 7433270336 2727578458 155 74346287 3654267871
======================
   8      16 sdb 23724874 14926 5301702644 926758084 11816360 34078766 7434866000 2728147296 154 74351289 3654838103
======================
   8      16 sdb 23724881 14926 5301702700 926759689 11818893 34078780 7436461104 2728707008 139 74356292 3655401505
======================
   8      16 sdb 23724887 14926 5301702748 926761181 11821454 34078790 7438072384 2729276325 134 74361293 3655970157
======================
   8      16 sdb 23724894 14926 5301702804 926763036 11823935 34078810 7439632272 2729802892 150 74366296 3656498981
======================
   8      16 sdb 23724900 14926 5301702852 926764752 11826475 34078825 7441231856 2730345211 143 74371297 3657044768
======================
   8      16 sdb 23724906 14926 5301702900 926766170 11828988 34078835 7442813568 2730943325 147 74376299 3657644529
======================
   8      16 sdb 23724913 14926 5301702956 926768311 11831507 34078855 7444399128 2731457937 103 74381301 3658158036
======================
   8      16 sdb 23724919 14926 5301703004 926770114 11834025 34078865 7445983656 2732002161 83 74386304 3658702284
======================
   8      16 sdb 23724926 14926 5301703060 926772117 11836546 34078880 7447570488 2732524804 61 74391305 3659224721
======================
   8      16 sdb 23724932 14926 5301703108 926773991 11839069 34078894 7449157832 2733075388 38 74396308 3659772273
======================
   8      16 sdb 23724938 14926 5301703156 926775781 11841605 34078909 7450754136 2733615845 1 74401310 3660305392
======================
   8      16 sdb 23724946 14926 5301703220 926778307 11844121 34078924 7452338024 2734090297 137 74406312 3660794034
======================
   8      16 sdb 23724952 14926 5301703268 926779982 11846665 34078938 7453938680 2734636411 157 74411316 3661349069
======================
   8      16 sdb 23724959 14926 5301703324 926781870 11849212 34078954 7455541904 2735174145 156 74416317 3661888828
======================
   8      16 sdb 23724965 14926 5301703372 926783877 11851733 34078969 7457127728 2735723088 140 74421321 3662436775
======================
   8      16 sdb 23724972 14926 5301703428 926785901 11854245 34078984 7458708800 2736279463 150 74426324 3662982684
======================
   8      16 sdb 23724978 14926 5301703476 926787686 11856723 34078999 7460269808 2736840698 34 74431327 3663544887
======================
   8      16 sdb 23724984 14926 5301703524 926789657 11859207 34079014 7461833216 2737365183 127 74436328 3664087003
======================
   8      16 sdb 23724991 14926 5301703580 926791798 11861627 34079029 7463356432 2737891079 128 74441331 3664603578
======================
   8      16 sdb 23724997 14926 5301703628 926793512 11864123 34079033 7464927136 2738439637 133 74446333 3665163672
======================
   8      16 sdb 23725002 14926 5301703668 926794843 11866566 34079048 7466464816 2739039212 6 74451335 3665749225
======================
   8      16 sdb 23725009 14926 5301703724 926796689 11869009 34079063 7468002496 2739600751 62 74456335 3666326110
======================
   8      16 sdb 23725016 14926 5301703780 926798462 11871468 34079078 7469550160 2740164621 153 74461338 3666895159
======================
   8      16 sdb 23725022 14926 5301703828 926800158 11873897 34079093 7471079136 2740705252 131 74466340 3667441188
======================
   8      16 sdb 23725028 14926 5301703876 926801813 11876384 34079108 7472643456 2741275302 147 74471342 3668010505
======================
   8      16 sdb 23725034 14926 5301703924 926803148 11878847 34079123 7474193680 2741895437 137 74476344 3668634634
======================
   8      16 sdb 23725041 14926 5301703980 926805005 11881287 34079138 7475729440 2742456985 134 74481346 3669195540
======================
   8      16 sdb 23725047 14926 5301704028 926806405 11883730 34079153 7477267120 2743048361 154 74486348 3669784421
======================
   8      16 sdb 23725053 14926 5301704076 926808309 11886149 34079168 7478789696 2743558992 1 74491351 3670280873
======================
   8      16 sdb 23725060 14926 5301704132 926810159 11888627 34079182 7480348880 2744126176 131 74496354 3670861197
======================
   8      16 sdb 23725065 14926 5301704172 926811584 11891104 34079197 7481908064 2744727268 45 74501357 3671463060
======================
   8      16 sdb 23725072 14926 5301704228 926813764 11893523 34079212 7483430640 2745254821 99 74506360 3672000118
======================
   8      16 sdb 23725078 14926 5301704276 926815514 11896004 34079227 7484992384 2745808480 117 74511363 3672556594
======================
   8      16 sdb 23725085 14926 5301704332 926817403 11898430 34079242 7486519440 2746368763 139 74516364 3673119841
======================
   8      16 sdb 23725091 14926 5301704380 926818994 11900889 34079257 7488065840 2746938278 146 74521365 3673688539
======================
   8      16 sdb 23725097 14926 5301704428 926820813 11903344 34079272 7489611200 2747487124 158 74526368 3674241015
======================
   8      16 sdb 23725104 14926 5301704484 926823107 11905761 34079287 7491132496 2748008226 147 74531371 3674754663
======================
   8      16 sdb 23725110 14926 5301704532 926824507 11908238 34079302 7492691680 2748599260 154 74536373 3675355648
======================
   8      16 sdb 23725116 14926 5301704580 926826462 11910668 34079317 7494221296 2749109407 33 74541375 3675858106
======================
   8      16 sdb 23725122 14926 5301704628 926828024 11913132 34079331 7495771520 2749708916 69 74546377 3676465226
======================
   8      16 sdb 23725128 14926 5301704676 926829806 11915569 34079346 7497305360 2750272786 131 74551380 3677038146
======================
   8      16 sdb 23725135 14926 5301704732 926832073 11918031 34079361 7498855200 2750779649 150 74556382 3677545210
======================
   8      16 sdb 23725141 14926 5301704780 926833556 11920464 34079376 7500386480 2751371404 132 74561385 3678138039
======================
   8      16 sdb 23725147 14926 5301704828 926835387 11922780 34079391 7501844160 2751915266 1 74566387 3678663837
======================
   8      16 sdb 23725154 14926 5301704884 926837451 11925379 34079406 7503479136 2752439519 154 74571389 3679208678
======================
   8      16 sdb 23725159 14926 5301704924 926838856 11927780 34079421 7504990192 2753008960 1 74576392 3679761181
======================
   8      16 sdb 23725166 14926 5301704980 926841107 11930212 34079436 7506521088 2753524621 68 74581395 3680293572
======================
   8      16 sdb 23725172 14926 5301705028 926842839 11932611 34079451 7508031120 2754079031 142 74586396 3680858156
======================
   8      16 sdb 23725178 14926 5301705076 926844662 11935032 34079466 7509554976 2754630589 137 74591397 3681408791
======================
   8      16 sdb 23725185 14926 5301705132 926847057 11937449 34079480 7511075632 2755133122 152 74596399 3681899291
======================
   8      16 sdb 23725191 14926 5301705180 926848470 11939889 34079495 7512611392 2755732194 158 74601402 3682514103
======================
   8      16 sdb 23725198 14926 5301705236 926850388 11942301 34079511 7514129120 2756296854 152 74606406 3683072265
======================
   8      16 sdb 23725203 14926 5301705276 926851953 11944738 34079526 7515662960 2756849324 70 74611408 3683629611
======================
   8      16 sdb 23725209 14926 5301705324 926853566 11947141 34079541 7517175552 2757444206 141 74616411 3684231321
======================
   8      16 sdb 23725216 14926 5301705380 926855671 11949564 34079556 7518699424 2757961997 158 74621414 3684752600
======================
   8      16 sdb 23725222 14926 5301705428 926857676 11951912 34079571 7520177920 2758521586 149 74626417 3685293850
======================
   8      16 sdb 23725227 14926 5301705468 926859111 11954388 34079581 7521736208 2759100525 1 74631419 3685872979
======================
   8      16 sdb 23725233 14926 5301705516 926860577 11956799 34079601 7523253328 2759692157 90 74636422 3686483459
======================
   8      16 sdb 23725239 14926 5301705564 926862132 11959223 34079616 7524779696 2760298292 128 74641425 3687095640
======================
   8      16 sdb 23725246 14926 5301705620 926864348 11961635 34079626 7526297792 2760812459 130 74646427 3687611644
======================
   8      16 sdb 23725251 14926 5301705660 926865542 11963936 34079639 7527746672 2761454567 33 74651430 3688242612
======================
   8      16 sdb 23725257 14926 5301705708 926867742 11966294 34079653 7529230712 2761987740 17 74656433 3688773023
======================
   8      16 sdb 23725264 14926 5301705764 926869884 11968612 34079667 7530688472 2762521887 128 74661434 3689313562
======================
   8      16 sdb 23725269 14926 5301705804 926871548 11970964 34079671 7532169480 2763087592 86 74666435 3689891015
======================
   8      16 sdb 23725276 14926 5301705860 926873617 11973269 34079686 7533620120 2763621401 134 74671437 3690428991
======================
   8      16 sdb 23725282 14926 5301705908 926875071 11975638 34079699 7535109928 2764219175 135 74676439 3691014199
======================
   8      16 sdb 23725287 14926 5301705948 926876652 11977951 34079714 7536565688 2764775047 132 74681440 3691586463
======================
   8      16 sdb 23725294 14926 5301706004 926879048 11980234 34079729 7538002760 2765296801 129 74686442 3692098220
======================
   8      16 sdb 23725299 14926 5301706044 926880274 11982541 34079741 7539454024 2765875803 156 74691444 3692689933
======================
   8      16 sdb 23725305 14926 5301706092 926881943 11984863 34079756 7540915544 2766449836 141 74696447 3693255980
======================
   8      16 sdb 23725311 14926 5301706140 926883970 11987137 34079771 7542346856 2766982624 144 74701449 3693800704
======================
   8      16 sdb 23725317 14926 5301706188 926885564 11989433 34079786 7543791736 2767570774 152 74706451 3694387320
======================
   8      16 sdb 23725323 14926 5301706236 926887269 11991730 34079799 7545237496 2768110898 137 74711454 3694930253
======================
   8      16 sdb 23725329 14926 5301706284 926889049 11994020 34079813 7546678152 2768685255 149 74716457 3695494704
======================
   8      16 sdb 23725334 14926 5301706324 926890255 11996347 34079826 7548142856 2769265807 116 74721459 3696089268
started
======================
   8      16 sdb 23725461 14926 5301707334 926892555 11998066 34079856 7549214984 2769637193 0 74725223 3696442518
======================
   8      16 sdb 23726402 14926 5301941870 926931345 11998066 34079856 7549214984 2769637193 12 74729176 3696481970
======================
   8      16 sdb 23727569 14926 5302237422 926991326 11998069 34079858 7549215024 2769637193 12 74734179 3696541795
======================
   8      16 sdb 23728598 14926 5302495174 927050982 11998069 34079858 7549215024 2769637193 12 74739182 3696601637
======================
   8      16 sdb 23729786 14926 5302797678 927110929 11998069 34079858 7549215024 2769637193 12 74744185 3696661516
======================
   8      16 sdb 23730940 14926 5303093102 927170720 11998069 34079858 7549215024 2769637193 13 74749187 3696721299
======================
   8      16 sdb 23732124 14926 5303395782 927230574 11998069 34079858 7549215024 2769637193 12 74754190 3696781120
======================
   8      16 sdb 23733330 14926 5303704222 927290287 11998069 34079858 7549215024 2769637193 12 74759193 3696840945
======================
   8      16 sdb 23734538 14926 5304012766 927350201 11998071 34079858 7549215040 2769637193 12 74764196 3696900771
======================
   8      16 sdb 23735761 14926 5304325526 927409970 11998071 34079858 7549215040 2769637193 12 74769199 3696960619
======================
   8      16 sdb 23736958 14926 5304631590 927469805 11998071 34079858 7549215040 2769637193 12 74774202 3697020419
======================
   8      16 sdb 23738149 14926 5304936270 927529757 11998071 34079858 7549215040 2769637193 12 74779205 3697080233
======================
   8      16 sdb 23739329 14926 5305238142 927589424 11998071 34079858 7549215040 2769637193 12 74784208 3697140015
======================
   8      16 sdb 23740531 14926 5305545806 927649258 11998071 34079858 7549215040 2769637193 12 74789211 3697199818
======================
   8      16 sdb 23741715 14926 5305848902 927709200 11998071 34079858 7549215040 2769637193 12 74794214 3697259605
======================
   8      16 sdb 23742883 14926 5306147822 927768884 11998071 34079858 7549215040 2769637193 12 74799217 3697319419
======================
   8      16 sdb 23744041 14926 5306444094 927828763 11998071 34079858 7549215040 2769637193 12 74804220 3697379253
======================
   8      16 sdb 23745238 14926 5306750406 927888339 11998071 34079858 7549215040 2769637193 12 74809223 3697439175
======================
   8      16 sdb 23746424 14926 5307054022 927948645 11998071 34079858 7549215040 2769637193 12 74814226 3697498982
======================
   8      16 sdb 23747622 14926 5307360478 928008351 11998071 34079858 7549215040 2769637193 12 74819229 3697558824
======================
   8      16 sdb 23748806 14926 5307663462 928068215 11998071 34079858 7549215040 2769637193 12 74824233 3697618658
======================
   8      16 sdb 23749974 14926 5307962358 928127953 11998071 34079858 7549215040 2769637193 12 74829237 3697678522
======================
   8      16 sdb 23751155 14926 5308264694 928187797 11998071 34079858 7549215040 2769637193 12 74834241 3697738324
======================
   8      16 sdb 23752346 14926 5308569166 928247840 11998071 34079858 7549215040 2769637193 12 74839244 3697798156
======================
   8      16 sdb 23753533 14926 5308872998 928307330 11998071 34079858 7549215040 2769637193 12 74844247 3697857966
======================
   8      16 sdb 23754687 14926 5309168118 928367172 11998071 34079858 7549215040 2769637193 12 74849250 3697917768
======================
   8      16 sdb 23755846 14926 5309464582 928426997 11998071 34079858 7549215040 2769637193 12 74854253 3697977567
======================
   8      16 sdb 23757022 14926 5309765398 928486834 11998071 34079858 7549215040 2769637193 12 74859256 3698037400
======================
   8      16 sdb 23758197 14926 5310066166 928546846 11998071 34079858 7549215040 2769637193 12 74864259 3698097213
======================
   8      16 sdb 23759367 14926 5310365686 928606501 11998071 34079858 7549215040 2769637193 12 74869275 3698157192
======================
   8      16 sdb 23760525 14926 5310662134 928666530 11998071 34079858 7549215040 2769637193 12 74874278 3698217030
======================
   8      16 sdb 23761747 14926 5310974966 928726176 11998071 34079858 7549215040 2769637193 12 74879281 3698276813
======================
   8      16 sdb 23762933 14926 5311278582 928785895 11998071 34079858 7549215040 2769637193 12 74884284 3698336626
======================
   8      16 sdb 23764126 14926 5311583990 928845863 11998071 34079858 7549215040 2769637193 12 74889287 3698396442
======================
   8      16 sdb 23765323 14926 5311890422 928905824 11998071 34079858 7549215040 2769637193 12 74894290 3698456246
======================
   8      16 sdb 23766502 14926 5312192246 928965587 11998071 34079858 7549215040 2769637193 12 74899293 3698516064
======================
   8      16 sdb 23767671 14926 5312491510 929025430 11998071 34079858 7549215040 2769637193 12 74904296 3698575862
======================
   8      16 sdb 23768837 14926 5312789822 929085043 11998071 34079858 7549215040 2769637193 12 74909299 3698635651
======================
   8      16 sdb 23770009 14926 5313089782 929144862 11998071 34079858 7549215040 2769637193 12 74914302 3698695507
======================
   8      16 sdb 23771186 14926 5313391078 929204820 11998071 34079858 7549215040 2769637193 12 74919305 3698755332
======================
   8      16 sdb 23772394 14926 5313700214 929264499 11998071 34079858 7549215040 2769637193 12 74924309 3698815136
======================
   8      16 sdb 23773546 14926 5313994958 929324460 11998071 34079858 7549215040 2769637193 12 74929312 3698874964
======================
   8      16 sdb 23774741 14926 5314300734 929384255 11998071 34079858 7549215040 2769637193 12 74934315 3698934811
======================
   8      16 sdb 23775917 14926 5314601622 929444311 11998071 34079858 7549215040 2769637193 12 74939319 3698994642
======================
   8      16 sdb 23777081 14926 5314899430 929503867 11998071 34079858 7549215040 2769637193 12 74944322 3699054448
======================
   8      16 sdb 23778252 14926 5315199158 929563492 11998071 34079858 7549215040 2769637193 12 74949325 3699114262
======================
   8      16 sdb 23779412 14926 5315496118 929623571 11998071 34079858 7549215040 2769637193 11 74954329 3699174110
======================
   8      16 sdb 23780606 14926 5315801406 929683189 11998071 34079858 7549215040 2769637193 12 74959332 3699233925
======================
   8      16 sdb 23781788 14926 5316103902 929743463 11998071 34079858 7549215040 2769637193 12 74964335 3699293733
======================
   8      16 sdb 23782977 14926 5316408286 929802972 11998071 34079858 7549215040 2769637193 12 74969339 3699353553
======================
   8      16 sdb 23784168 14926 5316713182 929863014 11998071 34079858 7549215040 2769637193 12 74974342 3699413340
======================
   8      16 sdb 23785346 14926 5317014750 929922569 11998071 34079858 7549215040 2769637193 12 74979345 3699473127
======================
   8      16 sdb 23786549 14926 5317322718 929982427 11998071 34079858 7549215040 2769637193 12 74984350 3699532939
======================
   8      16 sdb 23787722 14926 5317623006 930042155 11998071 34079858 7549215040 2769637193 11 74989353 3699592754
======================
   8      16 sdb 23788895 14926 5317923294 930102233 11998071 34079858 7549215040 2769637193 12 74994356 3699652525
======================
   8      16 sdb 23790058 14926 5318221022 930161907 11998071 34079858 7549215040 2769637193 12 74999360 3699712351
======================
   8      16 sdb 23791263 14926 5318529502 930221599 11998071 34079858 7549215040 2769637193 12 75004363 3699772152
======================
   8      16 sdb 23792482 14926 5318841566 930281536 11998071 34079858 7549215040 2769637193 12 75009367 3699831961
======================
   8      16 sdb 23793661 14926 5319143390 930341362 11998071 34079858 7549215040 2769637193 12 75014369 3699891757
======================
   8      16 sdb 23794843 14926 5319445830 930401044 11998071 34079858 7549215040 2769637193 12 75019372 3699951639
======================
   8      16 sdb 23796043 14926 5319753030 930460971 11998071 34079858 7549215040 2769637193 12 75024375 3700011452
======================
   8      16 sdb 23797222 14926 5320054854 930520760 11998071 34079858 7549215040 2769637193 12 75029378 3700071259
======================
   8      16 sdb 23798388 14926 5320353350 930580490 11998071 34079858 7549215040 2769637193 12 75034382 3700131075
======================
   8      16 sdb 23799569 14926 5320655686 930640362 11998071 34079858 7549215040 2769637193 12 75039385 3700190876
======================
   8      16 sdb 23800742 14926 5320955974 930700397 11998071 34079858 7549215040 2769637193 12 75044388 3700250674
======================
   8      16 sdb 23801925 14926 5321258822 930760005 11998071 34079858 7549215040 2769637193 12 75049391 3700310487
======================
   8      16 sdb 23803082 14926 5321554998 930819938 11998071 34079858 7549215040 2769637193 12 75054395 3700370300
======================
   8      16 sdb 23804227 14926 5321848054 930879765 11998071 34079858 7549215040 2769637193 12 75059399 3700430142
======================
   8      16 sdb 23805432 14926 5322156534 930939737 11998071 34079858 7549215040 2769637193 12 75064402 3700489951
======================
   8      16 sdb 23806604 14926 5322456462 930999295 11998071 34079858 7549215040 2769637193 12 75069405 3700549772
======================
   8      16 sdb 23807797 14926 5322761870 931059183 11998071 34079858 7549215040 2769637193 12 75074408 3700609588
======================
   8      16 sdb 23809003 14926 5323070558 931119226 11998071 34079858 7549215040 2769637193 12 75079411 3700669369
======================
   8      16 sdb 23810211 14926 5323379614 931178501 11998071 34079858 7549215040 2769637193 12 75084414 3700729143
======================
   8      16 sdb 23811393 14926 5323682206 931238294 11998071 34079858 7549215040 2769637193 12 75089417 3700788961
======================
   8      16 sdb 23812564 14926 5323981982 931298572 11998071 34079858 7549215040 2769637193 12 75094420 3700848774
======================
   8      16 sdb 23813747 14926 5324284830 931358053 11998071 34079858 7549215040 2769637193 12 75099423 3700908585
======================
   8      16 sdb 23814939 14926 5324589982 931417915 11998071 34079858 7549215040 2769637193 12 75104426 3700968394
======================
   8      16 sdb 23816122 14926 5324892750 931477703 11998071 34079858 7549215040 2769637193 12 75109430 3701028221
======================
   8      16 sdb 23817325 14926 5325200718 931537551 11998071 34079858 7549215040 2769637193 12 75114434 3701088028
======================
   8      16 sdb 23818482 14926 5325497422 931597670 11998071 34079858 7549215040 2769637193 12 75119437 3701147937
======================
   8      16 sdb 23819657 14926 5325798166 931657229 11998071 34079858 7549215040 2769637193 12 75124440 3701207739
======================
   8      16 sdb 23820847 14926 5326102806 931717040 11998071 34079858 7549215040 2769637193 12 75129443 3701267524
======================
   8      16 sdb 23822007 14926 5326399766 931776919 11998071 34079858 7549215040 2769637193 12 75134447 3701327334
======================
   8      16 sdb 23823211 14926 5326707926 931836794 11998071 34079858 7549215040 2769637193 12 75139450 3701387128
======================
   8      16 sdb 23824369 14926 5327004278 931896468 11998071 34079858 7549215040 2769637193 12 75144453 3701446928
======================
   8      16 sdb 23825582 14926 5327314734 931956310 11998071 34079858 7549215040 2769637193 12 75149456 3701506818
======================
   8      16 sdb 23826758 14926 5327615734 932016273 11998071 34079858 7549215040 2769637193 12 75154459 3701566635
======================
   8      16 sdb 23827929 14926 5327915510 932076119 11998071 34079858 7549215040 2769637193 12 75159462 3701626437
======================
   8      16 sdb 23829097 14926 5328214510 932135811 11998071 34079858 7549215040 2769637193 12 75164465 3701686233
======================
   8      16 sdb 23830246 14926 5328508654 932195737 11998071 34079858 7549215040 2769637193 12 75169469 3701746081
======================
   8      16 sdb 23831415 14926 5328807854 932255442 11998071 34079858 7549215040 2769637193 12 75174472 3701805906
======================
   8      16 sdb 23832578 14926 5329105526 932315307 11998071 34079858 7549215040 2769637193 12 75179475 3701865704
======================
   8      16 sdb 23833753 14926 5329406326 932374965 11998071 34079858 7549215040 2769637193 12 75184478 3701925512
======================
   8      16 sdb 23834941 14926 5329710430 932434872 11998071 34079858 7549215040 2769637193 12 75189481 3701985306
======================
   8      16 sdb 23836113 14926 5330010462 932494546 11998071 34079858 7549215040 2769637193 12 75194484 3702045103
======================
   8      16 sdb 23837289 14926 5330311518 932554392 11998071 34079858 7549215040 2769637193 12 75199487 3702104917
======================
   8      16 sdb 23838494 14926 5330619998 932614452 11998071 34079858 7549215040 2769637193 12 75204490 3702164735
======================
   8      16 sdb 23839694 14926 5330927198 932674135 11998071 34079858 7549215040 2769637193 12 75209493 3702224561
======================
   8      16 sdb 23840897 14926 5331235166 932734101 11998071 34079858 7549215040 2769637193 12 75214496 3702284354
======================
   8      16 sdb 23842068 14926 5331534694 932793773 11998071 34079858 7549215040 2769637193 12 75219499 3702344160
======================
   8      16 sdb 23843261 14926 5331840102 932853440 11998071 34079858 7549215040 2769637193 12 75224502 3702403949
======================
   8      16 sdb 23844466 14926 5332148582 932913352 11998071 34079858 7549215040 2769637193 11 75229506 3702463761
======================
   8      16 sdb 23845642 14926 5332449638 932973439 11998071 34079858 7549215040 2769637193 11 75234510 3702523611
======================
   8      16 sdb 23846824 14926 5332752230 933032923 11998071 34079858 7549215040 2769637193 11 75239512 3702583388
======================
   8      16 sdb 23848005 14926 5333054326 933093088 11998071 34079858 7549215040 2769637193 12 75244516 3702643349
======================
   8      16 sdb 23849188 14926 5333357174 933152758 11998071 34079858 7549215040 2769637193 12 75249518 3702703134
======================
   8      16 sdb 23850389 14926 5333664630 933212803 11998071 34079858 7549215040 2769637193 12 75254521 3702762952
======================
   8      16 sdb 23851543 14926 5333960054 933272393 11998071 34079858 7549215040 2769637193 12 75259525 3702822755
======================
   8      16 sdb 23852719 14926 5334261110 933332220 11998071 34079858 7549215040 2769637193 12 75264529 3702882556
======================
   8      16 sdb 23853897 14926 5334562598 933392149 11998071 34079858 7549215040 2769637193 12 75269533 3702942541
======================
   8      16 sdb 23855085 14926 5334866726 933451976 11998071 34079858 7549215040 2769637193 12 75274536 3703002323
======================
   8      16 sdb 23856245 14926 5335163686 933511823 11998071 34079858 7549215040 2769637193 12 75279539 3703062123
======================
   8      16 sdb 23857413 14926 5335462694 933571658 11998071 34079858 7549215040 2769637193 12 75284542 3703121898
======================
   8      16 sdb 23858576 14926 5335760374 933631384 11998071 34079858 7549215040 2769637193 12 75289545 3703181679
======================
   8      16 sdb 23859754 14926 5336061782 933691146 11998071 34079858 7549215040 2769637193 12 75294548 3703241513
======================
   8      16 sdb 23860958 14926 5336370006 933750894 11998071 34079858 7549215040 2769637193 12 75299552 3703301321
======================
   8      16 sdb 23862146 14926 5336674038 933810801 11998071 34079858 7549215040 2769637193 12 75304555 3703361147
======================
   8      16 sdb 23863329 14926 5336976886 933870650 11998071 34079858 7549215040 2769637193 12 75309558 3703420959
======================
   8      16 sdb 23864517 14926 5337280742 933930550 11998071 34079858 7549215040 2769637193 12 75314561 3703480913
======================
   8      16 sdb 23865735 14926 5337592550 933990349 11998071 34079858 7549215040 2769637193 12 75319564 3703540686
======================
   8      16 sdb 23866913 14926 5337894118 934050111 11998071 34079858 7549215040 2769637193 12 75324567 3703600517
======================
   8      16 sdb 23868090 14926 5338195430 934109877 11998071 34079858 7549215040 2769637193 12 75329570 3703660338
======================
   8      16 sdb 23869254 14926 5338493350 934169828 11998071 34079858 7549215040 2769637193 12 75334573 3703720120
======================
   8      16 sdb 23870432 14926 5338794918 934229597 11998071 34079858 7549215040 2769637193 12 75339576 3703779922
======================
   8      16 sdb 23871608 14926 5339095830 934289353 11998071 34079858 7549215040 2769637193 12 75344580 3703839732
======================
   8      16 sdb 23872780 14926 5339395862 934349556 11998071 34079858 7549215040 2769637193 12 75349583 3703899562
======================
   8      16 sdb 23873941 14926 5339692910 934409279 11998071 34079858 7549215040 2769637193 12 75354586 3703959384
======================
   8      16 sdb 23875122 14926 5339995214 934468945 11998071 34079858 7549215040 2769637193 12 75359589 3704019212
======================
   8      16 sdb 23876284 14926 5340292198 934528659 11998071 34079858 7549215040 2769637193 12 75364592 3704079007
======================
   8      16 sdb 23877470 14926 5340595742 934588269 11998071 34079858 7549215040 2769637193 12 75369595 3704138809
======================
   8      16 sdb 23878650 14926 5340897782 934648214 11998071 34079858 7549215040 2769637193 12 75374598 3704198599
======================
   8      16 sdb 23879839 14926 5341202166 934708053 11998071 34079858 7549215040 2769637193 12 75379602 3704258411
======================
   8      16 sdb 23881017 14926 5341503622 934767955 11998071 34079858 7549215040 2769637193 12 75384605 3704318219
======================
   8      16 sdb 23882202 14926 5341806838 934827736 11998071 34079858 7549215040 2769637193 12 75389608 3704378041
======================
   8      16 sdb 23883367 14926 5342105062 934887430 11998071 34079858 7549215040 2769637193 12 75394611 3704437855
======================
   8      16 sdb 23884560 14926 5342410438 934947312 11998071 34079858 7549215040 2769637193 12 75399614 3704497655
======================
   8      16 sdb 23885752 14926 5342715590 935006972 11998071 34079858 7549215040 2769637193 12 75404617 3704557468
======================
   8      16 sdb 23886935 14926 5343018334 935067151 11998071 34079858 7549215040 2769637193 12 75409621 3704617273
======================
   8      16 sdb 23888086 14926 5343312974 935126778 11998071 34079858 7549215040 2769637193 12 75414625 3704677083
======================
   8      16 sdb 23889261 14926 5343613638 935186587 11998071 34079858 7549215040 2769637193 12 75419628 3704736880
======================
   8      16 sdb 23890456 14926 5343919526 935246378 11998071 34079858 7549215040 2769637193 12 75424631 3704796663
======================
   8      16 sdb 23891655 14926 5344226662 935306397 11998071 34079858 7549215040 2769637193 12 75429634 3704856499
======================
   8      16 sdb 23892846 14926 5344531470 935366064 11998071 34079858 7549215040 2769637193 12 75434637 3704916360
======================
   8      16 sdb 23894036 14926 5344835918 935425914 11998071 34079858 7549215040 2769637193 12 75439640 3704976164
======================
   8      16 sdb 23895205 14926 5345135030 935485686 11998071 34079858 7549215040 2769637193 12 75444644 3705035959
======================
   8      16 sdb 23896384 14926 5345436838 935545492 11998071 34079858 7549215040 2769637193 12 75449647 3705095783
======================
   8      16 sdb 23897576 14926 5345741958 935605228 11998071 34079858 7549215040 2769637193 12 75454650 3705155594
======================
   8      16 sdb 23898744 14926 5346040854 935664895 11998071 34079858 7549215040 2769637193 12 75459653 3705215392
======================
   8      16 sdb 23899897 14926 5346335974 935725236 11998071 34079858 7549215040 2769637193 12 75464656 3705275342
======================
   8      16 sdb 23901069 14926 5346635822 935784647 11998071 34079858 7549215040 2769637193 12 75469659 3705335136
======================
   8      16 sdb 23902240 14926 5346935446 935844874 11998071 34079858 7549215040 2769637193 11 75474663 3705394947
======================
   8      16 sdb 23903403 14926 5347233054 935904681 11998071 34079858 7549215040 2769637193 12 75479665 3705454739
======================
   8      16 sdb 23904577 14926 5347533790 935964326 11998071 34079858 7549215040 2769637193 12 75484668 3705514580
======================
   8      16 sdb 23905758 14926 5347836126 936023883 11998071 34079858 7549215040 2769637193 12 75489672 3705574403
======================
   8      16 sdb 23906941 14926 5348138974 936083874 11998071 34079858 7549215040 2769637193 12 75494675 3705634196
======================
   8      16 sdb 23908098 14926 5348435086 936143866 11998071 34079858 7549215040 2769637193 12 75499678 3705693999
======================
   8      16 sdb 23909289 14926 5348739622 936203507 11998071 34079858 7549215040 2769637193 12 75504681 3705753819
======================
   8      16 sdb 23910458 14926 5349038806 936263436 11998071 34079858 7549215040 2769637193 12 75509684 3705813632
======================
   8      16 sdb 23911625 14926 5349337558 936321016 11998071 34079858 7549215040 2769637193 9 75514687 3705871152
