======================
   8      16 sdb 492764 1 125838896 941808 222781 1760438 140097936 52481914 33 872686 53424076
======================
   8      16 sdb 492884 1 125839856 949638 223803 1760438 140742032 52594979 148 874058 53564438
======================
   8      16 sdb 492890 1 125839904 951163 225789 1760470 141984392 53191056 139 879060 54160848
======================
   8      16 sdb 492896 1 125839952 952441 228341 1760485 143590808 53818006 138 884064 54789226
======================
   8      16 sdb 492903 1 125840008 954821 230815 1760499 145147432 54289426 151 889066 55263390
======================
   8      16 sdb 492909 1 125840056 956183 233356 1760514 146747064 54890659 85 894069 55861448
======================
   8      16 sdb 492915 1 125840104 957978 235864 1760524 148326168 55425886 75 899071 56396752
======================
   8      16 sdb 492921 1 125840152 959885 238386 1760544 149913048 55936559 53 904074 56907165
======================
   8      16 sdb 492928 1 125840208 961690 240903 1760561 151497592 56519485 136 909074 57497150
======================
   8      16 sdb 492935 1 125840264 963381 243447 1760571 153099480 57074188 150 914077 58057274
======================
   8      16 sdb 492941 1 125840312 964859 245973 1760585 154688872 57656311 133 919080 58638541
======================
   8      16 sdb 492946 1 125840352 966263 248479 1760601 156266368 58237259 136 924083 59221291
======================
   8      16 sdb 492952 1 125840400 968143 251029 1760615 157870232 58766729 155 929085 59748607
======================
   8      16 sdb 492958 1 125840448 969763 253547 1760631 159455152 59353860 128 934087 60342266
======================
   8      16 sdb 492965 1 125840504 971863 256054 1760647 161034472 59892109 34 939089 60870618
======================
   8      16 sdb 492971 1 125840552 973829 258574 1760661 162620024 60422319 40 944091 61403743
======================
   8      16 sdb 492978 1 125840608 975859 261106 1760676 164213896 60939608 59 949092 61926271
======================
   8      16 sdb 492984 1 125840656 977590 263619 1760690 165794968 61491023 72 954095 62481856
======================
   8      16 sdb 492990 1 125840704 979015 266173 1760695 167402664 62072631 95 959099 63067847
======================
   8      16 sdb 492997 1 125840760 981158 268683 1760712 168982728 62602704 84 964102 63597964
======================
   8      16 sdb 493003 1 125840808 983017 271238 1760727 170591064 63139289 28 969105 64127206
======================
   8      16 sdb 493011 1 125840872 985098 273768 1760742 172183400 63673322 157 974107 64664569
======================
   8      16 sdb 493017 1 125840920 986914 276294 1760758 173772176 64226154 155 979109 65230726
======================
   8      16 sdb 493023 1 125840968 988739 278738 1760773 175310496 64802303 1 984111 65789026
======================
   8      16 sdb 493030 1 125841024 990559 281277 1760787 176908208 65343863 157 989112 66340842
======================
   8      16 sdb 493036 1 125841072 991969 283759 1760802 178470592 65926891 130 994116 66935346
======================
   8      16 sdb 493043 1 125841128 994165 286185 1760817 179997392 66427266 141 999119 67434724
======================
   8      16 sdb 493048 1 125841168 995799 288673 1760831 181562976 67000454 64 1004121 68007975
======================
   8      16 sdb 493054 1 125841216 997218 291122 1760846 183104496 67624748 114 1009124 68638708
======================
   8      16 sdb 493061 1 125841272 999025 293571 1760860 184645376 68172307 138 1014127 69191206
======================
   8      16 sdb 493067 1 125841320 1000769 296009 1760875 186179856 68752864 136 1019130 69772749
======================
   8      16 sdb 493074 1 125841376 1002637 298450 1760890 187716256 69296959 137 1024133 70314160
======================
   8      16 sdb 493080 1 125841424 1004115 300922 1760905 189270976 69912627 134 1029136 70922632
======================
   8      16 sdb 493086 1 125841472 1005601 303393 1760920 190826576 70508972 137 1034139 71531376
======================
   8      16 sdb 493092 1 125841520 1007119 305809 1760934 192346464 71090132 9 1039143 72097565
======================
   8      16 sdb 493098 1 125841568 1008659 308264 1760949 193891696 71679162 53 1044144 72699193
======================
   8      16 sdb 493105 1 125841624 1010623 310709 1760964 195430912 72214929 107 1049145 73243107
======================
   8      16 sdb 493111 1 125841672 1011824 313155 1760978 196969872 72837097 144 1054148 73868093
======================
   8      16 sdb 493117 1 125841720 1013549 315648 1760993 198539040 73418364 145 1059151 74449482
======================
   8      16 sdb 493124 1 125841776 1015559 318049 1761007 200049712 73946830 153 1064154 74976798
======================
   8      16 sdb 493130 1 125841824 1017010 320528 1761022 201609920 74544197 128 1069155 75578803
======================
   8      16 sdb 493136 1 125841872 1018934 322870 1761037 203083984 75058203 1 1074159 76075201
======================
   8      16 sdb 493142 1 125841920 1020541 325371 1761052 204657008 75642596 1 1079161 76661126
======================
   8      16 sdb 493148 1 125841968 1022384 327840 1761067 206211328 76203255 31 1084164 77231410
======================
   8      16 sdb 493155 1 125842024 1024787 330269 1761081 207739408 76688899 102 1089167 77732007
======================
   8      16 sdb 493161 1 125842072 1026362 332722 1761096 209283488 77273429 130 1094170 78317151
======================
   8      16 sdb 493168 1 125842128 1028477 335145 1761111 210809264 77808582 134 1099172 78837785
======================
   8      16 sdb 493174 1 125842176 1030315 337617 1761125 212363968 78358458 144 1104177 79406456
======================
   8      16 sdb 493180 1 125842224 1031901 340067 1761140 213906128 78945789 156 1109179 79995739
======================
   8      16 sdb 493187 1 125842280 1034324 342498 1761154 215435744 79450073 127 1114181 80484344
======================
   8      16 sdb 493192 1 125842320 1035610 344950 1761169 216978928 80039011 1 1119184 81072459
======================
   8      16 sdb 493198 1 125842368 1037244 347427 1761184 218538112 80613644 23 1124187 81654440
======================
   8      16 sdb 493205 1 125842424 1039370 349875 1761199 220077728 81138805 76 1129187 82192264
======================
   8      16 sdb 493211 1 125842472 1041089 352312 1761214 221611696 81701991 138 1134190 82761443
======================
   8      16 sdb 493218 1 125842528 1042645 354730 1761228 223133120 82291192 143 1139193 83352108
======================
   8      16 sdb 493224 1 125842576 1044536 357153 1761243 224658256 82841911 154 1144194 83906512
======================
   8      16 sdb 493230 1 125842624 1046168 359556 1761258 226170848 83440700 128 1149196 84505215
======================
   8      16 sdb 493237 1 125842680 1047787 361984 1761272 227698288 84023789 131 1154198 85090327
======================
   8      16 sdb 493242 1 125842720 1049491 364359 1761288 229193816 84600047 121 1159198 85667564
======================
   8      16 sdb 493249 1 125842776 1051373 366764 1761302 230707056 85154981 146 1164201 86224640
======================
   8      16 sdb 493255 1 125842824 1053174 369200 1761312 232239616 85714110 146 1169204 86784591
======================
   8      16 sdb 493261 1 125842872 1054899 371602 1761327 233751440 86300813 146 1174205 87357404
======================
   8      16 sdb 493268 1 125842928 1056898 374034 1761343 235283392 86829331 128 1179207 87899576
======================
   8      16 sdb 493273 1 125842968 1058632 376438 1761347 236795360 87372862 121 1184210 88448729
======================
   8      16 sdb 493280 1 125843024 1060621 378846 1761362 238311152 87924263 151 1189212 88989586
======================
   8      16 sdb 493286 1 125843072 1062160 381272 1761376 239837312 88498102 130 1194215 89571946
======================
   8      16 sdb 493292 1 125843120 1063809 383708 1761391 241370768 89071289 130 1199218 90152511
======================
   8      16 sdb 493299 1 125843176 1065743 386103 1761406 242878240 89625492 128 1204220 90703458
======================
   8      16 sdb 493304 1 125843216 1067034 388419 1761420 244335152 90226839 131 1209222 91314325
======================
   8      16 sdb 493310 1 125843264 1068731 390722 1761433 245784624 90802771 9 1214226 91868816
======================
   8      16 sdb 493316 1 125843312 1070520 393070 1761448 247262528 91339249 152 1219228 92430172
======================
   8      16 sdb 493322 1 125843360 1072336 395438 1761463 248752976 91899501 138 1224230 92984918
======================
   8      16 sdb 493328 1 125843408 1074128 397744 1761478 250204512 92441270 60 1229231 93528404
======================
   8      16 sdb 493334 1 125843456 1075502 400091 1761491 251680496 93034803 150 1234234 94130407
======================
   8      16 sdb 493339 1 125843496 1077016 402387 1761506 253125376 93612665 1 1239236 94687338
======================
   8      16 sdb 493346 1 125843552 1079525 404727 1761521 254598416 94104496 128 1244238 95203132
======================
   8      16 sdb 493352 1 125843600 1081109 407011 1761533 256035216 94687684 141 1249239 95784571
======================
   8      16 sdb 493357 1 125843640 1082532 409332 1761548 257496096 95267618 138 1254239 96369280
======================
   8      16 sdb 493364 1 125843696 1084636 411598 1761561 258922272 95778217 130 1259242 96864966
======================
   8      16 sdb 493369 1 125843736 1085960 413916 1761576 260381232 96346336 128 1264244 97452454
======================
   8      16 sdb 493375 1 125843784 1087983 416134 1761590 261776952 96909463 1 1269247 97994653
======================
   8      16 sdb 493381 1 125843832 1089451 418487 1761602 263257400 97465301 148 1274250 98575701
======================
   8      16 sdb 493387 1 125843880 1091525 420793 1761617 264708936 98007387 128 1279253 99116863
======================
   8      16 sdb 493392 1 125843920 1092762 422757 1761645 265939080 98476933 0 1283532 99566825
started
======================
   8      16 sdb 495772 1 126421882 1099610 422763 1761645 265939128 98476934 2 1286986 99573862
======================
   8      16 sdb 501629 1 127921274 1109363 422766 1761647 265939168 98476934 2 1292012 99583418
======================
   8      16 sdb 507820 1 129506170 1118841 422766 1761647 265939168 98476934 2 1297015 99592884
======================
   8      16 sdb 514087 1 131110522 1128311 422766 1761647 265939168 98476934 2 1302018 99602341
======================
   8      16 sdb 520272 1 132693882 1137761 422766 1761647 265939168 98476934 2 1307021 99611780
======================
   8      16 sdb 526540 1 134298490 1147239 422766 1761647 265939168 98476934 2 1312023 99621248
======================
   8      16 sdb 532772 1 135893882 1156762 422766 1761647 265939168 98476934 2 1317033 99630762
======================
   8      16 sdb 539070 1 137506170 1166312 422766 1761647 265939168 98476934 2 1322036 99640302
======================
   8      16 sdb 545345 1 139112570 1175835 422768 1761647 265939184 98476934 2 1327039 99649809
======================
   8      16 sdb 551564 1 140704634 1185365 422768 1761647 265939184 98476934 1 1332043 99659323
======================
   8      16 sdb 557825 1 142307450 1194885 422768 1761647 265939184 98476934 2 1337047 99668835
======================
   8      16 sdb 563992 1 143886202 1204432 422768 1761647 265939184 98476934 2 1342050 99678368
======================
   8      16 sdb 570274 1 145494394 1213974 422768 1761647 265939184 98476934 2 1347053 99687903
======================
   8      16 sdb 576465 1 147079290 1223519 422768 1761647 265939184 98476934 2 1352057 99697442
======================
   8      16 sdb 582760 1 148690810 1233063 422768 1761647 265939184 98476934 2 1357060 99706971
======================
   8      16 sdb 588925 1 150269050 1242627 422768 1761647 265939184 98476934 2 1362063 99716526
======================
   8      16 sdb 595215 1 151879290 1252153 422768 1761647 265939184 98476934 2 1367068 99726042
======================
   8      16 sdb 601452 2 153473914 1261724 422768 1761647 265939184 98476934 2 1372072 99735599
======================
   8      16 sdb 607636 2 155057018 1271278 422768 1761647 265939184 98476934 2 1377074 99745146
======================
   8      16 sdb 613871 2 156653178 1280817 422768 1761647 265939184 98476934 2 1382077 99754669
======================
   8      16 sdb 620151 2 158260858 1290319 422768 1761647 265939184 98476934 2 1387080 99764161
======================
   8      16 sdb 626452 2 159873914 1299853 422768 1761647 265939184 98476934 2 1392084 99773683
======================
   8      16 sdb 632565 2 161438842 1309411 422768 1761647 265939184 98476934 2 1397087 99783227
======================
   8      16 sdb 638698 2 163008890 1318939 422768 1761647 265939184 98476934 2 1402090 99792742
======================
   8      16 sdb 644710 2 164547962 1328480 422768 1761647 265939184 98476934 2 1407094 99802271
======================
   8      16 sdb 650806 2 166108538 1338023 422768 1761647 265939184 98476934 2 1412097 99811805
======================
   8      16 sdb 656874 2 167661946 1347607 422768 1761647 265939184 98476934 2 1417114 99821377
======================
   8      16 sdb 662888 2 169201530 1357163 422768 1761647 265939184 98476934 2 1422117 99830923
======================
   8      16 sdb 668992 2 170764154 1366718 422768 1761647 265939184 98476934 2 1427120 99840465
======================
   8      16 sdb 675045 2 172313722 1376242 422768 1761647 265939184 98476934 2 1432123 99849977
======================
   8      16 sdb 681115 2 173867642 1385807 422768 1761647 265939184 98476934 2 1437126 99859537
======================
   8      16 sdb 687127 2 175406714 1395411 422768 1761647 265939184 98476934 2 1442131 99869130
======================
   8      16 sdb 693234 2 176970106 1404975 422768 1761647 265939184 98476934 2 1447134 99878684
======================
   8      16 sdb 699248 2 178509690 1414515 422768 1761647 265939184 98476934 2 1452137 99888208
======================
   8      16 sdb 705359 2 180074106 1424048 422768 1761647 265939184 98476934 2 1457140 99897734
======================
   8      16 sdb 711301 2 181595258 1433643 422768 1761647 265939184 98476934 2 1462142 99907318
======================
   8      16 sdb 717437 2 183166074 1443190 422768 1761647 265939184 98476934 2 1467148 99916855
======================
   8      16 sdb 723452 2 184705914 1452754 422768 1761647 265939184 98476934 2 1472151 99926412
======================
   8      16 sdb 729480 3 186247290 1462329 422768 1761647 265939184 98476934 2 1477154 99935979
======================
   8      16 sdb 735541 3 187798906 1471888 422768 1761647 265939184 98476934 2 1482157 99945530
======================
   8      16 sdb 741533 3 189332858 1481427 422768 1761647 265939184 98476934 2 1487161 99955064
======================
   8      16 sdb 747622 3 190891898 1490982 422768 1761647 265939184 98476934 2 1492165 99964603
======================
   8      16 sdb 753630 3 192429946 1500512 422768 1761647 265939184 98476934 2 1497168 99974124
======================
   8      16 sdb 759711 3 193986682 1510049 422768 1761647 265939184 98476934 2 1502171 99983652
======================
   8      16 sdb 765713 3 195523194 1519612 422768 1761647 265939184 98476934 2 1507174 99993201
======================
   8      16 sdb 771819 3 197086330 1529128 422768 1761647 265939184 98476934 2 1512178 100002712
======================
   8      16 sdb 777804 3 198618490 1538664 422768 1761647 265939184 98476934 2 1517182 100012232
======================
   8      16 sdb 783919 3 200182138 1548954 422768 1761647 265939184 98476934 3 1522185 100022509
======================
   8      16 sdb 789966 3 201729914 1562303 422768 1761647 265939184 98476934 2 1527189 100035849
======================
   8      16 sdb 796033 3 203283066 1575711 422768 1761647 265939184 98476934 2 1532191 100049249
======================
   8      16 sdb 802162 3 204851834 1589092 422768 1761647 265939184 98476934 2 1537195 100062627
======================
   8      16 sdb 808101 3 206372218 1602715 422768 1761647 265939184 98476934 2 1542206 100076241
======================
   8      16 sdb 814104 3 207908986 1616348 422768 1761647 265939184 98476934 3 1547210 100089865
======================
   8      16 sdb 820070 3 209436026 1629855 422768 1761647 265939184 98476934 2 1552213 100103358
======================
   8      16 sdb 826019 3 210958714 1643596 422768 1761647 265939184 98476934 3 1557217 100117094
======================
   8      16 sdb 832010 3 212492154 1657168 422768 1761647 265939184 98476934 3 1562220 100130654
======================
   8      16 sdb 837988 3 214022522 1670663 422768 1761647 265939184 98476934 3 1567225 100144134
======================
   8      16 sdb 843915 3 215539330 1684145 422768 1761647 265939184 98476934 2 1572228 100157604
======================
   8      16 sdb 849919 3 217076098 1697645 422768 1761647 265939184 98476934 2 1577231 100171096
======================
   8      16 sdb 855912 3 218610306 1711121 422768 1761647 265939184 98476934 3 1582236 100184561
======================
   8      16 sdb 861904 3 220144002 1724585 422768 1761647 265939184 98476934 2 1587238 100198019
======================
   8      16 sdb 867861 3 221668994 1737938 422768 1761647 265939184 98476934 3 1592239 100211363
======================
   8      16 sdb 873773 3 223182466 1751327 422768 1761647 265939184 98476934 2 1597242 100224746
======================
   8      16 sdb 879830 3 224732802 1764839 422768 1761647 265939184 98476934 3 1602245 100238252
======================
   8      16 sdb 885740 3 226245762 1778360 422768 1761647 265939184 98476934 3 1607248 100251759
======================
   8      16 sdb 891733 3 227779970 1791770 422768 1761647 265939184 98476934 3 1612251 100265161
======================
   8      16 sdb 897536 3 229265282 1805221 422768 1761647 265939184 98476934 3 1617254 100278602
======================
   8      16 sdb 903313 3 230744194 1818794 422768 1761647 265939184 98476934 3 1622257 100292166
======================
   8      16 sdb 909070 3 232217730 1832319 422768 1761647 265939184 98476934 2 1627260 100305680
======================
   8      16 sdb 914791 3 233682306 1845784 422768 1761647 265939184 98476934 3 1632264 100319138
======================
   8      16 sdb 920601 3 235169666 1859291 422768 1761647 265939184 98476934 3 1637267 100332633
======================
   8      16 sdb 926338 3 236638082 1872658 422768 1761647 265939184 98476934 3 1642271 100345988
======================
   8      16 sdb 932133 3 238121602 1886106 422768 1761647 265939184 98476934 3 1647274 100359423
======================
   8      16 sdb 937814 3 239575946 1898821 422768 1761647 265939184 98476934 2 1652277 100372125
======================
   8      16 sdb 943519 3 241036170 1908404 422768 1761647 265939184 98476934 2 1657281 100381699
======================
   8      16 sdb 949121 3 242470490 1918040 422768 1761647 265939184 98476934 2 1662285 100391327
======================
   8      16 sdb 954766 3 243915610 1927643 422768 1761647 265939184 98476934 2 1667288 100400917
======================
   8      16 sdb 960447 3 245369946 1937214 422768 1761647 265939184 98476934 2 1672291 100410477
======================
   8      16 sdb 966143 3 246828122 1946792 422768 1761647 265939184 98476934 2 1677294 100420045
======================
   8      16 sdb 971813 3 248279642 1956387 422768 1761647 265939184 98476934 2 1682297 100429629
======================
   8      16 sdb 977446 3 249721690 1966002 422768 1761647 265939184 98476934 2 1687300 100439236
======================
   8      16 sdb 983127 3 251176026 1975551 422768 1761647 265939184 98476934 2 1692303 100448779
