26360.322
19436.673
17651.001
21135.456
21045.413
20400.658
19382.559
17173.823
17154.786
16778.579
16540.245
16412.130
16901.671
17155.331
16910.579
17038.160
16997.185
17174.584
17699.108
16612.567
17288.155
15946.795
17177.182
16453.024
16538.391
17387.136
16157.074
17025.915
15999.767
17056.189
17174.911
16755.799
16715.461
16343.804
16627.960
16328.485
16798.254
17314.503
16107.401
16284.549
17241.960
16744.317
16509.610
17151.863
16850.988
16824.585
16656.086
16445.304
16522.733
16353.479
17189.496
15982.459
16667.945
16694.683
16356.397
16754.370
16794.247
16304.837
16695.539
16664.603
16343.925
16418.220
16389.861
16447.519
16486.992
16246.155
16813.913
15987.495
16283.785
15755.890
9691.440
