======================
   8      48 sdd 39897 10180 400590 191038 24158305 11154563 282502944 60281081 0 803761 60484702
======================
   8      48 sdd 39906 10180 400662 191040 24158305 11154563 282502944 60281081 0 803763 60484704
======================
   8      48 sdd 39920 10180 400774 191144 24216647 11160723 283018960 60371143 0 804909 60575128
======================
   8      48 sdd 39935 10180 400894 191374 24310092 11172405 283859976 60536533 0 806655 60740852
======================
   8      48 sdd 39946 10180 400982 191570 24409397 11198954 284866808 60839412 0 809229 61043892
======================
   8      48 sdd 39958 10180 401078 191709 24466141 11218102 285473944 61029803 0 810881 61234526
======================
   8      48 sdd 39969 10180 401166 191893 24529866 11243192 286184464 61269272 0 812807 61474297
======================
   8      48 sdd 39982 10180 401270 192101 24625865 11267525 287147120 61464412 0 814806 61669702
======================
   8      48 sdd 39992 10180 401350 192277 24717301 11297282 288116664 61691446 0 816931 61896880
======================
   8      48 sdd 40005 10180 401454 192402 24797511 11321335 288950768 61860878 0 818618 62066405
======================
   8      48 sdd 40016 10180 401542 192546 24867367 11343138 289684040 62026558 0 820362 62232303
======================
   8      48 sdd 40027 10180 401630 192707 24936870 11365304 290417392 62182093 110 822007 62388152
======================
   8      48 sdd 40037 10180 401710 192803 24999624 11395067 291157528 62321864 134 823455 62528633
======================
   8      48 sdd 40049 10180 401806 193044 25081493 11421785 292026224 62545982 0 825423 62752721
======================
   8      48 sdd 40057 10180 401870 193164 25168611 11456479 293000720 62779729 0 827766 62986554
started
======================
   8      48 sdd 73763 10180 671512 219330 25168617 11456479 293000768 62779730 0 829257 63012711
======================
   8      48 sdd 105008 10180 921472 242094 25168666 11460160 293030608 62780461 1 832340 63036197
======================
   8      48 sdd 117158 10180 1018672 244873 25168874 11476386 293162080 62787420 0 834986 63045930
======================
   8      48 sdd 126983 10180 1097272 247477 25177102 11484511 293292904 62856389 0 838111 63117485
======================
   8      48 sdd 137970 10180 1185168 249862 25183046 11492631 293405416 62924935 0 840978 63188402
======================
   8      48 sdd 149173 10180 1274792 252495 25188996 11500746 293517936 62961599 1 843879 63227692
======================
   8      48 sdd 159215 10180 1355128 255071 25199264 11511531 293686360 63052831 0 846962 63321485
======================
   8      48 sdd 170350 10180 1444208 257530 25206099 11527767 293870928 63101059 1 849845 63372162
======================
   8      48 sdd 178837 10180 1512104 259601 25211032 11535381 293971304 63140485 156 852231 63414323
======================
   8      48 sdd 189039 10180 1593720 262005 25218166 11543509 294093400 63220643 0 855258 63496201
======================
   8      48 sdd 200439 10180 1684920 264563 25225190 11552541 294221848 63265536 1 858068 63543634
======================
   8      48 sdd 211130 10180 1770448 267411 25233534 11563277 294374488 63315591 1 860978 63596506
======================
   8      48 sdd 222720 10180 1863168 270077 25233639 11571390 294440232 63319283 1 863702 63602860
======================
   8      48 sdd 232959 10180 1945080 272443 25240618 11587617 294625880 63405898 141 866757 63692234
======================
   8      48 sdd 241529 10180 2013640 274388 25246758 11595399 294737256 63460459 137 869129 63748670
======================
   8      48 sdd 251171 10180 2090776 276902 25257508 11603542 294888400 63543396 1 872273 63833741
======================
   8      48 sdd 260394 10180 2164560 279136 25261954 11612697 294997208 63566630 1 874509 63859194
======================
   8      48 sdd 270922 10180 2248784 282056 25271142 11623892 295160272 63634807 1 877496 63930277
======================
   8      48 sdd 282753 10180 2343432 284695 25271248 11632004 295226016 63638784 0 880192 63936887
======================
   8      48 sdd 293861 10180 2432296 287182 25277125 11640139 295338112 63688789 1 883080 63989381
======================
   8      48 sdd 303546 10180 2509776 289434 25289028 11656396 295563392 63810563 1 886260 64113380
======================
   8      48 sdd 314432 10180 2596864 292115 25297194 11666060 295706032 63856268 0 889146 64161740
======================
   8      48 sdd 324285 10180 2675688 294969 25310474 11678747 295913768 63960676 1 892141 64268977
======================
   8      48 sdd 336506 10180 2773456 297502 25310579 11686860 295979512 63964656 0 894730 64275484
======================
   8      48 sdd 345418 10180 2844752 299746 25310684 11694973 296045256 63968292 0 897003 64281361
======================
   8      48 sdd 355863 10180 2928312 302149 25316605 11703091 296157568 64043574 1 899977 64359034
======================
   8      48 sdd 366850 10180 3016208 304716 25322478 11711215 296269544 64093491 1 902906 64411507
======================
   8      48 sdd 376654 10180 3094640 307204 25336432 11729423 296526840 64195410 1 906031 64515885
======================
   8      48 sdd 386529 10180 3173640 310155 25349715 11742031 296733968 64281632 1 909153 64605035
======================
   8      48 sdd 397755 10180 3263448 312978 25349819 11750017 296798688 64284939 1 912032 64611160
======================
   8      48 sdd 406761 10180 3335496 315219 25349924 11758130 296864432 64288311 1 914330 64616767
======================
   8      48 sdd 417277 10180 3419624 317566 25355751 11766251 296976016 64372876 0 917307 64703664
======================
   8      48 sdd 427938 10180 3504912 319994 25361698 11774369 297088536 64438365 0 920243 64771575
======================
   8      48 sdd 438682 10180 3590864 322555 25372950 11784338 297258304 64510018 0 923210 64845769
======================
   8      48 sdd 446623 10180 3654392 324805 25383414 11794555 297423752 64579085 1 925685 64917072
======================
   8      48 sdd 457761 10180 3743496 327654 25383610 11809647 297546056 64585880 0 928576 64926704
======================
   8      48 sdd 469578 10180 3838032 330351 25383715 11817760 297611800 64589557 0 931324 64933067
======================
   8      48 sdd 479626 10180 3918416 332499 25393826 11825899 297757800 64715559 1 934397 65061201
======================
   8      48 sdd 487754 10180 3983440 334636 25401579 11835045 297892512 64760110 160 936838 65108340
======================
   8      48 sdd 499648 10180 4078592 337400 25405792 11843495 297994296 64782063 1 939591 65132576
======================
   8      48 sdd 509934 10180 4160880 340273 25413676 11862475 298209208 64847465 0 942590 65200827
======================
   8      48 sdd 520665 10180 4246728 342652 25419633 11870604 298321896 64973297 0 945642 65329023
======================
   8      48 sdd 531749 10180 4335400 345065 25425533 11878755 298434304 65037602 0 948519 65395727
======================
   8      48 sdd 542716 10180 4423136 347486 25431510 11886895 298547240 65097192 1 951396 65457724
======================
   8      48 sdd 551388 10180 4492512 349613 25439695 11897108 298694424 65142782 0 953714 65505422
======================
   8      48 sdd 562283 10180 4579672 352488 25447567 11906136 298829624 65215617 1 956603 65581118
======================
   8      48 sdd 574392 10180 4676544 355083 25447778 11922361 298961112 65223551 1 959306 65591633
======================
   8      48 sdd 583108 10180 4746272 357678 25458082 11930484 299108528 65316902 1 962604 65687564
======================
   8      48 sdd 599430 10180 4876848 366717 25464213 11938565 299222224 65377380 0 965119 65757068
======================
   8      48 sdd 610251 10180 4963416 369135 25470914 11946694 299340864 65438437 1 968011 65820535
======================
   8      48 sdd 621126 10180 5050416 371792 25479258 11956552 299486480 65488763 0 970893 65873501
======================
   8      48 sdd 631268 10180 5131552 374738 25487439 11966715 299633232 65526703 1 973911 65914369
======================
   8      48 sdd 640105 10180 5202248 376947 25487544 11974828 299698976 65530231 1 976198 65920121
======================
   8      48 sdd 651298 10180 5291792 379491 25493448 11982968 299811328 65584532 0 979097 65976933
======================
   8      48 sdd 661186 10180 5370896 381664 25505123 11999213 300034688 65707488 152 982189 66103519
======================
   8      48 sdd 671599 10180 5454200 384195 25511348 12007337 300149480 65768558 0 985191 66165634
======================
   8      48 sdd 680752 10180 5527424 386424 25517000 12016483 300267864 65794377 0 987429 66193669
======================
   8      48 sdd 691047 10180 5609784 389348 25525384 12028028 300427296 65888182 1 990433 66290387
======================
   8      48 sdd 702430 10180 5700848 392083 25525489 12036141 300493040 65891947 0 993224 66296881
======================
   8      48 sdd 712778 10180 5783632 394686 25531409 12044263 300605376 65944673 1 996233 66352192
======================
   8      48 sdd 721161 10180 5850696 396760 25537372 12052381 300718024 65980812 1 998603 66390395
======================
   8      48 sdd 731664 10180 5934720 399139 25542594 12068001 300884760 66064609 1 1001576 66476554
======================
   8      48 sdd 739908 10180 6000672 401371 25551577 12078708 301042280 66111773 1 1003977 66525933
======================
   8      48 sdd 750564 10180 6085920 404253 25559686 12089394 301192640 66160535 0 1006922 66577552
======================
   8      48 sdd 760325 10180 6164008 406320 25559791 12097507 301258384 66164819 1 1009051 66583899
======================
   8      48 sdd 771366 10180 6252336 409128 25559891 12105196 301320696 66167979 0 1011905 66589855
======================
   8      48 sdd 782192 10180 6338944 411694 25564994 12113324 301426544 66216173 1 1014842 66640605
======================
   8      48 sdd 792320 10180 6419968 414021 25575713 12129592 301642432 66306530 136 1017892 66734209
======================
   8      48 sdd 800854 10180 6488240 416020 25586807 12139223 301808240 66401809 1 1020533 66830538
======================
   8      48 sdd 811318 10180 6571952 418988 25594977 12149960 301959496 66445626 1 1023560 66877309
======================
   8      48 sdd 821060 10180 6649888 421053 25595082 12158073 302025240 66449744 1 1025684 66883489
======================
   8      48 sdd 832138 10180 6738512 423905 25595181 12165671 302086816 66452837 0 1028588 66889430
======================
   8      48 sdd 840184 10180 6802880 425913 25600368 12173791 302193272 66515547 1 1031081 66954134
======================
   8      48 sdd 851703 10180 6895032 428406 25605475 12181154 302293032 66559176 1 1033915 67000241
======================
   8      48 sdd 861561 10180 6973896 431118 25619944 12201048 302567936 66648378 0 1037005 67092127
======================
   8      48 sdd 871679 10180 7054840 434072 25634069 12213721 302782320 66771705 0 1040095 67218381
======================
   8      48 sdd 883425 10180 7148808 436829 25634174 12221834 302848064 66775099 1 1042877 67224523
======================
   8      48 sdd 895394 10180 7244560 439574 25634279 12229947 302913808 66778657 1 1045675 67230819
======================
   8      48 sdd 905889 10180 7328520 442048 25640282 12238068 303026800 66855368 0 1048724 67309993
======================
   8      48 sdd 915775 10180 7407608 444431 25652220 12254334 303252432 66948181 1 1051836 67405167
======================
   8      48 sdd 925866 10180 7488336 446976 25664862 12265535 303443176 67047174 0 1054916 67506805
======================
   8      48 sdd 936855 10180 7576248 449744 25674479 12275621 303600600 67097545 133 1057821 67560895
======================
   8      48 sdd 948248 10180 7667392 452536 25675254 12283806 303672480 67111634 1 1060660 67576801
======================
   8      48 sdd 960635 10180 7766488 455148 25675359 12291919 303738224 67115681 1 1063321 67583444
======================
   8      48 sdd 968013 10180 7825512 456843 25681314 12300039 303850824 67242757 1 1065941 67712199
======================
   8      48 sdd 978524 10180 7909600 459382 25686709 12314912 304012968 67299633 0 1068914 67771593
======================
   8      48 sdd 989599 10180 7998200 462003 25691866 12323038 304119232 67338243 1 1071841 67812812
======================
   8      48 sdd 999842 10180 8080144 464816 25703180 12336024 304313632 67401390 1 1074895 67878745
======================
   8      48 sdd 1010802 10180 8167824 467628 25710980 12345944 304455392 67454041 1 1077776 67934192
======================
   8      48 sdd 1022351 10180 8260216 470370 25711085 12354057 304521136 67457651 1 1080571 67940535
======================
   8      48 sdd 1031325 10180 8332008 472514 25723019 12370294 304746504 67599604 1 1083814 68084618
======================
   8      48 sdd 1042332 10180 8420064 474995 25729011 12378415 304859408 67654035 1 1086721 68141509
======================
   8      48 sdd 1053457 10180 8509064 477451 25734936 12386532 304971744 67705211 0 1089586 68195260
======================
   8      48 sdd 1064579 10180 8598040 480204 25743737 12396611 305122784 67746893 0 1092479 68239671
======================
   8      48 sdd 1075428 10180 8684832 483067 25750974 12406652 305261008 67822133 0 1095406 68317754
======================
   8      48 sdd 1085379 10180 8764440 485226 25757081 12422883 305439712 67952914 0 1098510 68450682
======================
   8      48 sdd 1096513 10180 8853512 487638 25763081 12431005 305552688 68022343 1 1101443 68522504
======================
   8      48 sdd 1107509 10180 8941480 490062 25769041 12439125 305665328 68082904 1 1104335 68585477
