132.773
173.666
172.772
170.070
174.465
176.859
177.261
178.259
179.759
178.260
178.060
179.261
179.658
176.862
178.758
175.565
176.962
177.162
177.861
177.561
177.159
178.163
178.464
178.059
177.461
179.861
174.761
178.059
178.160
178.562
178.361
177.261
179.061
178.463
180.265
177.865
176.662
177.357
177.260
178.559
178.259
177.762
178.860
179.861
177.064
177.162
177.561
177.963
179.363
180.059
177.563
177.563
179.059
179.459
176.762
178.361
177.060
181.459
176.159
177.759
178.069
178.275
175.474
176.473
177.373
180.872
178.075
177.271
177.973
176.972
177.471
179.872
178.968
179.359
178.259
179.664
179.359
176.659
178.063
178.363
178.459
176.162
178.362
177.459
177.460
178.859
178.260
176.260
177.560
176.959
181.459
178.060
177.958
178.758
178.162
177.961
178.959
177.059
176.959
178.758
178.260
179.460
177.460
178.261
178.959
178.560
179.959
177.760
179.859
178.760
144.411
