16.6
21.7
21.6
21.3
21.8
22.1
22.2
22.3
22.5
22.3
22.3
22.4
22.5
22.1
22.3
21.9
22.1
22.1
22.2
22.2
22.1
22.3
22.3
22.3
22.2
22.5
21.8
22.3
22.3
22.3
22.3
22.2
22.4
22.3
22.5
22.2
22.1
22.2
22.2
22.3
22.3
22.2
22.4
22.5
22.1
22.1
22.2
22.2
22.4
22.5
22.2
22.2
22.4
22.4
22.1
22.3
22.1
22.7
22.0
22.2
22.3
22.3
21.9
22.1
22.2
22.6
22.3
22.2
22.2
22.1
22.2
22.5
22.4
22.4
22.3
22.5
22.4
22.1
22.3
22.3
22.3
22.0
22.3
22.2
22.2
22.4
22.3
22.0
22.2
22.1
22.7
22.3
22.2
22.3
22.3
22.2
22.4
22.1
22.1
22.3
22.3
22.4
22.2
22.3
22.4
22.3
22.5
22.2
22.5
22.3
18.0
