======================
   8      48 sdd 10939147 9558 87589344 4339576 77083754 71703897 1190303032 1294532722 0 13503015 1298875742
======================
   8      48 sdd 10939236 9558 87590056 4339584 77083754 71703897 1190303032 1294532722 0 13503022 1298875749
======================
   8      48 sdd 10939252 9558 87590184 4339719 77159298 71711559 1190968680 1294623848 0 13504507 1298967091
======================
   8      48 sdd 10939264 9558 87590280 4339833 77222375 71722704 1191562456 1294749710 116 13505840 1299093238
======================
   8      48 sdd 10939275 9558 87590368 4340071 77309492 71746176 1192447168 1294911665 0 13507653 1299255353
======================
   8      48 sdd 10939286 9558 87590456 4340274 77387691 71764967 1193223088 1295124135 51 13509597 1299468368
======================
   8      48 sdd 10939296 9558 87590536 4340398 77462490 71784510 1193977824 1295261457 1 13511063 1299605997
======================
   8      48 sdd 10939309 9558 87590640 4340582 77546198 71812862 1194864128 1295425642 143 13512903 1299781561
======================
   8      48 sdd 10939318 9558 87590712 4340709 77604792 71829236 1195474048 1295585148 0 13514418 1299930125
======================
   8      48 sdd 10939330 9558 87590808 4340908 77690126 71857863 1196385736 1295759438 0 13516350 1300104694
======================
   8      48 sdd 10939340 9558 87590888 4341059 77754717 71880911 1197086848 1296023644 0 13518651 1300369106
======================
   8      48 sdd 10939351 9558 87590976 4341177 77823365 71902655 1197809984 1296138048 4 13520059 1300483805
======================
   8      48 sdd 10939361 9558 87591056 4341307 77887952 71924343 1198500184 1296241795 0 13521865 1300587762
======================
   8      48 sdd 10939371 9558 87591136 4341459 77954926 71946982 1199217088 1296403225 0 13523379 1300749326
======================
   8      48 sdd 10939381 9558 87591216 4341630 78025342 71976215 1200014280 1296567939 0 13525015 1300914304
started
======================
   8      48 sdd 10939446 9558 87591730 4341766 78095041 72001709 1200775824 1296774234 0 13526942 1301120704
======================
   8      48 sdd 10999364 9558 88071074 4383252 78095041 72001709 1200775824 1296774234 1 13530339 1301162174
======================
   8      48 sdd 11017201 9558 88213770 4387860 78095250 72017935 1200907304 1296781669 0 13534209 1301174202
======================
   8      48 sdd 11029518 9558 88312306 4390655 78107220 72034175 1201132984 1296975810 1 13538400 1301371116
======================
   8      48 sdd 11045343 9558 88438906 4394202 78113173 72042290 1201245528 1297036981 0 13542378 1301435818
======================
   8      48 sdd 11058730 9558 88546002 4397489 78124996 72058525 1201469992 1297137675 1 13546443 1301539773
======================
   8      48 sdd 11074700 9558 88673762 4401094 78130911 72066643 1201582256 1297184821 0 13550409 1301590501
======================
   8      48 sdd 11088050 9558 88780562 4404461 78144454 72085001 1201837464 1297287324 1 13554450 1301696338
======================
   8      48 sdd 11103890 9558 88907282 4408302 78153211 72103429 1202054944 1297346574 1 13558397 1301759413
======================
   8      48 sdd 11118653 9558 89025386 4411400 78159139 72111550 1202167336 1297470687 1 13562388 1301886599
======================
   8      48 sdd 11132288 9558 89134466 4414479 78171062 72127788 1202392624 1297604766 1 13566494 1302023738
======================
   8      48 sdd 11144537 9558 89232458 4417258 78176974 72135909 1202504888 1297656625 1 13569674 1302078353
======================
   8      48 sdd 11157957 9558 89339818 4420662 78190500 72154466 1202761552 1297758091 0 13573739 1302183202
======================
   8      48 sdd 11171680 9558 89449602 4423655 78199294 72165016 1202916304 1297813431 1 13577136 1302241512
======================
   8      48 sdd 11186152 9558 89565378 4426716 78205330 72181255 1203094504 1297941385 0 13581155 1302372504
======================
   8      48 sdd 11198949 9558 89667754 4429330 78211276 72189381 1203207080 1298011904 1 13584295 1302445620
======================
   8      48 sdd 11212575 9558 89776762 4432594 78223173 72205639 1203432320 1298121257 1 13588416 1302558217
======================
   8      48 sdd 11227992 9558 89900098 4436155 78230533 72221876 1203621096 1298179013 131 13592428 1302619954
======================
   8      48 sdd 11241959 9558 90011834 4439563 78242578 72231004 1203790480 1298285780 1 13596472 1302729666
======================
   8      48 sdd 11256810 9558 90130642 4443329 78256879 72251256 1204066904 1298370682 0 13600493 1302818439
======================
   8      48 sdd 11273418 9558 90263506 4446933 78258738 72267484 1204211592 1298404458 141 13604389 1302859151
======================
   8      48 sdd 11286611 9558 90369050 4449874 78268822 72275603 1204357224 1298574230 0 13608525 1303028499
======================
   8      48 sdd 11300536 9558 90480450 4453064 78280729 72291841 1204582384 1298695976 1 13612666 1303153416
======================
   8      48 sdd 11312827 9558 90578778 4455921 78286608 72299966 1204694416 1298742582 1 13615882 1303202859
======================
   8      48 sdd 11327594 9558 90696914 4459365 78298652 72318452 1204938648 1298830629 135 13619891 1303295641
======================
   8      48 sdd 11342587 9558 90816858 4463230 78308646 72328719 1205100744 1298899085 0 13623910 1303366626
======================
   8      48 sdd 11356904 9558 90931394 4466288 78314645 72344944 1205278536 1299028089 0 13627900 1303498673
======================
   8      48 sdd 11369327 9558 91030778 4468935 78320621 72353073 1205391376 1299098851 1 13631080 1303572071
======================
   8      48 sdd 11382936 9558 91139650 4472107 78332381 72369314 1205615384 1299209965 1 13635117 1303686336
======================
   8      48 sdd 11395472 9558 91239938 4474965 78338234 72377429 1205727128 1299255814 1 13638323 1303735021
======================
   8      48 sdd 11408781 9558 91346410 4478292 78351977 72394909 1205976912 1299375990 1 13642417 1303858502
======================
   8      48 sdd 11423634 9558 91465234 4482097 78366017 72407258 1206188024 1299471699 1 13646407 1303957987
======================
   8      48 sdd 11440919 9558 91603514 4485749 78366228 72423483 1206319512 1299479609 1 13650168 1303969533
======================
   8      48 sdd 11453301 9558 91702570 4488651 78372167 72431605 1206432000 1299516505 1 13653356 1304009305
======================
   8      48 sdd 11466999 9558 91812154 4491597 78383919 72447853 1206656000 1299671662 1 13657457 1304167375
======================
   8      48 sdd 11479324 9558 91910754 4494290 78389814 72455976 1206768144 1299730558 1 13660605 1304228952
======================
   8      48 sdd 11500134 9558 92077234 4504524 78401966 72472235 1206995432 1299831777 1 13664758 1304340369
======================
   8      48 sdd 11515461 9558 92199850 4508015 78412551 72482127 1207159248 1299907125 1 13668714 1304419177
======================
   8      48 sdd 11528275 9558 92302362 4511630 78430685 72502781 1207469552 1300036276 1 13672843 1304551919
======================
   8      48 sdd 11545631 9558 92441210 4515340 78430895 72519007 1207601040 1300044357 1 13676667 1304563696
======================
   8      48 sdd 11560149 9558 92557354 4518465 78436883 72527129 1207713920 1300173005 0 13680721 1304695448
======================
   8      48 sdd 11574110 9558 92669042 4521473 78448816 72543376 1207939360 1300310274 1 13684765 1304835706
======================
   8      48 sdd 11587961 9558 92779850 4524672 78460734 72559630 1208164736 1300419533 1 13688839 1304948153
======================
   8      48 sdd 11603579 9558 92904794 4528260 78466661 72567759 1208277184 1300466819 1 13692770 1304998987
======================
   8      48 sdd 11616775 9558 93010362 4531664 78482991 72586552 1208558168 1300578643 1 13696902 1305114194
======================
   8      48 sdd 11627523 9558 93096346 4534642 78494996 72597199 1208739384 1300668382 1 13700178 1305206884
======================
   8      48 sdd 11644896 9558 93235330 4538309 78495206 72613425 1208870872 1300676978 1 13703964 1305219138
======================
   8      48 sdd 11656136 9558 93325250 4540644 78501103 72621561 1208983136 1300798992 1 13707186 1305343474
======================
   8      48 sdd 11669927 9558 93435578 4543780 78513067 72637815 1209208880 1300930751 1 13711327 1305478346
======================
   8      48 sdd 11685984 9558 93564034 4547343 78519017 72645948 1209321544 1300980642 1 13715269 1305531776
======================
   8      48 sdd 11699650 9558 93673362 4550614 78530899 72662248 1209547000 1301073500 0 13719280 1305627883
======================
   8      48 sdd 11711124 9558 93765154 4553473 78541577 72671781 1209708688 1301145739 1 13722511 1305703090
======================
   8      48 sdd 11726209 9558 93885834 4557025 78548268 72688113 1209892544 1301193516 134 13726469 1305754597
======================
   8      48 sdd 11738562 9558 93984658 4560113 78558443 72700018 1210069512 1301244746 0 13729615 1305808710
======================
   8      48 sdd 11752545 9558 94096522 4563089 78564452 72716252 1210247456 1301380067 1 13733598 1305946994
======================
   8      48 sdd 11767446 9558 94215730 4566197 78575721 72732492 1210467528 1301490360 154 13737547 1306060905
======================
   8      48 sdd 11782360 9558 94335042 4569676 78582330 72740627 1210585480 1301558145 1 13741547 1306131622
======================
   8      48 sdd 11794414 9558 94431474 4572298 78590919 72756878 1210784200 1301630473 135 13744756 1306207305
======================
   8      48 sdd 11808108 9558 94541026 4575667 78602683 72767702 1210964904 1301750784 1 13748799 1306330202
======================
   8      48 sdd 11822488 9558 94656066 4578820 78611560 72783965 1211166024 1301870480 1 13752859 1306453033
======================
   8      48 sdd 11838596 9558 94784930 4582303 78617508 72792089 1211278600 1301937582 1 13756847 1306523604
======================
   8      48 sdd 11852552 9558 94896578 4585526 78629501 72808341 1211504560 1302047347 0 13760930 1306636561
======================
   8      48 sdd 11866410 9558 95007442 4588799 78641487 72824580 1211730360 1302143281 1 13764964 1306735767
======================
   8      48 sdd 11878881 9558 95107210 4591712 78649341 72834092 1211869288 1302188116 1 13768095 1306783479
======================
   8      48 sdd 11894100 9558 95228962 4595539 78657852 72853019 1212088792 1302266168 1 13772046 1306865336
======================
   8      48 sdd 11908513 9558 95344266 4598554 78663878 72861136 1212201936 1302396348 1 13775999 1306998515
======================
   8      48 sdd 11922747 9558 95458138 4601589 78675799 72877379 1212427248 1302528723 0 13780043 1307133910
======================
   8      48 sdd 11938682 9558 95585618 4605049 78681855 72893610 1212554544 1302583760 81 13783962 1307194585
======================
   8      48 sdd 11952312 9558 95694658 4608452 78693729 72901735 1212765536 1302678043 1 13788067 1307290055
======================
   8      48 sdd 11964760 9558 95794242 4611301 78699700 72909854 1212878256 1302724029 1 13791273 1307338875
======================
   8      48 sdd 11977799 9558 95898554 4614751 78713967 72928726 1213143368 1302828869 1 13795362 1307447138
======================
   8      48 sdd 11992155 9558 96013402 4617725 78722246 72938941 1213291320 1302870828 1 13798664 1307492046
======================
   8      48 sdd 12006802 9558 96130578 4620824 78728308 72955177 1213469704 1302990798 1 13802666 1307615097
