25588.827
29780.714
27919.128
27956.837
26458.646
29309.084
26888.387
27375.989
25156.774
27338.947
27988.788
28979.870
27396.493
28233.513
27820.384
27898.052
27691.243
27086.243
26250.946
25926.217
27906.643
25558.712
30647.193
28033.173
28116.796
27149.864
27069.065
27844.394
26761.181
28040.291
28298.751
28538.464
26964.783
26105.955
28425.853
29173.677
29095.032
27480.144
28485.309
28007.784
27447.860
26890.484
25789.520
27322.992
27033.564
27844.470
29805.518
27749.968
25259.271
27926.645
26152.851
26422.843
26993.251
27638.879
27755.700
28614.755
27087.433
10896.423
