14326.328
0.000
6686.892
247.473
287.667
659.327
778.536
892.406
892.901
901.220
845.432
978.121
895.724
890.484
931.604
872.886
968.219
923.306
892.022
935.502
855.498
992.229
929.310
948.323
922.010
947.021
963.191
911.610
1009.188
958.384
969.564
983.198
935.800
1012.611
1008.910
967.293
963.394
937.583
956.116
953.410
937.703
957.695
956.896
887.598
1024.324
954.922
941.022
937.628
946.603
940.824
954.208
940.923
943.510
935.412
942.585
885.478
991.927
940.214
941.120
927.622
925.009
928.517
940.431
971.530
968.738
983.737
994.983
1012.301
985.629
981.603
938.728
1016.969
976.981
970.901
968.321
962.122
969.836
953.422
879.237
1005.918
952.724
957.629
952.623
930.909
876.222
1018.699
948.213
918.113
959.315
939.932
949.322
937.424
936.423
941.623
927.226
896.227
1027.303
986.528
1001.135
997.888
996.298
1008.418
999.115
969.511
980.123
967.227
950.239
959.931
994.518
959.215
965.421
975.415
965.903
892.615
1012.223
911.009
975.686
955.421
952.106
888.014
978.490
936.332
936.609
937.197
910.821
963.888
932.729
958.021
920.217
993.519
960.991
979.283
1014.634
984.220
1032.307
990.934
979.001
966.602
920.284
1002.394
975.122
967.395
971.122
956.498
965.905
960.608
956.699
816.756
