======================
   8      16 sdb 58065942 33647 13391853800 2403573950 28705383 81152924 17998108912 2028464775 33 200850693 136864576
======================
   8      16 sdb 58066062 33647 13391854760 2403576273 28706513 81152924 17998821104 2028612920 67 200852335 137028811
======================
   8      16 sdb 58066068 33647 13391854808 2403577927 28708514 81152957 18000072440 2029190878 110 200857337 137612323
======================
   8      16 sdb 58066074 33647 13391854856 2403579228 28711050 81152972 18001668616 2029815812 47 200862341 138230620
======================
   8      16 sdb 58066081 33647 13391854912 2403581547 28713527 81152986 18003227160 2030292573 70 200867344 138713211
======================
   8      16 sdb 58066088 33647 13391854968 2403583336 28716087 81153001 18004838696 2030854253 145 200872359 139280446
======================
   8      16 sdb 58066095 33647 13391855024 2403585338 28718578 81153016 18006406584 2031378430 144 200877368 139798634
======================
   8      16 sdb 58066101 33647 13391855072 2403586993 28721111 81153031 18008001096 2031918209 130 200882370 140348337
======================
   8      16 sdb 58066107 33647 13391855120 2403588794 28723645 81153048 18009596008 2032470358 128 200887373 140902364
======================
   8      16 sdb 58066114 33647 13391855176 2403590619 28726172 81153062 18011186040 2033007368 129 200892374 141443265
======================
   8      16 sdb 58066120 33647 13391855224 2403592198 28728734 81153077 18012798856 2033585382 136 200897378 142018844
======================
   8      16 sdb 58066126 33647 13391855272 2403593878 28731237 81153092 18014375024 2034145321 141 200902382 142583560
======================
   8      16 sdb 58066132 33647 13391855320 2403595373 28733775 81153107 18015971208 2034722612 146 200907383 143163058
======================
   8      16 sdb 58066138 33647 13391855368 2403596782 28736286 81153117 18017551896 2035303165 142 200912386 143745336
======================
   8      16 sdb 58066146 33647 13391855432 2403599042 28738807 81153137 18019137504 2035814776 136 200917388 144256550
======================
   8      16 sdb 58066151 33647 13391855472 2403600769 28741325 81153147 18020723008 2036377508 76 200922390 144817965
======================
   8      16 sdb 58066158 33647 13391855528 2403603043 28743835 81153166 18022301824 2036883256 67 200927392 145325489
======================
   8      16 sdb 58066165 33647 13391855584 2403604920 28746346 81153176 18023883104 2037445158 138 200932394 145888327
======================
   8      16 sdb 58066170 33647 13391855624 2403606410 28748897 81153191 18025488880 2038014803 2 200937397 146445654
======================
   8      16 sdb 58066178 33647 13391855688 2403608801 28751413 81153206 18027072512 2038492218 144 200942399 146935895
======================
   8      16 sdb 58066183 33647 13391855728 2403610263 28753895 81153210 18028635184 2039061388 1 200947402 147496123
======================
   8      16 sdb 58066191 33647 13391855792 2403612491 28756506 81153227 18030278864 2039610224 140 200952406 148066615
======================
   8      16 sdb 58066197 33647 13391855840 2403614417 28759023 81153242 18031862128 2040142165 150 200957410 148598050
======================
   8      16 sdb 58066204 33647 13391855896 2403616250 28761550 81153257 18033452544 2040690154 152 200962412 149134975
======================
   8      16 sdb 58066210 33647 13391855944 2403617842 28764012 81153272 18035002384 2041234074 142 200967414 149696762
======================
   8      16 sdb 58066216 33647 13391855992 2403619707 28766493 81153287 18036564128 2041761371 144 200972415 150224174
======================
   8      16 sdb 58066223 33647 13391856048 2403621849 28768916 81153302 18038089264 2042273638 156 200977416 150724772
======================
   8      16 sdb 58066228 33647 13391856088 2403623190 28771365 81153316 18039629888 2042840810 1 200982420 151288463
======================
   8      16 sdb 58066234 33647 13391856136 2403624904 28773844 81153331 18041190352 2043415038 21 200987421 151869591
======================
   8      16 sdb 58066241 33647 13391856192 2403626792 28776296 81153346 18042733792 2043966157 68 200992424 152433342
======================
   8      16 sdb 58066247 33647 13391856240 2403628568 28778755 81153361 18044281584 2044529129 108 200997427 153000604
======================
   8      16 sdb 58066254 33647 13391856296 2403630742 28781176 81153376 18045805568 2045033359 146 201002429 153510905
======================
   8      16 sdb 58066260 33647 13391856344 2403632436 28783662 81153391 18047368992 2045624195 150 201007431 154100272
======================
   8      16 sdb 58066266 33647 13391856392 2403633610 28786129 81153406 18048921776 2046249197 153 201012435 154729377
======================
   8      16 sdb 58066273 33647 13391856448 2403635735 28788553 81153421 18050447552 2046780498 138 201017437 155257630
======================
   8      16 sdb 58066279 33647 13391856496 2403637095 28790995 81153436 18051984592 2047367570 152 201022439 155851185
======================
   8      16 sdb 58066286 33647 13391856552 2403639029 28793443 81153451 18053525472 2047909356 150 201027442 156382467
======================
   8      16 sdb 58066291 33647 13391856592 2403640142 28795889 81153465 18055064688 2048511860 54 201032445 156987921
======================
   8      16 sdb 58066297 33647 13391856640 2403641733 28798379 81153480 18056631936 2049090586 63 201037449 157570443
======================
   8      16 sdb 58066304 33647 13391856696 2403644305 28800787 81153495 18058147472 2049551764 128 201042451 158040659
======================
   8      16 sdb 58066310 33647 13391856744 2403645969 28803250 81153510 18059697952 2050121371 138 201047453 158611377
======================
   8      16 sdb 58066317 33647 13391856800 2403647963 28805668 81153525 18061219888 2050658132 132 201052456 159151383
======================
   8      16 sdb 58066323 33647 13391856848 2403649555 28808137 81153540 18062772688 2051235094 154 201057458 159718249
======================
   8      16 sdb 58066329 33647 13391856896 2403651383 28810531 81153555 18064280160 2051810738 133 201062463 160287922
======================
   8      16 sdb 58066335 33647 13391856944 2403653125 28812995 81153570 18065830384 2052355987 1 201067466 160833301
======================
   8      16 sdb 58066342 33647 13391857000 2403654949 28815479 81153585 18067394048 2052935590 146 201072470 161427974
======================
   8      16 sdb 58066348 33647 13391857048 2403657016 28817906 81153600 18068921744 2053429409 88 201077472 161928573
======================
   8      16 sdb 58066354 33647 13391857096 2403658811 28820361 81153614 18070466464 2053994875 133 201082475 162498140
======================
   8      16 sdb 58066360 33647 13391857144 2403660789 28822805 81153629 18072004784 2054541904 137 201087476 163049000
======================
   8      16 sdb 58066367 33647 13391857200 2403663250 28825276 81153644 18073560128 2055033718 133 201092479 163540787
======================
   8      16 sdb 58066373 33647 13391857248 2403665071 28827716 81153659 18075095888 2055576797 150 201097485 164085887
======================
   8      16 sdb 58066379 33647 13391857296 2403666995 28830073 81153674 18076579296 2056116004 1 201102487 164606882
======================
   8      16 sdb 58066386 33647 13391857352 2403668668 28832633 81153689 18078189568 2056666891 147 201107490 165180076
======================
   8      16 sdb 58066392 33647 13391857400 2403670003 28835069 81153704 18079723024 2057288387 153 201112496 165801173
======================
   8      16 sdb 58066398 33647 13391857448 2403671825 28837479 81153719 18081239840 2057837904 94 201117499 166351528
======================
   8      16 sdb 58066404 33647 13391857496 2403673739 28839887 81153734 18082755632 2058374453 133 201122503 166895215
======================
   8      16 sdb 58066410 33647 13391857544 2403675408 28842312 81153749 18084281792 2058971487 151 201127514 167491449
======================
   8      16 sdb 58066417 33647 13391857600 2403677369 28844732 81153763 18085804368 2059501797 137 201132516 168023687
======================
   8      16 sdb 58066423 33647 13391857648 2403679161 28847174 81153778 18087341664 2060063290 131 201137525 168586611
======================
   8      16 sdb 58066430 33647 13391857704 2403681090 28849584 81153794 18088857856 2060627583 131 201142528 169143904
======================
   8      16 sdb 58066435 33647 13391857744 2403682519 28852020 81153809 18090391312 2061206587 81 201147530 169729409
======================
   8      16 sdb 58066441 33647 13391857792 2403683914 28854427 81153824 18091906208 2061798228 151 201152533 170326514
======================
   8      16 sdb 58066448 33647 13391857848 2403685973 28856857 81153839 18093434560 2062329796 133 201157535 170861727
======================
   8      16 sdb 58066454 33647 13391857896 2403687846 28859260 81153854 18094947152 2062898265 147 201162541 171426631
======================
   8      16 sdb 58066461 33647 13391857952 2403689793 28861670 81153869 18096463968 2063459798 136 201167544 171982500
======================
   8      16 sdb 58066466 33647 13391857992 2403691379 28864096 81153879 18097991616 2064017073 85 201172544 172549347
======================
   8      16 sdb 58066472 33647 13391858040 2403692848 28866530 81153894 18099523536 2064611995 141 201177560 173147106
======================
   8      16 sdb 58066479 33647 13391858096 2403694790 28868931 81153909 18101034848 2065146209 129 201182562 173679899
======================
   8      16 sdb 58066484 33647 13391858136 2403696239 28871234 81153922 18102483816 2065740762 29 201187574 174263839
======================
   8      16 sdb 58066490 33647 13391858184 2403698076 28873594 81153936 18103969136 2066279440 128 201192575 174815649
======================
   8      16 sdb 58066497 33647 13391858240 2403700202 28875917 81153951 18105431296 2066830765 148 201197577 175366178
======================
   8      16 sdb 58066502 33647 13391858280 2403701816 28878264 81153955 18106908848 2067396499 79 201202578 175939609
======================
   8      16 sdb 58066509 33647 13391858336 2403704025 28880565 81153970 18108357184 2067915749 156 201207581 176466190
======================
   8      16 sdb 58066515 33647 13391858384 2403705627 28882931 81153983 18109845072 2068495532 128 201212584 177032887
======================
   8      16 sdb 58066520 33647 13391858424 2403707280 28885256 81153998 18111308512 2069040009 137 201217586 177593031
======================
   8      16 sdb 58066527 33647 13391858480 2403709437 28887545 81154013 18112749168 2069584090 142 201222591 178130918
======================
   8      16 sdb 58066532 33647 13391858520 2403710636 28889843 81154025 18114194928 2070173170 157 201227594 178728367
======================
   8      16 sdb 58066538 33647 13391858568 2403712583 28892158 81154040 18115651968 2070720534 138 201232596 179263484
======================
   8      16 sdb 58066544 33647 13391858616 2403714412 28894426 81154055 18117079440 2071260119 147 201237600 179819452
======================
   8      16 sdb 58066550 33647 13391858664 2403716210 28896721 81154070 18118523936 2071824197 153 201242602 180381498
======================
   8      16 sdb 58066556 33647 13391858712 2403718056 28899011 81154083 18119965216 2072347570 138 201247605 180908228
======================
   8      16 sdb 58066562 33647 13391858760 2403719738 28901295 81154097 18121402032 2072934180 137 201252608 181482440
======================
   8      16 sdb 58066567 33647 13391858800 2403720939 28903620 81154110 18122865456 2073527647 136 201257611 182093117
======================
started
   8      16 sdb 58066694 33647 13391859810 2403722889 28905359 81154140 18123950128 2073949850 0 201261398 182496142
======================
   8      16 sdb 58069139 33647 13392484162 2403730323 28905359 81154140 18123950128 2073949850 2 201265324 182503571
======================
   8      16 sdb 58075366 33647 13394077506 2403739517 28905362 81154142 18123950168 2073949850 2 201270327 182512760
======================
   8      16 sdb 58081567 33647 13395664962 2403748701 28905362 81154142 18123950168 2073949850 2 201275330 182521940
======================
   8      16 sdb 58087817 33647 13397264706 2403757871 28905362 81154142 18123950168 2073949850 2 201280333 182531102
======================
   8      16 sdb 58094023 33647 13398852930 2403767080 28905362 81154142 18123950168 2073949850 1 201285350 182540302
======================
   8      16 sdb 58100261 33647 13400449602 2403776230 28905362 81154142 18123950168 2073949850 2 201290348 182549448
======================
   8      16 sdb 58106550 33647 13402059586 2403785381 28905362 81154142 18123950168 2073949850 2 201295351 182558592
======================
   8      16 sdb 58112820 33647 13403664450 2403794551 28905364 81154142 18123950184 2073949850 2 201300356 182567755
======================
   8      16 sdb 58119091 33647 13405269826 2403803720 28905364 81154142 18123950184 2073949850 2 201305360 182576919
======================
   8      16 sdb 58125287 33647 13406856002 2403812905 28905364 81154142 18123950184 2073949850 2 201310363 182586098
======================
   8      16 sdb 58131599 33647 13408471618 2403822069 28905364 81154142 18123950184 2073949850 2 201315368 182595253
======================
   8      16 sdb 58137789 33647 13410056258 2403831249 28905364 81154142 18123950184 2073949850 2 201320372 182604419
======================
   8      16 sdb 58144040 33647 13411656258 2403840432 28905364 81154142 18123950184 2073949850 2 201325375 182613590
======================
   8      16 sdb 58150276 33647 13413252674 2403849618 28905364 81154142 18123950184 2073949850 2 201330380 182622772
======================
   8      16 sdb 58156573 33647 13414864706 2403858780 28905364 81154142 18123950184 2073949850 2 201335391 182631926
======================
   8      16 sdb 58162777 33647 13416452674 2403867956 28905364 81154142 18123950184 2073949850 1 201340394 182641091
======================
   8      16 sdb 58168999 33647 13418045506 2403877133 28905364 81154142 18123950184 2073949850 1 201345404 182650253
======================
   8      16 sdb 58175265 33647 13419649346 2403886317 28905364 81154142 18123950184 2073949850 2 201350409 182659432
======================
   8      16 sdb 58181461 33647 13421235522 2403895486 28905364 81154142 18123950184 2073949850 2 201355413 182668593
======================
   8      16 sdb 58187754 33647 13422846274 2403904688 28905364 81154142 18123950184 2073949850 2 201360422 182677786
======================
   8      16 sdb 58194008 33647 13424447042 2403913853 28905364 81154142 18123950184 2073949850 1 201365426 182686946
======================
   8      16 sdb 58200301 33647 13426058050 2403923014 28905364 81154142 18123950184 2073949850 2 201370429 182696102
======================
   8      16 sdb 58206458 33647 13427633986 2403932205 28905364 81154142 18123950184 2073949850 1 201375435 182705282
======================
   8      16 sdb 58212528 33647 13429187906 2403941407 28905364 81154142 18123950184 2073949850 2 201380439 182714471
======================
   8      16 sdb 58218581 33647 13430737474 2403950601 28905364 81154142 18123950184 2073949850 2 201385442 182723659
======================
   8      16 sdb 58224626 33647 13432284738 2403959807 28905364 81154142 18123950184 2073949850 2 201390448 182732860
======================
   8      16 sdb 58230755 33647 13433853762 2403969009 28905364 81154142 18123950184 2073949850 2 201395452 182742053
======================
   8      16 sdb 58236770 33647 13435393346 2403978220 28905364 81154142 18123950184 2073949850 1 201400455 182751253
======================
   8      16 sdb 58242884 33647 13436958530 2403987414 28905364 81154142 18123950184 2073949850 1 201405460 182760437
======================
   8      16 sdb 58248897 33647 13438497858 2403996616 28905364 81154142 18123950184 2073949850 2 201410464 182769630
======================
   8      16 sdb 58255026 33647 13440066626 2404005793 28905364 81154142 18123950184 2073949850 2 201415467 182778792
======================
   8      16 sdb 58261038 33647 13441605698 2404014997 28905364 81154142 18123950184 2073949850 1 201420472 182787982
======================
   8      16 sdb 58267094 33647 13443155778 2404024193 28905364 81154142 18123950184 2073949850 2 201425476 182797165
======================
   8      16 sdb 58273148 33647 13444705602 2404033376 28905364 81154142 18123950184 2073949850 2 201430479 182806336
======================
   8      16 sdb 58279272 33647 13446273346 2404042558 28905364 81154142 18123950184 2073949850 2 201435483 182815507
======================
   8      16 sdb 58285280 33647 13447811138 2404051767 28905364 81154142 18123950184 2073949850 2 201440487 182824708
======================
   8      16 sdb 58291331 33647 13449360194 2404060969 28905364 81154142 18123950184 2073949850 2 201445490 182833899
======================
   8      16 sdb 58297404 33647 13450914626 2404070114 28905364 81154142 18123950184 2073949850 1 201450495 182843033
======================
   8      16 sdb 58303413 33647 13452452674 2404079116 28905364 81154142 18123950184 2073949850 2 201455499 182852025
======================
   8      16 sdb 58309511 33647 13454013762 2404088290 28905364 81154142 18123950184 2073949850 2 201460502 182861187
======================
   8      16 sdb 58315497 33647 13455545922 2404097491 28905364 81154142 18123950184 2073949850 1 201465507 182870384
======================
   8      16 sdb 58321609 33647 13457110594 2404106680 28905364 81154142 18123950184 2073949850 2 201470514 182879563
======================
   8      16 sdb 58327607 33647 13458645826 2404115887 28905364 81154142 18123950184 2073949850 2 201475518 182888764
======================
   8      16 sdb 58333683 33647 13460201282 2404125080 28905364 81154142 18123950184 2073949850 1 201480523 182897946
======================
   8      16 sdb 58339701 33647 13461741890 2404134278 28905364 81154142 18123950184 2073949850 2 201485526 182907135
======================
   8      16 sdb 58345748 33647 13463289666 2404143446 28905364 81154142 18123950184 2073949850 1 201490531 182916293
======================
   8      16 sdb 58351837 33647 13464848450 2404152421 28905364 81154142 18123950184 2073949850 2 201495535 182925256
======================
   8      16 sdb 58357891 33647 13466398018 2404161589 28905364 81154142 18123950184 2073949850 2 201500539 182934420
======================
   8      16 sdb 58363992 33647 13467959874 2404170774 28905364 81154142 18123950184 2073949850 2 201505543 182943589
======================
   8      16 sdb 58369985 33647 13469494082 2404179981 28905364 81154142 18123950184 2073949850 2 201510547 182952789
======================
   8      16 sdb 58376188 33647 13471081794 2404189162 28905364 81154142 18123950184 2073949850 2 201515551 182961962
======================
   8      16 sdb 58382110 33647 13472597826 2404198368 28905364 81154142 18123950184 2073949850 2 201520555 182971158
======================
   8      16 sdb 58388108 33647 13474133314 2404207511 28905364 81154142 18123950184 2073949850 2 201525559 182980291
======================
   8      16 sdb 58394092 33647 13475665218 2404216725 28905364 81154142 18123950184 2073949850 2 201530563 182989496
======================
   8      16 sdb 58400059 33647 13477192258 2404225902 28905364 81154142 18123950184 2073949850 2 201535567 182998663
======================
   8      16 sdb 58406061 33647 13478728514 2404235089 28905364 81154142 18123950184 2073949850 2 201540571 183007842
======================
   8      16 sdb 58411972 33647 13480241730 2404244297 28905364 81154142 18123950184 2073949850 2 201545575 183017041
======================
   8      16 sdb 58417973 33647 13481777482 2404253476 28905364 81154142 18123950184 2073949850 1 201550579 183026211
======================
   8      16 sdb 58423967 33647 13483311690 2404262674 28905364 81154142 18123950184 2073949850 2 201555587 183035403
======================
   8      16 sdb 58429958 33647 13484845386 2404271874 28905364 81154142 18123950184 2073949850 2 201560591 183044594
======================
   8      16 sdb 58435954 33647 13486380106 2404281088 28905364 81154142 18123950184 2073949850 2 201565595 183053803
======================
   8      16 sdb 58441939 33647 13487912266 2404290314 28905364 81154142 18123950184 2073949850 2 201570599 183063018
======================
   8      16 sdb 58447859 33647 13489427786 2404299520 28905364 81154142 18123950184 2073949850 2 201575603 183072214
======================
   8      16 sdb 58453869 33647 13490966090 2404308718 28905364 81154142 18123950184 2073949850 2 201580606 183081401
======================
   8      16 sdb 58459851 33647 13492497482 2404317907 28905364 81154142 18123950184 2073949850 2 201585611 183090583
======================
   8      16 sdb 58465837 33647 13494029642 2404327131 28905364 81154142 18123950184 2073949850 2 201590615 183099800
======================
   8      16 sdb 58471618 33647 13495509578 2404336363 28905364 81154142 18123950184 2073949850 2 201595619 183109028
======================
   8      16 sdb 58477348 33647 13496976458 2404345596 28905364 81154142 18123950184 2073949850 2 201600624 183118250
======================
   8      16 sdb 58483186 33647 13498470730 2404354820 28905364 81154142 18123950184 2073949850 2 201605627 183127465
======================
   8      16 sdb 58488907 33647 13499935306 2404364043 28905364 81154142 18123950184 2073949850 2 201610632 183136686
======================
   8      16 sdb 58494711 33647 13501421130 2404373272 28905364 81154142 18123950184 2073949850 2 201615636 183145907
======================
   8      16 sdb 58500454 33647 13502891082 2404382498 28905364 81154142 18123950184 2073949850 1 201620639 183155125
======================
   8      16 sdb 58506245 33647 13504373578 2404391726 28905364 81154142 18123950184 2073949850 2 201625643 183164346
======================
   8      16 sdb 58511936 33647 13505830218 2404400982 28905364 81154142 18123950184 2073949850 2 201630647 183173594
======================
   8      16 sdb 58517566 33647 13507271498 2404410223 28905364 81154142 18123950184 2073949850 2 201635651 183182824
======================
   8      16 sdb 58523282 33647 13508734794 2404419469 28905364 81154142 18123950184 2073949850 2 201640657 183192066
======================
   8      16 sdb 58528898 33647 13510172234 2404428699 28905364 81154142 18123950184 2073949850 2 201645661 183201288
======================
   8      16 sdb 58534610 33647 13511634506 2404437933 28905364 81154142 18123950184 2073949850 2 201650664 183210515
======================
   8      16 sdb 58540240 33647 13513075786 2404447193 28905364 81154142 18123950184 2073949850 1 201655669 183219764
======================
   8      16 sdb 58545969 33647 13514542154 2404456435 28905364 81154142 18123950184 2073949850 1 201660673 183228998
======================
   8      16 sdb 58551593 33647 13515981898 2404465701 28905364 81154142 18123950184 2073949850 2 201665676 183238257
======================
   8      16 sdb 58557308 33647 13517444938 2404474933 28905364 81154142 18123950184 2073949850 2 201670680 183247483
