======================
   8      48 sdd 985367 30 251674394 2209816 430401 2366152 270835784 127457681 0 2048118 129663598
======================
   8      48 sdd 985377 30 251674474 2210114 431545 2366152 271556680 127639052 147 2049643 129867188
======================
   8      48 sdd 985383 30 251674522 2211062 433645 2366187 272870368 128278233 148 2054646 130508979
======================
   8      48 sdd 985388 30 251674562 2212001 435736 2366200 274186336 128927594 158 2059648 131159908
======================
   8      48 sdd 985394 30 251674610 2213234 437828 2366212 275502304 129554504 152 2064651 131788503
======================
   8      48 sdd 985399 30 251674650 2214404 439920 2366225 276818656 130172369 143 2069653 132407837
======================
   8      48 sdd 985404 30 251674690 2215570 442006 2366234 278132024 130795885 136 2074655 133031766
======================
   8      48 sdd 985410 30 251674738 2216771 444096 2366250 279447352 131402235 151 2079658 133639429
======================
   8      48 sdd 985415 30 251674778 2217890 446187 2366259 280762680 132024548 154 2084661 134263459
======================
   8      48 sdd 985420 30 251674818 2219170 448275 2366276 282076472 132632554 144 2089664 134872474
======================
   8      48 sdd 985426 30 251674866 2220397 450365 2366285 283391800 133235966 156 2094667 135476741
======================
   8      48 sdd 985431 30 251674906 2221525 452457 2366301 284707168 133856050 156 2099671 136098372
======================
   8      48 sdd 985436 30 251674946 2222626 454544 2366310 286021048 134472984 132 2104673 136716131
======================
   8      48 sdd 985442 30 251674994 2223792 456635 2366327 287336896 135074209 139 2109676 137318714
======================
   8      48 sdd 985447 30 251675034 2224953 458728 2366337 288652880 135701622 157 2114679 137946780
======================
   8      48 sdd 985452 30 251675074 2226118 460817 2366351 289967576 136333205 153 2119682 138567133
======================
   8      48 sdd 985458 30 251675122 2227220 462909 2366364 291284184 136961037 138 2124685 139191735
======================
   8      48 sdd 985463 30 251675162 2228538 465001 2366376 292599896 137569533 156 2129688 139795719
======================
   8      48 sdd 985468 30 251675202 2229934 467085 2366389 293912576 138170727 18 2134691 140402578
======================
   8      48 sdd 985474 30 251675250 2230864 469176 2366402 295228544 138801313 36 2139694 141038782
======================
   8      48 sdd 985479 30 251675290 2231985 471268 2366414 296544512 139421887 54 2144698 141664633
======================
   8      48 sdd 985484 30 251675330 2233107 473356 2366427 297858304 140037928 49 2149701 142281036
======================
   8      48 sdd 985490 30 251675378 2234068 475447 2366440 299174272 140665410 41 2154703 142907143
======================
   8      48 sdd 985495 30 251675418 2235381 477536 2366452 300488320 141270815 62 2159706 143518878
======================
   8      48 sdd 985500 30 251675458 2236484 479623 2366465 301801728 141890457 58 2164709 144138728
======================
   8      48 sdd 985506 30 251675506 2237471 481714 2366479 303117440 142511577 103 2169711 144767688
======================
   8      48 sdd 985511 30 251675546 2238712 483807 2366483 304433432 143141165 94 2174713 145397302
======================
   8      48 sdd 985517 30 251675594 2240206 485894 2366496 305746840 143754523 135 2179716 146014151
======================
   8      48 sdd 985522 30 251675634 2241083 487985 2366509 307062808 144383484 82 2184718 146640243
======================
   8      48 sdd 985528 30 251675682 2242650 490077 2366521 308378520 144981626 148 2189721 147244034
======================
   8      48 sdd 985533 30 251675722 2243890 492166 2366534 309693208 145600304 142 2194723 147863926
======================
   8      48 sdd 985538 30 251675762 2244798 494258 2366547 311009816 146231065 59 2199726 148487557
======================
   8      48 sdd 985544 30 251675810 2246265 496349 2366559 312324888 146833628 129 2204729 149099234
======================
   8      48 sdd 985548 30 251675842 2247139 498439 2366572 313640216 147472822 45 2209732 149728482
======================
   8      48 sdd 985554 30 251675890 2248283 500530 2366585 314956184 148080020 37 2214735 150335147
======================
   8      48 sdd 985560 30 251675938 2249713 502621 2366597 316271512 148679532 141 2219736 150948234
======================
   8      48 sdd 985564 30 251675970 2250616 504708 2366610 317584664 149313600 26 2224739 151568000
======================
   8      48 sdd 985570 30 251676018 2251650 506799 2366623 318900632 149927311 18 2229743 152180139
======================
   8      48 sdd 985575 30 251676058 2252779 508890 2366636 320215336 150542598 12 2234746 152795110
======================
   8      48 sdd 985581 30 251676106 2254036 510976 2366650 321528112 151160773 145 2239748 153435133
======================
   8      48 sdd 985586 30 251676146 2255189 513067 2366663 322843824 151795517 1 2244751 154046699
======================
   8      48 sdd 985592 30 251676194 2256759 515159 2366676 324160432 152409256 154 2249754 154664082
======================
   8      48 sdd 985597 30 251676234 2257850 517244 2366689 325472560 153032475 143 2254758 155291632
======================
   8      48 sdd 985603 30 251676282 2259170 519336 2366702 326789168 153628384 141 2259762 155889828
======================
   8      48 sdd 985608 30 251676322 2260219 521427 2366715 328104880 154256776 153 2264763 156524253
======================
   8      48 sdd 985613 30 251676362 2261561 523514 2366728 329418288 154855617 136 2269766 157120463
======================
   8      48 sdd 985619 30 251676410 2262866 525606 2366741 330734896 155447254 145 2274770 157725551
======================
   8      48 sdd 985624 30 251676450 2264237 527677 2366754 332038064 156044589 144 2279773 158318427
======================
   8      48 sdd 985629 30 251676490 2265135 529765 2366767 333352112 156678743 133 2284775 158955886
======================
   8      48 sdd 985635 30 251676538 2266398 531866 2366781 334673224 157280913 150 2289777 159562342
======================
   8      48 sdd 985640 30 251676578 2267559 533957 2366794 335988936 157916901 137 2294780 160200897
======================
   8      48 sdd 985645 30 251676618 2268724 536045 2366807 337302984 158531251 132 2299783 160817475
======================
   8      48 sdd 985651 30 251676666 2270001 538137 2366819 338618952 159141109 149 2304786 161430011
======================
   8      48 sdd 985656 30 251676706 2271237 540227 2366832 339934024 159759655 144 2309788 162050036
======================
   8      48 sdd 985661 30 251676746 2272324 542316 2366845 341248712 160382175 129 2314791 162674604
======================
   8      48 sdd 985667 30 251676794 2273788 544404 2366857 342562120 160971229 150 2319794 163265166
======================
   8      48 sdd 985672 30 251676834 2275061 546491 2366870 343875528 161580760 142 2324797 163875695
======================
   8      48 sdd 985677 30 251676874 2276355 548578 2366883 345189576 162196363 156 2329800 164493259
======================
   8      48 sdd 985683 30 251676922 2277384 550670 2366895 346504648 162821822 136 2334802 165119441
======================
   8      48 sdd 985688 30 251676962 2278745 552759 2366908 347819336 163414516 128 2339804 165712844
======================
   8      48 sdd 985693 30 251677002 2279661 554846 2366921 349132744 164049726 157 2344807 166349561
======================
   8      48 sdd 985699 30 251677050 2280974 556937 2366934 350447448 164645309 147 2349810 166946611
======================
   8      48 sdd 985704 30 251677090 2281850 559025 2366947 351761496 165283617 147 2354813 167585826
======================
   8      48 sdd 985709 30 251677130 2283020 561114 2366961 353075936 165908960 150 2359815 168212194
======================
   8      48 sdd 985715 30 251677178 2284482 563206 2366972 354391896 166519379 150 2364817 168823880
======================
   8      48 sdd 985720 30 251677218 2285347 565295 2366985 355706584 167161958 132 2369820 169467303
======================
   8      48 sdd 985725 30 251677258 2286741 567381 2366998 357019352 167778310 135 2374823 170085396
======================
   8      48 sdd 985731 30 251677306 2288054 569474 2367010 358335704 168384335 155 2379826 170692191
======================
   8      48 sdd 985736 30 251677346 2289310 571543 2367023 359637848 169000026 137 2384828 171309560
======================
   8      48 sdd 985741 30 251677386 2290645 573630 2367037 360950632 169601097 134 2389831 171911698
======================
   8      48 sdd 985747 30 251677434 2292125 575732 2367049 362272744 170187105 143 2394832 172499396
======================
   8      48 sdd 985752 30 251677474 2293167 577825 2367062 363589992 170815405 142 2399834 173129072
======================
   8      48 sdd 985757 30 251677514 2294286 579910 2367075 364902120 171434878 132 2404837 173749477
======================
   8      48 sdd 985763 30 251677562 2295556 582006 2367088 366219768 172041357 135 2409840 174357090
======================
   8      48 sdd 985768 30 251677602 2296681 584095 2367101 367534456 172656728 135 2414843 174973695
======================
   8      48 sdd 985773 30 251677642 2297651 586184 2367114 368849144 173290383 140 2419846 175607812
======================
   8      48 sdd 985779 30 251677690 2298833 588277 2367126 370165496 173893536 131 2424848 176212031
======================
   8      48 sdd 985784 30 251677730 2299843 590367 2367141 371480840 174534047 124 2429851 176853313
======================
   8      48 sdd 985789 30 251677770 2301160 592456 2367154 372795528 175146240 118 2434854 177466130
======================
   8      48 sdd 985795 30 251677818 2302398 594549 2367166 374112136 175757078 109 2439857 178077637
======================
   8      48 sdd 985800 30 251677858 2303561 596639 2367179 375427208 176391682 102 2444860 178713111
======================
   8      48 sdd 985805 30 251677898 2304726 598728 2367192 376741896 177009897 96 2449862 179331734
======================
   8      48 sdd 985811 30 251677946 2305827 600820 2367204 378057864 177632306 88 2454864 179954404
======================
   8      48 sdd 985816 30 251677986 2307141 602909 2367217 379372552 178244389 82 2459867 180566835
======================
   8      48 sdd 985821 30 251678026 2308534 604998 2367230 380686984 178837658 76 2464870 181160086
======================
   8      48 sdd 985827 30 251678074 2309496 607091 2367243 382002968 179466150 68 2469872 181788669
======================
   8      48 sdd 985832 30 251678114 2310592 609181 2367256 383318296 180090377 61 2474876 182412554
======================
   8      48 sdd 985837 30 251678154 2311684 611270 2367269 384632984 180714675 55 2479879 183036748
======================
   8      48 sdd 985843 30 251678202 2312744 613364 2367281 385949976 181336338 45 2484881 183657075
======================
   8      48 sdd 985849 30 251678250 2313962 615455 2367294 387265944 181952873 142 2489884 184285814
======================
   8      48 sdd 985853 30 251678282 2315028 617541 2367308 388578720 182598145 34 2494887 184918519
======================
   8      48 sdd 985860 30 251678338 2316538 619635 2367319 389895704 183227153 132 2499889 185553361
======================
   8      48 sdd 985865 30 251678378 2317702 621724 2367332 391210392 183851076 150 2504891 186185102
======================
   8      48 sdd 985869 30 251678410 2318770 623811 2367341 392524400 184469644 13 2509893 186787927
======================
   8      48 sdd 985876 30 251678466 2320132 625902 2367354 393840240 185081413 134 2514897 187413466
======================
   8      48 sdd 985881 30 251678506 2321294 627993 2367370 395154840 185699882 158 2519900 188037922
======================
   8      48 sdd 985885 30 251678538 2322359 630079 2367383 396468240 186323790 153 2524903 188665857
started
======================
   8      48 sdd 987818 30 252140580 2326064 630427 2367396 396677624 186437734 2 2527577 188758892
======================
   8      48 sdd 992657 30 253379364 2335754 630430 2367398 396677664 186437734 2 2532610 188768571
======================
   8      48 sdd 996755 30 254428452 2345411 630430 2367398 396677664 186437734 2 2537612 188778222
======================
   8      48 sdd 1001560 30 255658532 2355031 630430 2367398 396677664 186437734 2 2542615 188787837
======================
   8      48 sdd 1006353 30 256885540 2364635 630430 2367398 396677664 186437734 2 2547618 188797432
======================
   8      48 sdd 1011162 30 258116644 2374257 630430 2367398 396677664 186437734 2 2552621 188807042
======================
   8      48 sdd 1015972 30 259348004 2383880 630430 2367398 396677664 186437734 2 2557624 188816657
======================
   8      48 sdd 1020775 30 260577572 2393519 630430 2367398 396677664 186437734 2 2562627 188826290
======================
   8      48 sdd 1025583 30 261808420 2403173 630432 2367398 396677680 186437734 1 2567643 188835928
======================
   8      48 sdd 1030392 30 263039524 2412868 630432 2367398 396677680 186437734 2 2572646 188845615
======================
   8      48 sdd 1035189 30 264267556 2422526 630432 2367398 396677680 186437734 2 2577649 188855266
======================
   8      48 sdd 1039998 30 265498660 2432174 630432 2367398 396677680 186437734 2 2582652 188864905
======================
   8      48 sdd 1044842 30 266738724 2441844 630432 2367398 396677680 186437734 2 2587655 188874567
======================
   8      48 sdd 1049646 30 267968548 2451498 630432 2367398 396677680 186437734 2 2592659 188884211
======================
   8      48 sdd 1054454 30 269199396 2461162 630432 2367398 396677680 186437734 2 2597663 188893865
======================
   8      48 sdd 1059258 30 270429220 2470819 630432 2367398 396677680 186437734 2 2602666 188903513
======================
   8      48 sdd 1064068 30 271660604 2480473 630432 2367398 396677680 186437734 1 2607669 188913158
======================
   8      48 sdd 1068921 30 272902972 2490105 630432 2367398 396677680 186437734 2 2612673 188922778
======================
   8      48 sdd 1073775 30 274145596 2499776 630432 2367398 396677680 186437734 2 2617676 188932439
======================
   8      48 sdd 1078621 30 275386172 2509399 630432 2367398 396677680 186437734 2 2622679 188942056
======================
   8      48 sdd 1083461 30 276625212 2519035 630432 2367398 396677680 186437734 2 2627682 188951692
======================
   8      48 sdd 1088298 30 277863484 2528678 630432 2367398 396677680 186437734 2 2632685 188961324
======================
   8      48 sdd 1093136 30 279102268 2538330 630432 2367398 396677680 186437734 2 2637688 188970968
======================
   8      48 sdd 1097989 30 280344636 2547979 630432 2367398 396677680 186437734 2 2642692 188980611
======================
   8      48 sdd 1102840 30 281586492 2557606 630432 2367398 396677680 186437734 2 2647695 188990229
======================
   8      48 sdd 1107683 30 282826300 2567232 630432 2367398 396677680 186437734 2 2652698 188999845
======================
   8      48 sdd 1112520 30 284064572 2576846 630432 2367398 396677680 186437734 2 2657701 189009447
======================
   8      48 sdd 1117364 30 285304636 2586488 630432 2367398 396677680 186437734 2 2662705 189019078
======================
   8      48 sdd 1122217 30 286547004 2596113 630432 2367398 396677680 186437734 2 2667707 189028693
======================
   8      48 sdd 1127050 30 287784252 2605743 630432 2367398 396677680 186437734 2 2672711 189038318
======================
   8      48 sdd 1131895 30 289024572 2615383 630432 2367398 396677680 186437734 2 2677714 189047948
======================
   8      48 sdd 1136738 30 290264380 2625026 630432 2367398 396677680 186437734 2 2682717 189057585
======================
   8      48 sdd 1141578 30 291503420 2634649 630432 2367398 396677680 186437734 2 2687720 189067195
======================
   8      48 sdd 1146431 30 292745788 2644271 630432 2367398 396677680 186437734 2 2692724 189076809
======================
   8      48 sdd 1151283 30 293987900 2653932 630432 2367398 396677680 186437734 2 2697728 189086467
======================
   8      48 sdd 1156134 30 295229756 2663564 630432 2367398 396677680 186437734 2 2702731 189096083
======================
   8      48 sdd 1160961 30 296465468 2673209 630432 2367398 396677680 186437734 2 2707735 189105721
======================
   8      48 sdd 1165800 30 297704252 2682849 630432 2367398 396677680 186437734 2 2712738 189115350
======================
   8      48 sdd 1170648 30 298945340 2692469 630432 2367398 396677680 186437734 2 2717741 189124961
======================
   8      48 sdd 1175501 30 300187708 2702084 630432 2367398 396677680 186437734 2 2722744 189134564
======================
   8      48 sdd 1180355 31 301428796 2711769 630432 2367398 396677680 186437734 2 2727748 189144245
======================
   8      48 sdd 1185199 31 302668860 2721409 630432 2367398 396677680 186437734 2 2732751 189153874
======================
   8      48 sdd 1190023 31 303903804 2731062 630432 2367398 396677680 186437734 2 2737753 189163516
======================
   8      48 sdd 1194863 31 305142844 2740710 630432 2367398 396677680 186437734 2 2742756 189173156
======================
   8      48 sdd 1199720 31 306386236 2750333 630432 2367398 396677680 186437734 2 2747760 189182774
======================
   8      48 sdd 1204573 31 307628604 2759952 630432 2367398 396677680 186437734 2 2752763 189192382
======================
   8      48 sdd 1209420 31 308869436 2769582 630432 2367398 396677680 186437734 2 2757766 189202007
======================
   8      48 sdd 1214262 31 310108988 2779199 630432 2367398 396677680 186437734 2 2762769 189211612
======================
   8      48 sdd 1219100 31 311347516 2788818 630432 2367398 396677680 186437734 2 2767773 189221221
======================
   8      48 sdd 1223931 31 312584252 2798461 630432 2367398 396677680 186437734 2 2772776 189230851
======================
   8      48 sdd 1228784 31 313826620 2808138 630432 2367398 396677680 186437734 2 2777779 189240515
======================
   8      48 sdd 1233640 31 315069756 2817763 630432 2367398 396677680 186437734 2 2782782 189250134
======================
   8      48 sdd 1238485 31 316310076 2827422 630432 2367398 396677680 186437734 2 2787785 189259782
======================
   8      48 sdd 1243321 31 317548348 2837043 630432 2367398 396677680 186437734 2 2792788 189269394
======================
   8      48 sdd 1248166 31 318788412 2846671 630432 2367398 396677680 186437734 1 2797791 189279013
======================
   8      48 sdd 1253000 31 320025916 2856316 630432 2367398 396677680 186437734 2 2802794 189288656
======================
   8      48 sdd 1257853 31 321268284 2865941 630432 2367398 396677680 186437734 2 2807797 189298270
======================
   8      48 sdd 1262689 31 322506300 2875544 630432 2367398 396677680 186437734 2 2812801 189307870
======================
   8      48 sdd 1267531 31 323745852 2885182 630432 2367398 396677680 186437734 2 2817804 189317499
======================
   8      48 sdd 1272368 31 324984124 2894820 630432 2367398 396677680 186437734 2 2822807 189327130
======================
   8      48 sdd 1277223 31 326227004 2904457 630432 2367398 396677680 186437734 2 2827810 189336752
======================
   8      48 sdd 1282059 31 327465020 2914106 630432 2367398 396677680 186437734 2 2832813 189346390
======================
   8      48 sdd 1286911 31 328707132 2923747 630432 2367398 396677680 186437734 2 2837817 189356023
======================
   8      48 sdd 1291756 31 329947452 2933404 630432 2367398 396677680 186437734 2 2842820 189365670
======================
   8      48 sdd 1296594 31 331185980 2943056 630432 2367398 396677680 186437734 2 2847823 189375317
======================
   8      48 sdd 1301429 31 332423740 2952698 630432 2367398 396677680 186437734 1 2852826 189384947
======================
   8      48 sdd 1306278 31 333665084 2962323 630432 2367398 396677680 186437734 2 2857830 189394568
======================
   8      48 sdd 1311131 31 334907452 2971974 630432 2367398 396677680 186437734 2 2862833 189404207
======================
   8      48 sdd 1315970 31 336146236 2981604 630432 2367398 396677680 186437734 2 2867835 189413828
======================
   8      48 sdd 1320811 31 337385532 2991251 630432 2367398 396677680 186437734 2 2872838 189423465
======================
   8      48 sdd 1325651 31 338624572 3000866 630432 2367398 396677680 186437734 2 2877841 189433070
======================
   8      48 sdd 1330504 31 339866940 3010510 630432 2367398 396677680 186437734 2 2882844 189442707
======================
   8      48 sdd 1335359 31 341109572 3020135 630432 2367398 396677680 186437734 2 2887847 189452324
======================
   8      48 sdd 1340207 31 342350660 3029766 630432 2367398 396677680 186437734 2 2892850 189461946
======================
   8      48 sdd 1345034 31 343586372 3039422 630432 2367398 396677680 186437734 2 2897852 189471598
======================
   8      48 sdd 1349874 31 344825412 3049056 630432 2367398 396677680 186437734 2 2902855 189481221
======================
   8      48 sdd 1354723 31 346066756 3058662 630432 2367398 396677680 186437734 2 2907858 189490823
======================
   8      48 sdd 1359576 31 347309124 3068274 630432 2367398 396677680 186437734 2 2912862 189500429
======================
   8      48 sdd 1364417 31 348548420 3077935 630432 2367398 396677680 186437734 2 2917864 189510080
======================
   8      48 sdd 1369260 31 349788228 3087564 630432 2367398 396677680 186437734 2 2922867 189519701
======================
   8      48 sdd 1374101 31 351027524 3097208 630432 2367398 396677680 186437734 2 2927870 189529337
======================
   8      48 sdd 1378941 31 352266564 3106831 630432 2367398 396677680 186437734 2 2932874 189538948
======================
   8      48 sdd 1383795 31 353509188 3116468 630432 2367398 396677680 186437734 2 2937877 189548581
======================
   8      48 sdd 1388656 31 354753604 3126123 630432 2367398 396677680 186437734 2 2942880 189558229
======================
   8      48 sdd 1393497 31 355992388 3135774 630432 2367398 396677680 186437734 2 2947882 189567874
======================
   8      48 sdd 1398340 31 357232196 3145442 630432 2367398 396677680 186437734 2 2952885 189577534
======================
   8      48 sdd 1403177 31 358470468 3155048 630432 2367398 396677680 186437734 2 2957888 189587138
======================
   8      48 sdd 1408028 31 359712324 3164692 630432 2367398 396677680 186437734 2 2962891 189596772
======================
   8      48 sdd 1412881 31 360954692 3174340 630432 2367398 396677680 186437734 2 2967894 189606412
======================
   8      48 sdd 1417732 31 362196548 3183985 630432 2367398 396677680 186437734 2 2972896 189616051
======================
   8      48 sdd 1422575 31 363436356 3193612 630432 2367398 396677680 186437734 2 2977899 189625668
======================
   8      48 sdd 1427284 33 364638276 3203279 630432 2367398 396677680 186437734 2 2982899 189635323
======================
   8      48 sdd 1432005 33 365846852 3212872 630432 2367398 396677680 186437734 2 2987898 189644910
======================
   8      48 sdd 1436769 34 367063108 3222542 630432 2367398 396677680 186437734 2 2992897 189654575
======================
   8      48 sdd 1441519 36 368275524 3232204 630432 2367398 396677680 186437734 2 2997895 189664226
======================
   8      48 sdd 1446245 36 369482052 3241872 630432 2367398 396677680 186437734 2 3002891 189673885
======================
   8      48 sdd 1451011 38 370692452 3251563 630432 2367398 396677680 186437734 2 3007885 189683571
======================
   8      48 sdd 1455756 40 371902308 3261262 630432 2367398 396677680 186437734 2 3012885 189693263
======================
   8      48 sdd 1460487 40 373112932 3270840 630432 2367398 396677680 186437734 2 3017884 189702832
======================
   8      48 sdd 1465244 42 374325348 3280548 630432 2367398 396677680 186437734 2 3022875 189712528
======================
   8      48 sdd 1470001 47 375534436 3290213 630432 2367398 396677680 186437734 2 3027866 189722187
======================
   8      48 sdd 1474732 47 376742500 3299857 630432 2367398 396677680 186437734 2 3032863 189731821
