837.081
1365.564
1268.475
834.670
1999.274
1552.452
1220.724
1942.803
1585.761
1545.125
1681.418
1610.433
1565.839
1323.043
1912.278
1505.528
1375.444
1899.029
1479.376
1090.189
2165.816
1551.084
1262.013
2026.423
1584.250
1613.443
1562.809
1601.044
1631.326
1193.452
1951.099
1593.149
1067.427
2129.346
1515.203
1168.395
2107.627
1581.354
1464.169
1769.313
1601.158
1645.437
1531.816
1536.439
1593.533
1194.056
1976.157
1642.883
1012.057
2163.960
1605.046
1180.468
1999.484
1592.543
1549.643
1619.279
1514.449
1566.510
1270.619
1537.871
