======================
   8      16 sdb 18652704 14893 4554513468 849984371 8062937 23502955 5072716824 1862451373 33 51571014 2712377303
======================
   8      16 sdb 18652825 14893 4554514436 849993556 8064386 23502955 5073630104 1862881130 158 51575344 2712834235
======================
   8      16 sdb 18652832 14893 4554514492 849994873 8066897 23502986 5075202704 1863483914 87 51580347 2713434889
======================
   8      16 sdb 18652839 14893 4554514548 849997066 8069407 23503001 5076782496 1863969652 76 51585351 2713920505
======================
   8      16 sdb 18652845 14893 4554514596 849999009 8071957 23503016 5078387000 1864528716 26 51590374 2714473470
======================
   8      16 sdb 18652851 14893 4554514644 850000972 8074429 23503031 5079942984 1865073271 1 51595387 2715013500
======================
   8      16 sdb 18652858 14893 4554514700 850003107 8076928 23503046 5081515992 1865584483 1 51600390 2715526850
======================
   8      16 sdb 18652865 14893 4554514756 850005127 8079505 23503061 5083138152 1866119892 148 51605393 2716082890
======================
   8      16 sdb 18652872 14893 4554514812 850006956 8082033 23503076 5084729464 1866645835 137 51610395 2716605712
======================
   8      16 sdb 18652878 14893 4554514860 850008840 8084591 23503092 5086339096 1867202412 155 51615398 2717168964
======================
   8      16 sdb 18652884 14893 4554514908 850010936 8087107 23503107 5087922728 1867738079 157 51620403 2717708343
======================
   8      16 sdb 18652891 14893 4554514964 850012698 8089636 23503122 5089513416 1868296102 149 51625407 2718268203
======================
   8      16 sdb 18652897 14893 4554515012 850014345 8092140 23503137 5091089624 1868862438 140 51630408 2718835933
======================
   8      16 sdb 18652904 14893 4554515068 850015941 8094680 23503152 5092688616 1869420209 109 51635411 2719393228
======================
   8      16 sdb 18652910 14893 4554515116 850017766 8097193 23503166 5094269688 1869950218 96 51640412 2719925121
======================
   8      16 sdb 18652917 14893 4554515172 850019836 8099748 23503183 5095878680 1870496922 49 51645417 2720465329
======================
   8      16 sdb 18652924 14893 4554515228 850021828 8102246 23503197 5097449768 1871017503 156 51650420 2720988369
======================
   8      16 sdb 18652930 14893 4554515276 850023593 8104804 23503212 5099060024 1871588083 131 51655422 2721563820
======================
   8      16 sdb 18652937 14893 4554515332 850025736 8107317 23503227 5100641736 1872096135 146 51660426 2722071194
======================
   8      16 sdb 18652942 14893 4554515372 850027337 8109785 23503241 5102194520 1872628934 1 51665429 2722595442
======================
   8      16 sdb 18652949 14893 4554515428 850029460 8112384 23503256 5103830760 1873171256 157 51670433 2723158415
======================
   8      16 sdb 18652956 14893 4554515484 850031356 8114927 23503272 5105430160 1873713571 134 51675436 2723701307
======================
   8      16 sdb 18652962 14893 4554515532 850033234 8117489 23503287 5107042976 1874273563 135 51680438 2724264643
======================
   8      16 sdb 18652969 14893 4554515588 850035283 8119977 23503302 5108608944 1874811433 146 51685440 2724806711
======================
   8      16 sdb 18652975 14893 4554515636 850036618 8122465 23503317 5110174912 1875420772 133 51690443 2725415772
======================
   8      16 sdb 18652981 14893 4554515684 850038257 8124911 23503332 5111714512 1875992329 137 51695448 2725982663
======================
   8      16 sdb 18652988 14893 4554515740 850040115 8127367 23503346 5113259872 1876525257 158 51700450 2726525878
======================
   8      16 sdb 18652994 14893 4554515788 850041946 8129817 23503361 5114802032 1877076034 136 51705460 2727077797
======================
   8      16 sdb 18653000 14893 4554515836 850043414 8132250 23503376 5116333440 1877669431 4 51710463 2727652762
======================
   8      16 sdb 18653007 14893 4554515892 850045264 8134726 23503391 5117891856 1878245936 143 51715466 2728239952
======================
   8      16 sdb 18653012 14893 4554515932 850046703 8137202 23503406 5119450400 1878821482 50 51720471 2728819921
======================
   8      16 sdb 18653019 14893 4554515988 850048958 8139643 23503421 5120985792 1879336920 110 51725473 2729343140
======================
   8      16 sdb 18653025 14893 4554516036 850050421 8142092 23503436 5122527312 1879936205 141 51730477 2729948035
======================
   8      16 sdb 18653032 14893 4554516092 850052135 8144516 23503451 5124052832 1880509821 157 51735480 2730521991
======================
   8      16 sdb 18653038 14893 4554516140 850053610 8146957 23503466 5125590080 1881095596 131 51740482 2731108867
======================
   8      16 sdb 18653044 14893 4554516188 850055223 8149451 23503481 5127159888 1881672763 130 51745485 2731685888
======================
   8      16 sdb 18653051 14893 4554516244 850057388 8151859 23503491 5128675424 1882187548 145 51750491 2732187418
======================
   8      16 sdb 18653057 14893 4554516292 850058915 8154340 23503505 5130236528 1882754798 152 51755495 2732768172
======================
   8      16 sdb 18653063 14893 4554516340 850060903 8156765 23503525 5131762352 1883290390 66 51760500 2733304778
======================
   8      16 sdb 18653069 14893 4554516388 850062792 8159232 23503535 5133315728 1883844585 71 51765502 2733855007
======================
   8      16 sdb 18653075 14893 4554516436 850064456 8161654 23503550 5134840224 1884410883 134 51770505 2734427435
======================
   8      16 sdb 18653082 14893 4554516492 850066268 8164087 23503566 5136372944 1884963231 4 51775508 2734969259
======================
   8      16 sdb 18653088 14893 4554516540 850067608 8166556 23503580 5137924560 1885563213 148 51780512 2735573083
======================
   8      16 sdb 18653094 14893 4554516588 850069323 8168882 23503585 5139389568 1886121891 1 51785515 2736129777
======================
   8      16 sdb 18653100 14893 4554516636 850070876 8171381 23503600 5140962576 1886694457 1 51790517 2736704124
======================
   8      16 sdb 18653107 14893 4554516692 850072971 8173894 23503615 5142544544 1887272627 145 51795520 2737289199
======================
   8      16 sdb 18653113 14893 4554516740 850074834 8176335 23503630 5144080944 1887780557 45 51800521 2737804984
======================
   8      16 sdb 18653119 14893 4554516788 850076453 8178771 23503644 5145613760 1888366457 109 51805525 2738401171
======================
   8      16 sdb 18653125 14893 4554516836 850078078 8181255 23503659 5147177168 1888959050 124 51810533 2738995264
======================
   8      16 sdb 18653132 14893 4554516892 850080132 8183678 23503674 5148702304 1889493538 138 51815536 2739533031
======================
   8      16 sdb 18653138 14893 4554516940 850081423 8186157 23503689 5150262640 1890098922 148 51820538 2740139576
======================
   8      16 sdb 18653144 14893 4554516988 850083272 8188615 23503704 5151809792 1890633209 149 51825540 2740675381
======================
   8      16 sdb 18653150 14893 4554517036 850085081 8191061 23503719 5153348384 1891191485 132 51830543 2741222928
======================
   8      16 sdb 18653155 14893 4554517076 850086451 8193459 23503734 5154857520 1891766445 1 51835548 2741791486
======================
   8      16 sdb 18653162 14893 4554517132 850088569 8195876 23503749 5156379072 1892287651 83 51840551 2742333245
======================
   8      16 sdb 18653168 14893 4554517180 850090000 8198298 23503764 5157903568 1892875190 134 51845554 2742924198
======================
   8      16 sdb 18653175 14893 4554517236 850091923 8200718 23503779 5159426784 1893411943 140 51850555 2743463172
======================
   8      16 sdb 18653181 14893 4554517284 850093736 8203155 23503793 5160959984 1893960126 132 51855558 2744013301
======================
   8      16 sdb 18653187 14893 4554517332 850095258 8205552 23503808 5162468736 1894563731 154 51860561 2744617915
======================
   8      16 sdb 18653194 14893 4554517388 850097135 8208009 23503824 5164014752 1895118636 158 51865565 2745172608
======================
   8      16 sdb 18653199 14893 4554517428 850098903 8210412 23503839 5165527088 1895679219 75 51870568 2745732584
======================
   8      16 sdb 18653206 14893 4554517484 850100787 8212816 23503854 5167040320 1896221229 135 51875570 2746268992
======================
   8      16 sdb 18653212 14893 4554517532 850102396 8215251 23503869 5168571872 1896782220 137 51880573 2746843595
======================
   8      16 sdb 18653218 14893 4554517580 850104154 8217688 23503884 5170105712 1897362638 152 51885576 2747426735
======================
   8      16 sdb 18653225 14893 4554517636 850105974 8220094 23503899 5171619968 1897934089 135 51890579 2747996079
======================
   8      16 sdb 18653230 14893 4554517676 850107600 8222509 23503914 5173140240 1898517281 59 51895579 2748577754
======================
   8      16 sdb 18653236 14893 4554517724 850109108 8224933 23503929 5174666016 1899109910 134 51900582 2749177419
======================
   8      16 sdb 18653243 14893 4554517780 850111182 8227299 23503943 5176154544 1899638234 154 51905585 2749707249
======================
   8      16 sdb 18653248 14893 4554517820 850112458 8229638 23503957 5177626680 1900268978 12 51910588 2750322909
======================
   8      16 sdb 18653255 14893 4554517876 850114473 8231959 23503970 5179087544 1900793552 132 51915590 2750868573
======================
   8      16 sdb 18653261 14893 4554517924 850116417 8234312 23503984 5180567752 1901368147 158 51920594 2751437401
======================
   8      16 sdb 18653266 14893 4554517964 850117891 8236638 23503999 5182031832 1901968525 94 51925596 2752042776
======================
   8      16 sdb 18653273 14893 4554518020 850119995 8238970 23504014 5183498488 1902497856 139 51930600 2752578919
======================
   8      16 sdb 18653279 14893 4554518068 850121723 8241297 23504029 5184962952 1903097446 92 51935604 2753162988
======================
   8      16 sdb 18653284 14893 4554518108 850123234 8243650 23504044 5186445288 1903653650 159 51940605 2753736274
======================
   8      16 sdb 18653291 14893 4554518164 850125252 8245921 23504053 5187873904 1904164001 155 51945607 2754248346
======================
   8      16 sdb 18653296 14893 4554518204 850126635 8248225 23504066 5189323384 1904754324 156 51950610 2754842487
======================
   8      16 sdb 18653303 14893 4554518260 850128750 8250501 23504084 5190755368 1905292688 153 51955614 2755375510
======================
   8      16 sdb 18653308 14893 4554518300 850130264 8252788 23504099 5192195336 1905875116 154 51960617 2755966870
======================
   8      16 sdb 18653314 14893 4554518348 850132105 8255110 23504108 5193656848 1906420914 136 51965620 2756504309
======================
   8      16 sdb 18653320 14893 4554518396 850133924 8257385 23504122 5195088536 1906954104 147 51970622 2757046206
======================
   8      16 sdb 18653326 14893 4554518444 850135411 8259668 23504135 5196524960 1907546439 151 51975625 2757620966
======================
   8      16 sdb 18653331 14893 4554518484 850136991 8261992 23504153 5197987528 1908101171 138 51980628 2758190084
started
======================
   8      16 sdb 18653607 14893 4554520686 850138357 8262913 23504169 5198558024 1908350946 1 51983201 2758427222
======================
   8      16 sdb 18654710 14893 4554529510 850143132 8262916 23504171 5198558064 1908350946 1 51987975 2758431996
======================
   8      16 sdb 18655793 14893 4554538174 850147923 8262916 23504171 5198558064 1908350946 1 51992765 2758436786
======================
   8      16 sdb 18656701 14893 4554545438 850152737 8262916 23504171 5198558064 1908350946 0 51997576 2758441597
======================
   8      16 sdb 18657806 14893 4554554278 850157522 8262916 23504171 5198558064 1908350946 1 52002362 2758446383
======================
   8      16 sdb 18658885 14893 4554562910 850162265 8262916 23504171 5198558064 1908350946 1 52007104 2758451125
======================
   8      16 sdb 18659985 14893 4554571710 850167015 8262916 23504171 5198558064 1908350946 1 52011857 2758455878
======================
   8      16 sdb 18661063 14893 4554580334 850171800 8262916 23504171 5198558064 1908350946 1 52016636 2758460657
======================
   8      16 sdb 18662145 14893 4554588990 850176574 8262918 23504171 5198558080 1908350946 1 52021407 2758465428
======================
   8      16 sdb 18663218 14893 4554597574 850181363 8262918 23504171 5198558080 1908350946 1 52026198 2758470219
======================
   8      16 sdb 18664321 14893 4554606398 850186137 8262918 23504171 5198558080 1908350946 1 52030972 2758474993
======================
   8      16 sdb 18665395 14893 4554614990 850190898 8262918 23504171 5198558080 1908350946 1 52035735 2758479756
======================
   8      16 sdb 18666490 14893 4554623750 850195674 8262918 23504171 5198558080 1908350946 1 52040506 2758484527
======================
   8      16 sdb 18667568 14893 4554632374 850200448 8262918 23504171 5198558080 1908350946 1 52045282 2758489303
======================
   8      16 sdb 18668665 14893 4554641150 850205241 8262918 23504171 5198558080 1908350946 1 52050074 2758494095
======================
   8      16 sdb 18669757 14893 4554649886 850210003 8262918 23504171 5198558080 1908350946 1 52054835 2758498856
======================
   8      16 sdb 18670856 14893 4554658678 850214784 8262918 23504171 5198558080 1908350946 1 52059614 2758503635
======================
   8      16 sdb 18671925 14893 4554667230 850219512 8262918 23504171 5198558080 1908350946 1 52064345 2758508366
======================
   8      16 sdb 18672979 14893 4554675662 850224255 8262918 23504171 5198558080 1908350946 1 52069085 2758513106
======================
   8      16 sdb 18674061 14893 4554684318 850228996 8262918 23504171 5198558080 1908350946 1 52073823 2758517844
======================
   8      16 sdb 18675156 14893 4554693078 850233738 8262918 23504171 5198558080 1908350946 1 52078564 2758522585
======================
   8      16 sdb 18676225 14893 4554701630 850238476 8262918 23504171 5198558080 1908350946 1 52083300 2758527321
======================
   8      16 sdb 18677307 14893 4554710286 850243207 8262918 23504171 5198558080 1908350946 1 52088030 2758532051
======================
   8      16 sdb 18678390 14893 4554718950 850247962 8262918 23504171 5198558080 1908350946 1 52092784 2758536805
======================
   8      16 sdb 18679473 14893 4554727614 850252736 8262918 23504171 5198558080 1908350946 1 52097556 2758541577
======================
   8      16 sdb 18680566 14893 4554736358 850257538 8262918 23504171 5198558080 1908350946 1 52102358 2758546379
======================
   8      16 sdb 18681641 14893 4554744958 850262341 8262918 23504171 5198558080 1908350946 1 52107155 2758551176
======================
   8      16 sdb 18682738 14893 4554753734 850267096 8262918 23504171 5198558080 1908350946 1 52111913 2758555934
======================
   8      16 sdb 18683822 14893 4554762406 850271870 8262918 23504171 5198558080 1908350946 1 52116681 2758560702
======================
   8      16 sdb 18684907 14893 4554771086 850276649 8262918 23504171 5198558080 1908350946 1 52121458 2758565479
======================
   8      16 sdb 18686008 14893 4554779894 850281400 8262918 23504171 5198558080 1908350946 1 52126208 2758570229
======================
   8      16 sdb 18687109 14893 4554788702 850286169 8262918 23504171 5198558080 1908350946 1 52130974 2758574995
======================
   8      16 sdb 18688211 14893 4554797518 850290946 8262918 23504171 5198558080 1908350946 1 52135750 2758579771
======================
   8      16 sdb 18689300 14893 4554806230 850295740 8262918 23504171 5198558080 1908350946 1 52140544 2758584565
======================
   8      16 sdb 18690373 14893 4554814814 850300526 8262918 23504171 5198558080 1908350946 1 52145328 2758589349
======================
   8      16 sdb 18691457 14893 4554823486 850305299 8262918 23504171 5198558080 1908350946 1 52150099 2758594120
======================
   8      16 sdb 18692544 14893 4554832182 850310049 8262918 23504171 5198558080 1908350946 1 52154848 2758598869
======================
   8      16 sdb 18693626 14893 4554840838 850314805 8262918 23504171 5198558080 1908350946 1 52159603 2758603624
======================
   8      16 sdb 18694697 14893 4554849406 850319544 8262918 23504171 5198558080 1908350946 1 52164340 2758608361
======================
   8      16 sdb 18695800 14893 4554858230 850324297 8262918 23504171 5198558080 1908350946 1 52169093 2758613114
======================
   8      16 sdb 18696888 14893 4554866934 850329042 8262918 23504171 5198558080 1908350946 1 52173836 2758617857
======================
   8      16 sdb 18697979 14893 4554875662 850333839 8262918 23504171 5198558080 1908350946 1 52178628 2758622649
======================
   8      16 sdb 18699074 14893 4554884422 850338589 8262918 23504171 5198558080 1908350946 1 52183381 2758627402
======================
   8      16 sdb 18700157 14893 4554893086 850343347 8262918 23504171 5198558080 1908350946 1 52188138 2758632159
======================
   8      16 sdb 18701256 14893 4554901878 850348108 8262918 23504171 5198558080 1908350946 1 52192895 2758636916
======================
   8      16 sdb 18702346 14893 4554910598 850352888 8262918 23504171 5198558080 1908350946 1 52197679 2758641700
======================
   8      16 sdb 18703446 14893 4554919398 850357659 8262918 23504171 5198558080 1908350946 1 52202446 2758646467
======================
   8      16 sdb 18704544 14893 4554928182 850362413 8262918 23504171 5198558080 1908350946 1 52207201 2758651222
======================
   8      16 sdb 18705610 14893 4554936710 850367204 8262918 23504171 5198558080 1908350946 1 52211994 2758656015
======================
   8      16 sdb 18706709 14893 4554945502 850371992 8262918 23504171 5198558080 1908350946 1 52216774 2758660795
======================
   8      16 sdb 18707810 14893 4554954310 850376753 8262918 23504171 5198558080 1908350946 1 52221536 2758665557
======================
   8      16 sdb 18708936 14893 4554963318 850381609 8262918 23504171 5198558080 1908350946 1 52226390 2758670411
======================
   8      16 sdb 18710062 14893 4554972326 850386491 8262918 23504171 5198558080 1908350946 1 52231269 2758675290
======================
   8      16 sdb 18711153 14893 4554981054 850391317 8262918 23504171 5198558080 1908350946 1 52236098 2758680119
======================
   8      16 sdb 18712240 14893 4554989750 850396057 8262918 23504171 5198558080 1908350946 1 52240834 2758684855
======================
   8      16 sdb 18713323 14893 4554998414 850400819 8262918 23504171 5198558080 1908350946 1 52245593 2758689614
======================
   8      16 sdb 18714413 14893 4555007134 850405545 8262918 23504171 5198558080 1908350946 1 52250321 2758694342
======================
   8      16 sdb 18715491 14893 4555015758 850410288 8262918 23504171 5198558080 1908350946 1 52255061 2758699082
======================
   8      16 sdb 18716597 14893 4555024606 850415071 8262918 23504171 5198558080 1908350946 1 52259843 2758703864
======================
   8      16 sdb 18717704 14893 4555033462 850419860 8262918 23504171 5198558080 1908350946 1 52264629 2758708650
======================
   8      16 sdb 18718804 14893 4555042262 850424646 8262918 23504171 5198558080 1908350946 1 52269415 2758713436
======================
   8      16 sdb 18719891 14893 4555050958 850429402 8262918 23504171 5198558080 1908350946 1 52274171 2758718192
======================
   8      16 sdb 18720986 14893 4555059718 850434184 8262918 23504171 5198558080 1908350946 1 52278953 2758722974
======================
   8      16 sdb 18722067 14893 4555068382 850438967 8262918 23504171 5198558080 1908350946 1 52283733 2758727754
======================
   8      16 sdb 18723160 14893 4555077126 850443726 8262918 23504171 5198558080 1908350946 1 52288490 2758732511
======================
   8      16 sdb 18724228 14893 4555085670 850448487 8262918 23504171 5198558080 1908350946 1 52293252 2758737273
======================
   8      16 sdb 18725304 14893 4555094278 850453252 8262918 23504171 5198558080 1908350946 1 52298019 2758742040
======================
   8      16 sdb 18726378 14893 4555102870 850458016 8262918 23504171 5198558080 1908350946 1 52302778 2758746799
======================
   8      16 sdb 18727461 14893 4555111550 850462797 8262918 23504171 5198558080 1908350946 1 52307558 2758751579
======================
   8      16 sdb 18728538 14893 4555120166 850467575 8262918 23504171 5198558080 1908350946 1 52312338 2758756359
======================
   8      16 sdb 18729617 14893 4555128798 850472369 8262918 23504171 5198558080 1908350946 1 52317131 2758761152
======================
   8      16 sdb 18730709 14893 4555137534 850477172 8262918 23504171 5198558080 1908350946 0 52321932 2758765953
======================
   8      16 sdb 18731809 14893 4555146334 850481962 8262918 23504171 5198558080 1908350946 1 52326727 2758770748
======================
   8      16 sdb 18732902 14893 4555155078 850486716 8262918 23504171 5198558080 1908350946 1 52331478 2758775499
======================
   8      16 sdb 18733997 14893 4555163838 850491516 8262918 23504171 5198558080 1908350946 1 52336274 2758780295
======================
   8      16 sdb 18735085 14893 4555172542 850496303 8262918 23504171 5198558080 1908350946 1 52341061 2758785082
======================
   8      16 sdb 18736185 14893 4555181342 850501082 8262918 23504171 5198558080 1908350946 1 52345840 2758789861
======================
   8      16 sdb 18737274 14893 4555190054 850505857 8262918 23504171 5198558080 1908350946 1 52350613 2758794634
======================
   8      16 sdb 18738367 14893 4555198798 850510628 8262918 23504171 5198558080 1908350946 1 52355385 2758799406
======================
   8      16 sdb 18739463 14893 4555207566 850515392 8262918 23504171 5198558080 1908350946 1 52360146 2758804167
======================
   8      16 sdb 18740552 14893 4555216278 850520196 8262918 23504171 5198558080 1908350946 1 52364952 2758808973
======================
   8      16 sdb 18741639 14893 4555224974 850524968 8262918 23504171 5198558080 1908350946 1 52369720 2758813741
======================
   8      16 sdb 18742741 14893 4555233790 850529755 8262918 23504171 5198558080 1908350946 1 52374508 2758818529
======================
   8      16 sdb 18743847 14893 4555242638 850534590 8262918 23504171 5198558080 1908350946 1 52379343 2758823364
======================
   8      16 sdb 18744954 14893 4555251494 850539358 8262918 23504171 5198558080 1908350946 1 52384108 2758828129
======================
   8      16 sdb 18746033 14893 4555260126 850544139 8262918 23504171 5198558080 1908350946 1 52388885 2758832906
======================
   8      16 sdb 18747115 14893 4555268798 850548909 8262918 23504171 5198558080 1908350946 1 52393653 2758837674
======================
   8      16 sdb 18748225 14893 4555277678 850553681 8262918 23504171 5198558080 1908350946 1 52398424 2758842445
======================
   8      16 sdb 18749320 14893 4555286438 850558447 8262918 23504171 5198558080 1908350946 1 52403187 2758847208
======================
   8      16 sdb 18750406 14893 4555295126 850563191 8262918 23504171 5198558080 1908350946 1 52407933 2758851954
======================
   8      16 sdb 18751491 14893 4555303806 850567985 8262918 23504171 5198558080 1908350946 1 52412723 2758856744
======================
   8      16 sdb 18752588 14893 4555312582 850572769 8262918 23504171 5198558080 1908350946 1 52417510 2758861531
======================
   8      16 sdb 18753670 14893 4555321238 850577570 8262918 23504171 5198558080 1908350946 1 52422307 2758866328
======================
   8      16 sdb 18754777 14893 4555330094 850582344 8262918 23504171 5198558080 1908350946 1 52427079 2758871100
======================
   8      16 sdb 18755875 14893 4555338878 850587101 8262918 23504171 5198558080 1908350946 1 52431834 2758875855
======================
   8      16 sdb 18756990 14893 4555347798 850591985 8262918 23504171 5198558080 1908350946 1 52436717 2758880738
======================
   8      16 sdb 18758108 14893 4555356742 850596870 8262918 23504171 5198558080 1908350946 1 52441601 2758885622
======================
   8      16 sdb 18759227 14893 4555365694 850601738 8262918 23504171 5198558080 1908350946 1 52446465 2758890486
======================
   8      16 sdb 18760350 14893 4555374678 850606626 8262918 23504171 5198558080 1908350946 1 52451357 2758895378
======================
   8      16 sdb 18761462 14893 4555383574 850611499 8262918 23504171 5198558080 1908350946 1 52456227 2758900248
======================
   8      16 sdb 18762562 14893 4555392374 850616343 8262918 23504171 5198558080 1908350946 1 52461072 2758905093
======================
   8      16 sdb 18763661 14893 4555401166 850621242 8262918 23504171 5198558080 1908350946 1 52465969 2758909990
======================
   8      16 sdb 18764773 14893 4555410062 850626133 8262918 23504171 5198558080 1908350946 0 52470858 2758914879
======================
   8      16 sdb 18765894 14893 4555419030 850631026 8262918 23504171 5198558080 1908350946 1 52475756 2758919777
======================
   8      16 sdb 18766992 14893 4555427814 850635917 8262918 23504171 5198558080 1908350946 1 52480645 2758924666
======================
   8      16 sdb 18768085 14893 4555436558 850640701 8262918 23504171 5198558080 1908350946 1 52485427 2758929448
======================
   8      16 sdb 18769194 14893 4555445430 850645461 8262918 23504171 5198558080 1908350946 1 52490185 2758934206
======================
   8      16 sdb 18770289 14893 4555454190 850650248 8262918 23504171 5198558080 1908350946 1 52494971 2758938992
======================
   8      16 sdb 18771379 14893 4555462910 850655026 8262918 23504171 5198558080 1908350946 1 52499745 2758943766
======================
   8      16 sdb 18772470 14893 4555471638 850659818 8262918 23504171 5198558080 1908350946 1 52504537 2758948558
======================
   8      16 sdb 18773571 14893 4555480446 850664576 8262918 23504171 5198558080 1908350946 1 52509291 2758953312
======================
   8      16 sdb 18774657 14893 4555489134 850669321 8262918 23504171 5198558080 1908350946 1 52514035 2758958056
======================
   8      16 sdb 18775725 14893 4555497678 850674071 8262918 23504171 5198558080 1908350946 1 52518787 2758962808
======================
   8      16 sdb 18776808 14893 4555506342 850678821 8262918 23504171 5198558080 1908350946 1 52523532 2758967553
======================
   8      16 sdb 18777905 14893 4555515118 850683580 8262918 23504171 5198558080 1908350946 1 52528295 2758972316
======================
   8      16 sdb 18778983 14893 4555523742 850688386 8262918 23504171 5198558080 1908350946 1 52533100 2758977121
======================
   8      16 sdb 18780086 14893 4555532566 850693148 8262918 23504171 5198558080 1908350946 1 52537861 2758981882
======================
   8      16 sdb 18781176 14893 4555541286 850697947 8262918 23504171 5198558080 1908350946 1 52542656 2758986677
======================
   8      16 sdb 18782253 14893 4555549902 850702696 8262918 23504171 5198558080 1908350946 1 52547407 2758991428
======================
   8      16 sdb 18783327 14893 4555558494 850707504 8262918 23504171 5198558080 1908350946 1 52552216 2758996237
======================
   8      16 sdb 18784403 14893 4555567102 850712261 8262918 23504171 5198558080 1908350946 1 52556969 2759000990
======================
   8      16 sdb 18785516 14893 4555576006 850717069 8262918 23504171 5198558080 1908350946 1 52561778 2759005799
======================
   8      16 sdb 18786597 14893 4555584654 850721863 8262918 23504171 5198558080 1908350946 1 52566569 2759010590
======================
   8      16 sdb 18787674 14893 4555593270 850726601 8262918 23504171 5198558080 1908350946 1 52571307 2759015328
======================
   8      16 sdb 18788769 14893 4555602030 850731368 8262918 23504171 5198558080 1908350946 1 52576073 2759020094
======================
   8      16 sdb 18789853 14893 4555610702 850736160 8262918 23504171 5198558080 1908350946 1 52580860 2759024881
======================
   8      16 sdb 18790928 14893 4555619302 850740962 8262918 23504171 5198558080 1908350946 1 52585663 2759029684
======================
   8      16 sdb 18792026 14893 4555628086 850745742 8262918 23504171 5198558080 1908350946 1 52590441 2759034462
======================
   8      16 sdb 18793097 14893 4555636654 850750508 8262918 23504171 5198558080 1908350946 1 52595211 2759039232
======================
   8      16 sdb 18794179 14893 4555645310 850755256 8262918 23504171 5198558080 1908350946 1 52599956 2759043977
======================
   8      16 sdb 18795280 14893 4555654118 850760021 8262918 23504171 5198558080 1908350946 1 52604718 2759048739
======================
   8      16 sdb 18796354 14893 4555662710 850764777 8262918 23504171 5198558080 1908350946 1 52609474 2759053495
======================
   8      16 sdb 18797434 14893 4555671350 850769545 8262918 23504171 5198558080 1908350946 1 52614238 2759058259
======================
   8      16 sdb 18798506 14893 4555679942 850774326 8262918 23504171 5198558080 1908350946 1 52619020 2759063041
======================
   8      16 sdb 18799595 14893 4555688654 850779079 8262918 23504171 5198558080 1908350946 1 52623775 2759067796
======================
   8      16 sdb 18800692 14893 4555697430 850783873 8262918 23504171 5198558080 1908350946 1 52628565 2759072586
======================
   8      16 sdb 18801768 14893 4555706038 850788616 8262918 23504171 5198558080 1908350946 1 52633306 2759077327
======================
   8      16 sdb 18802842 14893 4555714630 850793400 8262918 23504171 5198558080 1908350946 0 52638086 2759082107
======================
   8      16 sdb 18803941 14893 4555723422 850798164 8262918 23504171 5198558080 1908350946 1 52642853 2759086874
======================
   8      16 sdb 18805029 14893 4555732126 850802950 8262918 23504171 5198558080 1908350946 1 52647636 2759091657
======================
   8      16 sdb 18806124 14893 4555740886 850807744 8262918 23504171 5198558080 1908350946 1 52652428 2759096449
======================
   8      16 sdb 18807208 14893 4555749558 850812518 8262918 23504171 5198558080 1908350946 1 52657199 2759101220
======================
   8      16 sdb 18808306 14893 4555758342 850817296 8262918 23504171 5198558080 1908350946 1 52661978 2759105999
======================
   8      16 sdb 18809382 14893 4555766950 850822080 8262918 23504171 5198558080 1908350946 1 52666765 2759110786
======================
   8      16 sdb 18810469 14893 4555775646 850826872 8262918 23504171 5198558080 1908350946 1 52671552 2759115573
======================
   8      16 sdb 18811559 14893 4555784366 850831645 8262918 23504171 5198558080 1908350946 1 52676326 2759120347
======================
   8      16 sdb 18812654 14893 4555793126 850836426 8262918 23504171 5198558080 1908350946 1 52681106 2759125127
======================
   8      16 sdb 18813755 14893 4555801934 850841203 8262918 23504171 5198558080 1908350946 1 52685881 2759129902
======================
   8      16 sdb 18814856 14893 4555810742 850846049 8262918 23504171 5198558080 1908350946 1 52690726 2759134747
======================
   8      16 sdb 18815937 14893 4555819390 850850818 8262918 23504171 5198558080 1908350946 1 52695491 2759139512
======================
   8      16 sdb 18817009 14893 4555827982 850855559 8262918 23504171 5198558080 1908350946 1 52700230 2759144251
======================
   8      16 sdb 18818093 14893 4555836654 850860341 8262918 23504171 5198558080 1908350946 1 52705013 2759149034
======================
   8      16 sdb 18819200 14893 4555845510 850865101 8262918 23504171 5198558080 1908350946 1 52709770 2759153791
======================
   8      16 sdb 18820288 14893 4555854214 850869882 8262918 23504171 5198558080 1908350946 1 52714550 2759158571
======================
   8      16 sdb 18821391 14893 4555863038 850874653 8262918 23504171 5198558080 1908350946 1 52719321 2759163342
======================
   8      16 sdb 18822490 14893 4555871846 850879431 8262918 23504171 5198558080 1908350946 1 52724098 2759168119
======================
   8      16 sdb 18823585 14893 4555880606 850884218 8262918 23504171 5198558080 1908350946 1 52728883 2759172904
======================
   8      16 sdb 18824679 14893 4555889358 850888993 8262918 23504171 5198558080 1908350946 1 52733655 2759177676
======================
   8      16 sdb 18825780 14893 4555898166 850893770 8262918 23504171 5198558080 1908350946 1 52738431 2759182452
======================
   8      16 sdb 18826864 14893 4555906838 850898564 8262918 23504171 5198558080 1908350946 1 52743224 2759187245
======================
   8      16 sdb 18827933 14893 4555915390 850903331 8262918 23504171 5198558080 1908350946 0 52747988 2759192009
======================
   8      16 sdb 18829013 14893 4555924030 850908120 8262918 23504171 5198558080 1908350946 1 52752777 2759196798
======================
   8      16 sdb 18830086 14893 4555932614 850912915 8262918 23504171 5198558080 1908350946 1 52757572 2759201593
======================
   8      16 sdb 18831163 14893 4555941246 850917695 8262918 23504171 5198558080 1908350946 1 52762349 2759206370
======================
   8      16 sdb 18832217 14893 4555949678 850922490 8262918 23504171 5198558080 1908350946 1 52767146 2759211167
======================
   8      16 sdb 18833317 14893 4555958478 850927269 8262918 23504171 5198558080 1908350946 1 52771924 2759215945
======================
   8      16 sdb 18834381 14893 4555966990 850932050 8262918 23504171 5198558080 1908350946 1 52776706 2759220727
======================
   8      16 sdb 18835469 14893 4555975694 850936809 8262918 23504171 5198558080 1908350946 1 52781464 2759225485
======================
   8      16 sdb 18836552 14893 4555984358 850941588 8262918 23504171 5198558080 1908350946 1 52786241 2759230262
======================
   8      16 sdb 18837630 14893 4555992982 850946367 8262918 23504171 5198558080 1908350946 1 52791018 2759235039
======================
   8      16 sdb 18838702 14893 4556001574 850951120 8262918 23504171 5198558080 1908350946 1 52795770 2759239791
======================
   8      16 sdb 18839785 14893 4556010238 850955903 8262918 23504171 5198558080 1908350946 1 52800551 2759244572
======================
   8      16 sdb 18840876 14893 4556018982 850960678 8262918 23504171 5198558080 1908350946 1 52805326 2759249347
======================
   8      16 sdb 18841969 14893 4556027726 850965458 8262918 23504171 5198558080 1908350946 1 52810106 2759254127
======================
   8      16 sdb 18843067 14893 4556036510 850970224 8262918 23504171 5198558080 1908350946 1 52814873 2759258894
======================
   8      16 sdb 18844141 14893 4556045102 850974982 8262918 23504171 5198558080 1908350946 1 52819631 2759263652
======================
   8      16 sdb 18845220 14893 4556053734 850979731 8262918 23504171 5198558080 1908350946 1 52824377 2759268398
======================
   8      16 sdb 18846298 14893 4556062358 850984486 8262918 23504171 5198558080 1908350946 1 52829132 2759273153
======================
   8      16 sdb 18847388 14893 4556071094 850989268 8262918 23504171 5198558080 1908350946 1 52833914 2759277935
======================
   8      16 sdb 18848471 14893 4556079758 850994075 8262918 23504171 5198558080 1908350946 1 52838722 2759282743
======================
   8      16 sdb 18849570 14893 4556088550 850998871 8262918 23504171 5198558080 1908350946 1 52843511 2759287532
======================
   8      16 sdb 18850654 14893 4556097222 851003643 8262918 23504171 5198558080 1908350946 1 52848283 2759292304
======================
   8      16 sdb 18851739 14893 4556105902 851008432 8262918 23504171 5198558080 1908350946 1 52853070 2759297091
======================
   8      16 sdb 18852846 14893 4556114774 851013234 8262918 23504171 5198558080 1908350946 1 52857874 2759301895
======================
   8      16 sdb 18853930 14893 4556123446 851018004 8262918 23504171 5198558080 1908350946 1 52862641 2759306662
======================
   8      16 sdb 18855008 14893 4556132070 851022787 8262918 23504171 5198558080 1908350946 1 52867424 2759311445
======================
   8      16 sdb 18856099 14893 4556140798 851027574 8262918 23504171 5198558080 1908350946 1 52872208 2759316229
======================
   8      16 sdb 18857188 14893 4556149510 851032336 8262918 23504171 5198558080 1908350946 1 52876972 2759320993
======================
   8      16 sdb 18858289 14893 4556158318 851037132 8262918 23504171 5198558080 1908350946 1 52881766 2759325787
======================
   8      16 sdb 18859374 14893 4556166998 851041932 8262918 23504171 5198558080 1908350946 1 52886566 2759330587
======================
   8      16 sdb 18860470 14893 4556175766 851046730 8262918 23504171 5198558080 1908350946 1 52891364 2759335385
======================
   8      16 sdb 18861560 14893 4556184486 851051522 8262918 23504171 5198558080 1908350946 1 52896154 2759340175
======================
   8      16 sdb 18862658 14893 4556193286 851056303 8262918 23504171 5198558080 1908350946 1 52900937 2759344958
======================
   8      16 sdb 18863762 14893 4556202118 851061095 8262918 23504171 5198558080 1908350946 1 52905725 2759349746
======================
   8      16 sdb 18864845 14893 4556210782 851065861 8262918 23504171 5198558080 1908350946 1 52910491 2759354512
======================
   8      16 sdb 18865922 14893 4556219398 851070650 8262918 23504171 5198558080 1908350946 1 52915283 2759359304
======================
   8      16 sdb 18867006 14893 4556228070 851075429 8262918 23504171 5198558080 1908350946 1 52920062 2759364083
======================
   8      16 sdb 18868089 14893 4556236750 851080207 8262918 23504171 5198558080 1908350946 1 52924833 2759368854
======================
   8      16 sdb 18869167 14893 4556245406 851084993 8262918 23504171 5198558080 1908350946 1 52929617 2759373638
======================
   8      16 sdb 18870246 14893 4556254038 851089778 8262918 23504171 5198558080 1908350946 0 52934398 2759378419
======================
   8      16 sdb 18871325 14893 4556262670 851094552 8262918 23504171 5198558080 1908350946 1 52939176 2759383197
======================
   8      16 sdb 18872413 14893 4556271374 851099344 8262918 23504171 5198558080 1908350946 1 52943964 2759387985
======================
   8      16 sdb 18873501 14893 4556280078 851104123 8262918 23504171 5198558080 1908350946 1 52948743 2759392764
======================
   8      16 sdb 18874604 14893 4556288902 851108897 8262918 23504171 5198558080 1908350946 1 52953513 2759397534
======================
   8      16 sdb 18875707 14893 4556297758 851113695 8262918 23504171 5198558080 1908350946 1 52958312 2759402333
======================
   8      16 sdb 18876798 14893 4556306486 851118486 8262918 23504171 5198558080 1908350946 1 52963098 2759407119
======================
   8      16 sdb 18877913 14893 4556315406 851123362 8262918 23504171 5198558080 1908350946 1 52967978 2759411999
======================
   8      16 sdb 18879015 14893 4556324222 851128154 8262918 23504171 5198558080 1908350946 1 52972768 2759416789
======================
   8      16 sdb 18880113 14893 4556333006 851132945 8262918 23504171 5198558080 1908350946 1 52977553 2759421574
======================
   8      16 sdb 18881197 14893 4556341694 851137729 8262918 23504171 5198558080 1908350946 1 52982337 2759426358
======================
   8      16 sdb 18882285 14893 4556350414 851142500 8262918 23504171 5198558080 1908350946 1 52987109 2759431130
======================
   8      16 sdb 18883380 14893 4556359174 851147273 8262918 23504171 5198558080 1908350946 1 52991880 2759435901
======================
   8      16 sdb 18884467 14893 4556367870 851152048 8262918 23504171 5198558080 1908350946 0 52996653 2759440674
======================
   8      16 sdb 18885559 14893 4556376622 851156842 8262918 23504171 5198558080 1908350946 1 53001446 2759445467
======================
   8      16 sdb 18886644 14893 4556385302 851161584 8262918 23504171 5198558080 1908350946 1 53006187 2759450208
======================
   8      16 sdb 18887731 14893 4556393998 851166365 8262918 23504171 5198558080 1908350946 0 53010962 2759454983
======================
   8      16 sdb 18888803 14893 4556402574 851171148 8262918 23504171 5198558080 1908350946 1 53015744 2759459765
======================
   8      16 sdb 18889899 14893 4556411358 851175928 8262918 23504171 5198558080 1908350946 1 53020519 2759464540
======================
   8      16 sdb 18890981 14893 4556420014 851180692 8262918 23504171 5198558080 1908350946 1 53025286 2759469307
======================
   8      16 sdb 18892070 14893 4556428726 851185475 8262918 23504171 5198558080 1908350946 1 53030066 2759474087
======================
   8      16 sdb 18893161 14893 4556437454 851190237 8262918 23504171 5198558080 1908350946 1 53034824 2759478845
======================
   8      16 sdb 18894256 14893 4556446214 851195023 8262918 23504171 5198558080 1908350946 1 53039610 2759483631
======================
   8      16 sdb 18895361 14893 4556455054 851199819 8262918 23504171 5198558080 1908350946 0 53044403 2759488424
======================
   8      16 sdb 18896445 14893 4556463742 851204588 8262918 23504171 5198558080 1908350946 1 53049173 2759493194
======================
   8      16 sdb 18897531 14893 4556472430 851209363 8262918 23504171 5198558080 1908350946 1 53053946 2759497967
======================
   8      16 sdb 18898622 14893 4556481174 851214130 8262918 23504171 5198558080 1908350946 1 53058710 2759502731
======================
   8      16 sdb 18899710 14893 4556489894 851218868 8262918 23504171 5198558080 1908350946 1 53063454 2759507475
======================
   8      16 sdb 18900801 14893 4556498638 851223642 8262918 23504171 5198558080 1908350946 1 53068225 2759512246
======================
   8      16 sdb 18901894 14893 4556507382 851228414 8262918 23504171 5198558080 1908350946 1 53072993 2759517014
======================
   8      16 sdb 18902988 14893 4556516150 851233197 8262918 23504171 5198558080 1908350946 1 53077776 2759521797
======================
   8      16 sdb 18904081 14893 4556524894 851237959 8262918 23504171 5198558080 1908350946 1 53082537 2759526558
======================
   8      16 sdb 18905164 14893 4556533558 851242717 8262918 23504171 5198558080 1908350946 1 53087295 2759531316
======================
   8      16 sdb 18906246 14893 4556542214 851247445 8262918 23504171 5198558080 1908350946 1 53092021 2759536042
======================
   8      16 sdb 18907316 14893 4556550774 851252189 8262918 23504171 5198558080 1908350946 1 53096764 2759540785
======================
   8      16 sdb 18908390 14893 4556559366 851256900 8262918 23504171 5198558080 1908350946 1 53101477 2759545498
======================
   8      16 sdb 18909462 14893 4556567942 851261628 8262918 23504171 5198558080 1908350946 1 53106201 2759550222
======================
   8      16 sdb 18910529 14893 4556576478 851266365 8262918 23504171 5198558080 1908350946 1 53110933 2759554954
======================
   8      16 sdb 18911592 14893 4556584982 851271087 8262918 23504171 5198558080 1908350946 1 53115658 2759559679
======================
   8      16 sdb 18912677 14893 4556593662 851275833 8262918 23504171 5198558080 1908350946 1 53120402 2759564423
======================
   8      16 sdb 18913439 14893 4556599758 851279225 8262918 23504171 5198558080 1908350946 0 53123789 2759567810
