======================
   8      48 sdd 17461 0 139526 2916550 20711240 20560516 3437369320 1693212242 0 13556644 1696091393
======================
   8      48 sdd 17471 0 139606 2916862 20712497 20560516 3438161512 1693432936 156 13558476 1696336716
======================
   8      48 sdd 17477 0 139654 2917899 20714592 20560551 3439476400 1694064330 156 13563478 1696970263
======================
   8      48 sdd 17482 0 139694 2918999 20716686 20560564 3440789888 1694693047 133 13568480 1697599137
======================
   8      48 sdd 17488 0 139742 2920277 20718777 20560576 3442104960 1695312221 135 13573483 1698219631
======================
   8      48 sdd 17493 0 139782 2921458 20720868 20560589 3443420928 1695932652 129 13578487 1698840608
======================
   8      48 sdd 17498 0 139822 2922640 20722961 20560602 3444738176 1696548699 148 13583502 1699458268
======================
   8      48 sdd 17504 0 139870 2923879 20725053 20560614 3446053888 1697153062 150 13588504 1700063730
======================
   8      48 sdd 17509 0 139910 2924990 20727142 20560627 3447368576 1697778629 157 13593507 1700690149
======================
   8      48 sdd 17514 0 139950 2926120 20729225 20560640 3448679424 1698398052 131 13598510 1701311042
======================
   8      48 sdd 17520 0 139998 2927377 20731317 20560652 3449995392 1698997073 143 13603512 1701910795
======================
   8      48 sdd 17525 0 140038 2928490 20733405 20560665 3451309440 1699609254 133 13608515 1702524675
======================
   8      48 sdd 17530 0 140078 2929595 20735493 20560678 3452623488 1700220344 133 13613518 1703136354
======================
   8      48 sdd 17536 0 140126 2930827 20737585 20560691 3453938576 1700816130 126 13618521 1703733389
======================
   8      48 sdd 17541 0 140166 2932083 20739674 20560706 3455254512 1701435763 120 13623525 1704354371
======================
   8      48 sdd 17546 0 140206 2933264 20741762 20560715 3456568568 1702052918 114 13628526 1704972268
======================
   8      48 sdd 17552 0 140254 2934689 20743852 20560728 3457883256 1702647082 81 13633529 1705563597
======================
   8      48 sdd 17557 0 140294 2935916 20745938 20560740 3459195128 1703263993 79 13638532 1706179982
======================
   8      48 sdd 17562 0 140334 2937350 20747995 20560753 3460489592 1703859788 105 13643536 1706780203
======================
   8      48 sdd 17568 0 140382 2938481 20750091 20560766 3461808760 1704479173 92 13648539 1707397797
======================
   8      48 sdd 17573 0 140422 2939874 20752191 20560778 3463129592 1705078491 76 13653543 1707998037
======================
   8      48 sdd 17579 0 140470 2941305 20754278 20560791 3464443000 1705680293 135 13658546 1708603896
======================
   8      48 sdd 17585 0 140518 2942280 20756366 20560804 3465757048 1706312932 143 13663548 1709233726
======================
   8      48 sdd 17590 0 140558 2943402 20758454 20560816 3467070456 1706935133 149 13668551 1709856851
======================
   8      48 sdd 17595 0 140598 2944294 20760540 20560829 3468383224 1707581693 139 13673554 1710496960
======================
   8      48 sdd 17601 0 140646 2945505 20762628 20560843 3469697280 1708183739 136 13678558 1711100924
======================
   8      48 sdd 17606 0 140686 2946670 20764719 20560855 3471011720 1708806707 144 13683561 1711722135
======================
   8      48 sdd 17611 0 140726 2947787 20766807 20560868 3472325768 1709419936 146 13688563 1712335270
======================
   8      48 sdd 17617 0 140774 2949062 20768896 20560881 3473641648 1710033224 10 13693566 1712947999
======================
   8      48 sdd 17622 0 140814 2950450 20770987 20560894 3474956984 1710660968 29 13698569 1713575102
======================
   8      48 sdd 17627 0 140854 2951619 20773073 20560898 3476269496 1711272008 142 13703572 1714209492
======================
   8      48 sdd 17633 0 140902 2952822 20775164 20560911 3477585464 1711898478 142 13708576 1714819517
======================
   8      48 sdd 17638 0 140942 2954061 20777251 20560923 3478898232 1712498532 158 13713579 1715440165
======================
   8      48 sdd 17643 0 140982 2955303 20779342 20560936 3480214200 1713117821 151 13718583 1716059939
======================
   8      48 sdd 17649 0 141030 2956537 20781433 20560949 3481529912 1713740332 155 13723586 1716670111
======================
   8      48 sdd 17654 0 141070 2957932 20783519 20560961 3482842040 1714341822 130 13728589 1717272032
======================
   8      48 sdd 17659 0 141110 2959339 20785604 20560974 3484154168 1714939798 129 13733591 1717870950
======================
   8      48 sdd 17665 0 141158 2960828 20787697 20560987 3485471416 1715532870 138 13738593 1718471029
======================
   8      48 sdd 17670 0 141198 2961927 20789785 20561000 3486784200 1716156415 134 13743597 1719097081
======================
   8      48 sdd 17675 0 141238 2963199 20791872 20561013 3488097608 1716764563 130 13748599 1719706366
======================
   8      48 sdd 17681 0 141286 2964218 20793963 20561026 3489413320 1717381884 128 13753602 1720325699
======================
   8      48 sdd 17686 0 141326 2965204 20796052 20561038 3490727368 1718006541 140 13758605 1720959330
======================
   8      48 sdd 17691 0 141366 2966442 20798138 20561052 3492040144 1718649447 136 13763608 1721603174
======================
   8      48 sdd 17697 0 141414 2967929 20800229 20561065 3493356112 1719265049 139 13768611 1722212747
======================
   8      48 sdd 17702 0 141454 2969177 20802318 20561078 3494670544 1719880602 146 13773614 1722832062
======================
   8      48 sdd 17707 0 141494 2970269 20804406 20561091 3495984592 1720506039 133 13778617 1723459539
======================
   8      48 sdd 17713 0 141542 2971728 20806498 20561104 3497301200 1721090826 154 13783621 1724048849
======================
   8      48 sdd 17718 0 141582 2973002 20808587 20561117 3498615760 1721695607 132 13788624 1724654945
======================
   8      48 sdd 17723 0 141622 2974047 20810675 20561130 3499929680 1722329729 147 13793628 1725290346
======================
   8      48 sdd 17729 0 141670 2975227 20812766 20561144 3501245024 1722934237 137 13798631 1725896084
======================
   8      48 sdd 17734 0 141710 2976431 20814855 20561157 3502559712 1723544411 154 13803634 1726507642
======================
   8      48 sdd 17739 0 141750 2977533 20816943 20561170 3503873760 1724164491 131 13808638 1727128465
======================
   8      48 sdd 17745 0 141798 2978707 20819035 20561183 3505190112 1724765767 155 13813642 1727730603
======================
   8      48 sdd 17750 0 141838 2979868 20821124 20561197 3506504808 1725384474 157 13818644 1728350814
======================
   8      48 sdd 17755 0 141878 2981113 20823213 20561210 3507819496 1726019023 145 13823649 1728986921
======================
   8      48 sdd 17761 0 141926 2982334 20825305 20561222 3509135464 1726623830 140 13828651 1729592744
======================
   8      48 sdd 17766 0 141966 2983744 20827393 20561235 3510449896 1727230309 129 13833653 1730200313
======================
   8      48 sdd 17771 0 142006 2984854 20829481 20561248 3511763304 1727852214 148 13838656 1730823520
======================
   8      48 sdd 17777 0 142054 2986103 20831573 20561260 3513079272 1728460980 135 13843660 1731433653
======================
   8      48 sdd 17782 0 142094 2987386 20833659 20561273 3514392040 1729067886 143 13848663 1732041919
======================
   8      48 sdd 17787 0 142134 2988503 20835744 20561286 3515704168 1729685354 155 13853667 1732660338
======================
   8      48 sdd 17793 0 142182 2989724 20837838 20561299 3517020536 1730294053 146 13858671 1733270433
======================
   8      48 sdd 17798 0 142222 2990839 20839928 20561312 3518335864 1730918144 133 13863674 1733895376
======================
   8      48 sdd 17803 0 142262 2991910 20842016 20561325 3519649912 1731538991 143 13868677 1734517332
======================
   8      48 sdd 17809 0 142310 2993110 20844107 20561337 3520965240 1732147702 144 13873681 1735127540
======================
   8      48 sdd 17814 0 142350 2994069 20846196 20561350 3522279672 1732781783 133 13878684 1735762317
======================
   8      48 sdd 17819 0 142390 2995327 20848284 20561365 3523593736 1733402385 135 13883689 1736384231
======================
   8      48 sdd 17825 0 142438 2996564 20850376 20561377 3524909704 1734030257 144 13888694 1737013184
======================
   8      48 sdd 17830 0 142478 2997737 20852466 20561390 3526225032 1734649417 137 13893697 1737633554
======================
   8      48 sdd 17835 0 142518 2998837 20854524 20561404 3527519512 1735269011 137 13898699 1738254379
======================
   8      48 sdd 17841 0 142566 3000171 20856620 20561416 3528837784 1735876956 125 13903701 1738862859
======================
   8      48 sdd 17847 0 142614 3001582 20858723 20561429 3530161176 1736481345 152 13908704 1739467965
======================
   8      48 sdd 17851 0 142646 3002794 20860809 20561442 3531473944 1737091654 102 13913707 1740078533
======================
   8      48 sdd 17857 0 142694 3003973 20862902 20561455 3532789928 1737699725 94 13918710 1740687117
======================
   8      48 sdd 17863 0 142742 3005201 20864991 20561468 3534104616 1738315686 129 13923713 1741306409
======================
   8      48 sdd 17867 0 142774 3006251 20867079 20561481 3535418664 1738932922 83 13928716 1741921348
======================
   8      48 sdd 17873 0 142822 3007406 20869171 20561493 3536734376 1739542140 75 13933719 1742530255
======================
   8      48 sdd 17879 0 142870 3008633 20871251 20561506 3538043304 1740150359 157 13938722 1743145092
======================
   8      48 sdd 17883 0 142902 3009660 20873319 20561519 3539344808 1740769493 93 13943725 1743762452
======================
   8      48 sdd 17889 0 142950 3010773 20875396 20561531 3540651176 1741378273 100 13948729 1744374172
======================
   8      48 sdd 17894 0 142990 3012059 20877497 20561544 3541973544 1741987105 82 13953732 1744980646
======================
   8      48 sdd 17899 0 143030 3013224 20879597 20561558 3543295024 1742628686 65 13958735 1745620958
======================
   8      48 sdd 17905 0 143078 3014409 20881690 20561570 3544611632 1743244151 56 13963738 1746235580
======================
   8      48 sdd 17910 0 143118 3015757 20883774 20561583 3545923120 1743862041 55 13968742 1746855232
======================
   8      48 sdd 17915 0 143158 3016950 20885863 20561596 3547237552 1744480428 49 13973745 1747473090
======================
   8      48 sdd 17921 0 143206 3018068 20887959 20561609 3548555456 1745104214 38 13978762 1748095506
======================
   8      48 sdd 17926 0 143246 3019402 20890046 20561622 3549868864 1745715317 34 13983765 1748706892
======================
   8      48 sdd 17931 0 143286 3020825 20892134 20561635 3551182912 1746308735 29 13988768 1749300187
======================
   8      48 sdd 17937 0 143334 3021780 20894224 20561647 3552497344 1746937361 23 13993769 1749928086
======================
   8      48 sdd 17942 0 143374 3022997 20896312 20561660 3553811392 1747548822 18 13998772 1750539187
======================
   8      48 sdd 17947 0 143414 3024199 20898400 20561673 3555125440 1748161791 13 14003775 1751151669
======================
   8      48 sdd 17954 0 143470 3025483 20900493 20561685 3556442048 1748787951 148 14008779 1751780519
======================
   8      48 sdd 17959 0 143510 3026397 20902581 20561698 3557755840 1749398962 136 14013783 1752411204
======================
   8      48 sdd 17963 0 143542 3027488 20904662 20561712 3559065416 1750040001 1 14018786 1753029487
======================
   8      48 sdd 17970 0 143598 3028871 20906761 20561724 3560385736 1750664149 148 14023788 1753677403
======================
   8      48 sdd 17975 0 143638 3030070 20908847 20561737 3561699232 1751283455 148 14028791 1754298278
======================
   8      48 sdd 17981 0 143686 3031548 20910927 20561750 3563008192 1751894660 144 14033794 1754888743
started
======================
   8      48 sdd 18114 0 144744 3031672 20913704 20561763 3563230888 1752069729 154 14035230 1755067525
======================
   8      48 sdd 18114 0 144744 3031672 20991507 20561765 3563862880 1752807141 155 14040366 1755801368
======================
   8      48 sdd 18114 0 144744 3031672 21069029 20561766 3564495808 1753522409 126 14045369 1756516411
======================
   8      48 sdd 18114 0 144744 3031672 21147062 20561767 3565135232 1754237295 155 14050373 1757231292
======================
   8      48 sdd 18114 0 144744 3031672 21225417 20561768 3565779776 1754951963 138 14055376 1757945963
======================
   8      48 sdd 18114 0 144744 3031672 21303014 20561769 3566411584 1755667939 144 14060387 1758661729
======================
   8      48 sdd 18114 0 144744 3031672 21380723 20561770 3567045632 1756382649 134 14065392 1759376328
======================
   8      48 sdd 18114 0 144744 3031672 21458817 20561771 3567683872 1757100022 132 14070419 1760093539
======================
   8      48 sdd 18114 0 144744 3031672 21536513 20561772 3568318168 1757815650 140 14075424 1760809232
======================
   8      48 sdd 18114 0 144744 3031672 21614157 20561773 3568951672 1758530185 128 14080427 1761523696
======================
   8      48 sdd 18114 0 144744 3031672 21691785 20561773 3569584392 1759243166 155 14085430 1762236765
======================
   8      48 sdd 18114 0 144744 3031672 21769331 20561774 3570217216 1759958071 153 14090433 1762951581
======================
   8      48 sdd 18114 0 144744 3031672 21846856 20561775 3570849472 1760671162 130 14095434 1763664638
======================
   8      48 sdd 18114 0 144744 3031672 21924706 20561776 3571483624 1761385566 152 14100443 1764378984
======================
   8      48 sdd 18114 0 144744 3031672 22002403 20561777 3572116784 1762096670 157 14105439 1765089895
======================
   8      48 sdd 18114 0 144744 3031672 22080031 20561778 3572749792 1762811878 146 14110444 1765805095
======================
   8      48 sdd 18114 0 144744 3031672 22157677 20561779 3573383360 1763525912 143 14115444 1766519059
======================
   8      48 sdd 18114 0 144744 3031672 22235115 20561780 3574015440 1764240400 153 14120448 1767233652
======================
   8      48 sdd 18114 0 144744 3031672 22312603 20561781 3574649056 1764954829 147 14125451 1767948035
======================
   8      48 sdd 18114 0 144744 3031672 22390066 20561782 3575282096 1765670209 158 14130454 1768663237
======================
   8      48 sdd 18114 0 144744 3031672 22467731 20561783 3575915768 1766384678 130 14135456 1769377812
======================
   8      48 sdd 18114 0 144744 3031672 22545374 20561784 3576549208 1767099148 151 14140459 1770092092
======================
   8      48 sdd 18114 0 144744 3031672 22622998 20561785 3577182440 1767814263 147 14145462 1770807166
======================
   8      48 sdd 18114 0 144744 3031672 22700367 20561786 3577813184 1768528450 158 14150468 1771521410
======================
   8      48 sdd 18114 0 144744 3031672 22777705 20561787 3578443224 1769243311 149 14155471 1772236160
======================
   8      48 sdd 18114 0 144744 3031672 22855195 20561788 3579075072 1769959903 129 14160481 1772952520
======================
   8      48 sdd 18114 0 144744 3031672 22932855 20561789 3579708976 1770675168 135 14165486 1773667987
======================
   8      48 sdd 18114 0 144744 3031672 23003513 20561790 3580283960 1771328886 0 14170070 1774321091
======================
   8      48 sdd 18114 0 144744 3031672 23070908 20561791 3580833720 1771945026 137 14174389 1774937941
======================
   8      48 sdd 18114 0 144744 3031672 23148199 20561792 3581463136 1772659220 152 14179393 1775652069
======================
   8      48 sdd 18114 0 144744 3031672 23225705 20561793 3582094592 1773375695 152 14184396 1776368307
======================
   8      48 sdd 18114 0 144744 3031672 23303168 20561794 3582726200 1774090331 131 14189399 1777082913
======================
   8      48 sdd 18114 0 144744 3031672 23378722 20561795 3583340616 1774783081 147 14194263 1777775859
======================
   8      48 sdd 18114 0 144744 3031672 23456257 20561796 3583972456 1775499173 145 14199274 1778491935
======================
   8      48 sdd 18114 0 144744 3031672 23533564 20561796 3584602600 1776214818 130 14204277 1779207200
======================
   8      48 sdd 18114 0 144744 3031672 23610916 20561797 3585233912 1776928406 156 14209280 1779920746
======================
   8      48 sdd 18114 0 144744 3031672 23662992 20561798 3585657512 1777405166 130 14212634 1780397608
======================
   8      48 sdd 18114 0 144744 3031672 23740401 20561799 3586287768 1778118364 130 14217638 1781110503
======================
   8      48 sdd 18114 0 144744 3031672 23817983 20561800 3586919992 1778833029 157 14222643 1781825308
======================
   8      48 sdd 18114 0 144744 3031672 23895130 20561801 3587547856 1779546691 158 14227647 1782539017
======================
   8      48 sdd 18114 0 144744 3031672 23972312 20561802 3588176736 1780261080 142 14232654 1783253182
======================
   8      48 sdd 18114 0 144744 3031672 24049636 20561803 3588806240 1780976678 134 14237662 1783968778
======================
   8      48 sdd 18114 0 144744 3031672 24126907 20561804 3589435024 1781692717 145 14242665 1784684758
======================
   8      48 sdd 18114 0 144744 3031672 24183872 20561805 3589898448 1782215574 155 14246333 1785207518
======================
   8      48 sdd 18114 0 144744 3031672 24260742 20561806 3590523808 1782929608 132 14251340 1785921535
======================
   8      48 sdd 18114 0 144744 3031672 24338000 20561807 3591152088 1783644795 143 14256345 1786636909
======================
   8      48 sdd 18114 0 144744 3031672 24414998 20561808 3591778112 1784359629 139 14261347 1787351669
======================
   8      48 sdd 18114 0 144744 3031672 24449255 20561809 3592056328 1784677578 0 14263571 1787669177
======================
   8      48 sdd 18114 0 144744 3031672 24515418 20561809 3592594928 1785285071 142 14267827 1788277262
======================
   8      48 sdd 18114 0 144744 3031672 24551137 20561810 3592883744 1785620758 0 14270177 1788612236
======================
   8      48 sdd 18114 0 144744 3031672 24621329 20561811 3593450688 1786274284 134 14274763 1789266321
======================
   8      48 sdd 18114 0 144744 3031672 24698175 20561812 3594074312 1786990145 144 14279766 1789982041
======================
   8      48 sdd 18114 0 144744 3031672 24774790 20561813 3594697200 1787704101 152 14284769 1790695903
======================
   8      48 sdd 18114 0 144744 3031672 24844101 20561814 3595260328 1788341477 153 14289239 1791333269
======================
   8      48 sdd 18114 0 144744 3031672 24920183 20561815 3595874336 1789054622 154 14294243 1792046622
======================
   8      48 sdd 18114 0 144744 3031672 24997063 20561816 3596498024 1789769956 123 14299246 1792761777
======================
   8      48 sdd 18114 0 144744 3031672 25063008 20561817 3597033536 1790379589 158 14303517 1793371649
======================
   8      48 sdd 18114 0 144744 3031672 25139129 20561818 3597649120 1791095354 135 14308520 1794087255
======================
   8      48 sdd 18114 0 144744 3031672 25150317 20561818 3597739072 1791195712 146 14309229 1794187461
======================
   8      48 sdd 18114 0 144744 3031672 25224332 20561819 3598337528 1791888649 0 14314084 1794879846
======================
   8      48 sdd 18114 0 144744 3031672 25296697 20561820 3598925496 1792556100 134 14318762 1795547770
======================
   8      48 sdd 18114 0 144744 3031672 25326180 20561821 3599164968 1792830115 0 14320682 1795821183
======================
   8      48 sdd 18114 0 144744 3031672 25395959 20561822 3599728136 1793470692 140 14325174 1796462439
======================
   8      48 sdd 18114 0 144744 3031672 25421011 20561823 3599929248 1793708359 0 14326834 1796699455
======================
   8      48 sdd 18114 0 144744 3031672 25425061 20561824 3599961856 1793735841 138 14327033 1796727545
======================
   8      48 sdd 18114 0 144744 3031672 25501785 20561824 3600583160 1794450500 152 14332036 1797442310
======================
   8      48 sdd 18114 0 144744 3031672 25571371 20561825 3601148032 1795092310 138 14336529 1798083892
======================
   8      48 sdd 18114 0 144744 3031672 25647946 20561826 3601768816 1795806225 143 14341534 1798797793
======================
   8      48 sdd 18114 0 144744 3031672 25668808 20561827 3601936384 1796002048 0 14342906 1798992971
======================
   8      48 sdd 18114 0 144744 3031672 25704725 20561828 3602224616 1796337717 0 14345253 1799328610
======================
   8      48 sdd 18114 0 144744 3031672 25730160 20561829 3602429736 1796564798 159 14346854 1799556489
======================
   8      48 sdd 18114 0 144744 3031672 25806866 20561830 3603050760 1797279427 159 14351857 1800271016
======================
   8      48 sdd 18114 0 144744 3031672 25834295 20561830 3603273248 1797535682 0 14353650 1800526543
======================
   8      48 sdd 18114 0 144744 3031672 25885251 20561831 3603686440 1797995105 138 14356872 1800986503
======================
   8      48 sdd 18114 0 144744 3031672 25922371 20561832 3603985288 1798346155 0 14359323 1801336935
======================
   8      48 sdd 18114 0 144744 3031672 25922373 20561833 3603985312 1798346155 0 14359323 1801336935
======================
   8      48 sdd 18114 0 144744 3031672 25941949 20561834 3604143240 1798517900 147 14360539 1801509474
======================
   8      48 sdd 18114 0 144744 3031672 26018308 20561835 3604760728 1799225750 133 14365500 1802217401
======================
   8      48 sdd 18114 0 144744 3031672 26095231 20561836 3605384576 1799940970 152 14370506 1802932363
======================
   8      48 sdd 18114 0 144744 3031672 26124215 20561837 3605619368 1800208377 148 14372388 1803199822
======================
   8      48 sdd 18114 0 144744 3031672 26200873 20561837 3606240664 1800923344 154 14377392 1803914842
======================
   8      48 sdd 18114 0 144744 3031672 26276843 20561838 3606855576 1801628056 158 14382320 1804619619
======================
   8      48 sdd 18114 0 144744 3031672 26319141 20561839 3607196720 1802024463 0 14385099 1805015387
======================
   8      48 sdd 18114 0 144744 3031672 26391995 20561840 3607785472 1802703000 148 14389863 1805694781
======================
   8      48 sdd 18114 0 144744 3031672 26421470 20561841 3608024160 1802978673 0 14391792 1805969706
======================
   8      48 sdd 18114 0 144744 3031672 26473183 20561842 3608443152 1803446001 141 14395073 1806437722
======================
   8      48 sdd 18114 0 144744 3031672 26523741 20561843 3608851600 1803918782 0 14398387 1806909704
======================
   8      48 sdd 18114 0 144744 3031672 26549927 20561844 3609063160 1804159659 138 14400088 1807151306
======================
   8      48 sdd 18114 0 144744 3031672 26624831 20561845 3609669512 1804856362 133 14404964 1807848042
======================
   8      48 sdd 18114 0 144744 3031672 26701678 20561846 3610291912 1805570291 152 14409969 1808561721
======================
   8      48 sdd 18114 0 144744 3031672 26723211 20561847 3610465520 1805772575 0 14411389 1808763386
======================
   8      48 sdd 18114 0 144744 3031672 26770261 20561847 3610843352 1806207532 133 14414449 1809198823
======================
   8      48 sdd 18114 0 144744 3031672 26847055 20561848 3611464968 1806921356 0 14419454 1809912012
======================
   8      48 sdd 18114 0 144744 3031672 26915100 20561849 3612015440 1807552078 150 14423880 1810543378
======================
   8      48 sdd 18114 0 144744 3031672 26941386 20561850 3612227000 1807802179 0 14425628 1810792860
======================
   8      48 sdd 18114 0 144744 3031672 27015723 20561851 3612828496 1808494891 133 14430483 1811485934
======================
   8      48 sdd 18114 0 144744 3031672 27085220 20561852 3613392176 1809137136 130 14434986 1812128265
======================
   8      48 sdd 18114 0 144744 3031672 27153783 20561852 3613946208 1809779605 0 14439485 1812770034
======================
   8      48 sdd 18114 0 144744 3031672 27164641 20561853 3614033712 1809876960 153 14440174 1812868108
======================
   8      48 sdd 18114 0 144744 3031672 27231506 20561854 3614574032 1810499449 142 14444531 1813490598
======================
   8      48 sdd 18114 0 144744 3031672 27289206 20561855 3615041928 1811034138 147 14448279 1814025636
======================
   8      48 sdd 18114 0 144744 3031672 27345072 20561856 3615494600 1811557046 0 14451938 1814547884
======================
   8      48 sdd 18114 0 144744 3031672 27371599 20561856 3615709712 1811789497 139 14453577 1814780789
======================
   8      48 sdd 18114 0 144744 3031672 27447398 20561857 3616322016 1812500070 0 14458552 1815490777
======================
   8      48 sdd 18114 0 144744 3031672 27470693 20561858 3616510752 1812711302 130 14460047 1815702817
======================
   8      48 sdd 18114 0 144744 3031672 27547471 20561859 3617133536 1813426276 144 14465052 1816417761
======================
   8      48 sdd 18114 0 144744 3031672 27602474 20561860 3617579352 1813935072 153 14468616 1816926716
======================
   8      48 sdd 18114 0 144744 3031672 27651527 20561861 3617976896 1814394599 0 14471833 1817385316
======================
   8      48 sdd 18114 0 144744 3031672 27717440 20561862 3618510648 1815007224 114 14476123 1817998762
======================
   8      48 sdd 18114 0 144744 3031672 27760348 20561862 3618857440 1815402739 153 14478901 1818394145
======================
   8      48 sdd 18114 0 144744 3031672 27837005 20561863 3619478656 1816116241 154 14483905 1819107940
======================
   8      48 sdd 18114 0 144744 3031672 27904000 20561864 3620019584 1816737809 138 14488266 1819729614
======================
   8      48 sdd 18114 0 144744 3031672 27960495 20561865 3620475552 1817270930 0 14491993 1820261935
======================
   8      48 sdd 18114 0 144744 3031672 28020737 20561866 3620962888 1817832311 145 14495931 1820823873
======================
   8      48 sdd 18114 0 144744 3031672 28062935 20561867 3621302992 1818227778 0 14498701 1821218674
======================
   8      48 sdd 18114 0 144744 3031672 28098720 20561868 3621591856 1818547668 127 14500946 1821539205
======================
   8      48 sdd 18114 0 144744 3031672 28160372 20561869 3622088432 1819125712 137 14504993 1822117260
======================
   8      48 sdd 18114 0 144744 3031672 28232686 20561870 3622671128 1819806476 0 14509750 1822797193
======================
   8      48 sdd 18114 0 144744 3031672 28252213 20561871 3622829368 1819983599 140 14510997 1822974897
======================
   8      48 sdd 18114 0 144744 3031672 28328331 20561872 3623443256 1820699168 139 14516000 1823690461
======================
   8      48 sdd 18114 0 144744 3031672 28391427 20561873 3623953624 1821285507 154 14520111 1824276704
======================
   8      48 sdd 18114 0 144744 3031672 28437704 20561874 3624326008 1821721186 0 14523158 1824711652
======================
   8      48 sdd 18114 0 144744 3031672 28453197 20561875 3624450496 1821853932 0 14524095 1824844374
======================
   8      48 sdd 18114 0 144744 3031672 28501756 20561876 3624842872 1822303085 139 14527246 1825294167
======================
   8      48 sdd 18114 0 144744 3031672 28578588 20561877 3625466016 1823018214 144 14532249 1826009175
======================
   8      48 sdd 18114 0 144744 3031672 28654458 20561877 3626080728 1823718616 128 14537158 1826709523
======================
   8      48 sdd 18114 0 144744 3031672 28672163 20561878 3626222848 1823887442 0 14538337 1826877628
======================
   8      48 sdd 18114 0 144744 3031672 28724949 20561879 3626649176 1824370019 151 14541723 1827360802
======================
   8      48 sdd 18114 0 144744 3031672 28799460 20561880 3627252480 1825058908 151 14546555 1828049738
======================
   8      48 sdd 18114 0 144744 3031672 28855384 20561881 3627705672 1825581468 0 14550215 1828571569
======================
   8      48 sdd 18114 0 144744 3031672 28928310 20561882 3628296056 1826258373 146 14554964 1829249008
======================
   8      48 sdd 18114 0 144744 3031672 28958648 20561883 3628541304 1826542078 0 14556954 1829532063
======================
   8      48 sdd 18114 0 144744 3031672 29012785 20561884 3628980072 1827031432 156 14560400 1830021909
======================
   8      48 sdd 18114 0 144744 3031672 29060917 20561885 3629368744 1827483691 0 14563564 1830473568
======================
   8      48 sdd 18114 0 144744 3031672 29089526 20561886 3629599568 1827748125 128 14565419 1830738643
======================
   8      48 sdd 18114 0 144744 3031672 29159628 20561887 3630163416 1828408860 0 14570044 1831398620
======================
   8      48 sdd 18114 0 144744 3031672 29224126 20561888 3630684976 1829007011 154 14574250 1831997417
======================
   8      48 sdd 18114 0 144744 3031672 29294184 20561889 3631253000 1829658077 0 14578815 1832647651
======================
   8      48 sdd 18114 0 144744 3031672 29338295 20561889 3631610960 1830063254 143 14581655 1833053423
======================
   8      48 sdd 18114 0 144744 3031672 29414451 20561890 3632226928 1830776409 144 14586655 1833766677
======================
   8      48 sdd 18114 0 144744 3031672 29453750 20561891 3632545288 1831141125 140 14589207 1834131001
======================
   8      48 sdd 18114 0 144744 3031672 29530484 20561892 3633165896 1831855653 137 14594210 1834845767
======================
   8      48 sdd 18114 0 144744 3031672 29556103 20561893 3633372264 1832096157 128 14595902 1835086975
======================
   8      48 sdd 18114 0 144744 3031672 29632902 20561893 3633993576 1832812057 135 14600906 1835802181
======================
   8      48 sdd 18114 0 144744 3031672 29682783 20561894 3634397376 1833273310 139 14604135 1836263403
======================
   8      48 sdd 18114 0 144744 3031672 29759413 20561895 3635017424 1833988254 150 14609144 1836978050
======================
   8      48 sdd 18114 0 144744 3031672 29829645 20561896 3635585624 1834643210 159 14613729 1837633442
======================
   8      48 sdd 18114 0 144744 3031672 29897496 20561897 3636134248 1835275036 130 14618160 1838264985
======================
   8      48 sdd 18114 0 144744 3031672 29965815 20561898 3636684512 1835917580 0 14622654 1838906927
======================
   8      48 sdd 18114 0 144744 3031672 30002953 20561899 3636984576 1836261044 140 14625074 1839250925
======================
   8      48 sdd 18114 0 144744 3031672 30079643 20561900 3637605672 1836977298 146 14630077 1839967240
======================
   8      48 sdd 18114 0 144744 3031672 30085258 20561901 3637651240 1837029805 0 14630441 1840019149
======================
   8      48 sdd 18114 0 144744 3031672 30161174 20561902 3638266232 1837730342 149 14635358 1840720417
======================
   8      48 sdd 18114 0 144744 3031672 30201746 20561903 3638592480 1838109876 135 14638028 1841099831
======================
   8      48 sdd 18114 0 144744 3031672 30278260 20561903 3639211120 1838827577 129 14643043 1841817454
======================
   8      48 sdd 18114 0 144744 3031672 30354063 20561904 3639825400 1839529078 154 14647966 1842518931
======================
   8      48 sdd 18114 0 144744 3031672 30429591 20561905 3640434848 1840231555 146 14652904 1843221162
======================
   8      48 sdd 18114 0 144744 3031672 30496581 20561906 3640977312 1840856863 0 14657281 1843845729
======================
   8      48 sdd 18114 0 144744 3031672 30571378 20561907 3641582688 1841549512 145 14662137 1844539127
======================
   8      48 sdd 18114 0 144744 3031672 30621824 20561908 3641989016 1842019744 137 14665439 1845009183
======================
   8      48 sdd 18114 0 144744 3031672 30697690 20561909 3642602264 1842735112 145 14670442 1845724358
======================
   8      48 sdd 18114 0 144744 3031672 30710493 20561910 3642705888 1842850040 152 14671252 1845839425
======================
   8      48 sdd 18114 0 144744 3031672 30786755 20561911 3643321648 1843565852 153 14676255 1846555106
======================
   8      48 sdd 18114 0 144744 3031672 30804899 20561912 3643467824 1843736316 0 14677446 1846724950
======================
   8      48 sdd 18114 0 144744 3031672 30881350 20561912 3644084920 1844450337 155 14682444 1847439560
======================
   8      48 sdd 18114 0 144744 3031672 30956029 20561913 3644688760 1845146751 131 14687330 1848136075
======================
   8      48 sdd 18114 0 144744 3031672 31010828 20561914 3645130848 1845662331 0 14690932 1848650861
======================
   8      48 sdd 18114 0 144744 3031672 31032971 20561915 3645309728 1845863209 154 14692346 1848852432
======================
   8      48 sdd 18114 0 144744 3031672 31080985 20561916 3645696144 1846317150 0 14695523 1849305598
======================
   8      48 sdd 18114 0 144744 3031672 31152597 20561917 3646276080 1846983552 159 14700200 1849972511
======================
   8      48 sdd 18114 0 144744 3031672 31207498 20561918 3646720192 1847495089 0 14703788 1850483390
======================
   8      48 sdd 18114 0 144744 3031672 31272522 20561919 3647247400 1848095542 145 14707992 1851084710
======================
   8      48 sdd 18114 0 144744 3031672 31314715 20561920 3647586488 1848491926 138 14710772 1851480818
======================
   8      48 sdd 18114 0 144744 3031672 31391361 20561921 3648206368 1849209972 158 14715800 1852199028
======================
   8      48 sdd 18114 0 144744 3031672 31452553 20561922 3648702752 1849778420 0 14719790 1852766717
======================
   8      48 sdd 18114 0 144744 3031672 31468931 20561922 3648835608 1849924848 133 14720817 1852913647
======================
   8      48 sdd 18114 0 144744 3031672 31536154 20561923 3649378144 1850556263 0 14725232 1853544450
======================
   8      48 sdd 18114 0 144744 3031672 31558608 20561924 3649559256 1850760914 157 14726687 1853749678
======================
   8      48 sdd 18114 0 144744 3031672 31635334 20561925 3650181112 1851474708 148 14731690 1854463676
======================
   8      48 sdd 18114 0 144744 3031672 31712071 20561926 3650803392 1852183112 148 14736655 1855171910
======================
   8      48 sdd 18114 0 144744 3031672 31759852 20561927 3651188672 1852630842 0 14739795 1855618910
======================
   8      48 sdd 18114 0 144744 3031672 31788707 20561928 3651421488 1852896312 137 14741666 1855885036
======================
   8      48 sdd 18114 0 144744 3031672 31865027 20561929 3652039160 1853611283 136 14746669 1856599934
======================
   8      48 sdd 18114 0 144744 3031672 31937372 20561930 3652625624 1854278487 131 14751351 1857267357
======================
   8      48 sdd 18114 0 144744 3031672 31972661 20561931 3652908856 1854612388 0 14753689 1857600582
======================
   8      48 sdd 18114 0 144744 3031672 32016601 20561932 3653263640 1855020741 129 14756551 1858009463
======================
   8      48 sdd 18114 0 144744 3031672 32091979 20561933 3653873528 1855721376 149 14761449 1858710045
======================
   8      48 sdd 18114 0 144744 3031672 32144294 20561934 3654298240 1856200406 132 14764815 1859189144
======================
   8      48 sdd 18114 0 144744 3031672 32202417 20561934 3654766208 1856747245 0 14768644 1859735303
======================
   8      48 sdd 18114 0 144744 3031672 32202419 20561935 3654766232 1856747246 0 14768645 1859735304
======================
   8      48 sdd 18114 0 144744 3031672 32202421 20561936 3654766256 1856747246 0 14768645 1859735304
======================
   8      48 sdd 18114 0 144744 3031672 32269229 20561936 3655306272 1857356903 132 14772941 1860345592
======================
   8      48 sdd 18114 0 144744 3031672 32335891 20561937 3655846656 1857973947 159 14777265 1860962690
======================
   8      48 sdd 18114 0 144744 3031672 32412111 20561938 3656463896 1858687500 133 14782269 1861676095
======================
   8      48 sdd 18114 0 144744 3031672 32469462 20561939 3656925648 1859222668 151 14786026 1862211303
======================
   8      48 sdd 18114 0 144744 3031672 32545739 20561940 3657543448 1859934591 0 14791019 1862922464
======================
   8      48 sdd 18114 0 144744 3031672 32572206 20561941 3657758144 1860176728 153 14792716 1863165245
======================
   8      48 sdd 18114 0 144744 3031672 32648477 20561942 3658374992 1860891969 140 14797720 1863880416
======================
   8      48 sdd 18114 0 144744 3031672 32673120 20561943 3658573600 1861119950 137 14799324 1864108504
======================
   8      48 sdd 18114 0 144744 3031672 32749010 20561944 3659184416 1861835648 153 14804327 1864823946
======================
   8      48 sdd 18114 0 144744 3031672 32752569 20561945 3659212936 1861869743 0 14804566 1864857367
======================
   8      48 sdd 18114 0 144744 3031672 32816518 20561946 3659730544 1862465704 146 14808742 1865453982
======================
   8      48 sdd 18114 0 144744 3031672 32865897 20561947 3660130488 1862927294 0 14811967 1865914778
======================
   8      48 sdd 18114 0 144744 3031672 32928803 20561947 3660641584 1863505106 135 14816022 1866493198
======================
   8      48 sdd 18114 0 144744 3031672 32967862 20561948 3660957904 1863871444 0 14818579 1866858820
======================
   8      48 sdd 18114 0 144744 3031672 33006607 20561949 3661269112 1864221577 147 14821037 1867209696
======================
   8      48 sdd 18114 0 144744 3031672 33042110 20561950 3661555264 1864549460 133 14823348 1867537290
======================
   8      48 sdd 18114 0 144744 3031672 33118777 20561951 3662176608 1865264262 157 14828352 1868252542
======================
   8      48 sdd 18114 0 144744 3031672 33173378 20561952 3662618632 1865766427 154 14831877 1868754684
======================
   8      48 sdd 18114 0 144744 3031672 33224858 20561953 3663034384 1866251666 0 14835266 1869239120
======================
   8      48 sdd 18114 0 144744 3031672 33231168 20561954 3663085224 1866298415 131 14835604 1869286497
======================
   8      48 sdd 18114 0 144744 3031672 33307784 20561955 3663705312 1867016361 129 14840625 1870004433
======================
   8      48 sdd 18114 0 144744 3031672 33377759 20561956 3664272728 1867665731 155 14845178 1870653763
======================
   8      48 sdd 18114 0 144744 3031672 33448602 20561957 3664844920 1868331128 0 14849831 1871318336
======================
   8      48 sdd 18114 0 144744 3031672 33451859 20561957 3664870992 1868348216 0 14849958 1871335418
======================
   8      48 sdd 18114 0 144744 3031672 33497088 20561958 3665236848 1868767452 133 14852907 1871755225
======================
   8      48 sdd 18114 0 144744 3031672 33558128 20561959 3665731328 1869335132 152 14856882 1872322422
======================
   8      48 sdd 18114 0 144744 3031672 33634650 20561960 3666351520 1870049968 123 14861886 1873037619
======================
   8      48 sdd 18114 0 144744 3031672 33659428 20561961 3666550456 1870284510 0 14863527 1873271448
======================
   8      48 sdd 18114 0 144744 3031672 33729299 20561962 3667115376 1870935781 140 14868092 1873923358
======================
   8      48 sdd 18114 0 144744 3031672 33764288 20561963 3667398624 1871256458 142 14870346 1874243897
======================
   8      48 sdd 18114 0 144744 3031672 33840387 20561964 3668014896 1871972022 144 14875349 1874959412
======================
   8      48 sdd 18114 0 144744 3031672 33864965 20561965 3668212384 1872200513 129 14876957 1875187956
======================
   8      48 sdd 18114 0 144744 3031672 33941678 20561966 3668833272 1872915039 154 14881960 1875902557
======================
   8      48 sdd 18114 0 144744 3031672 34017452 20561967 3669447048 1873618518 144 14886894 1876605803
======================
   8      48 sdd 18114 0 144744 3031672 34054137 20561967 3669742616 1873961323 133 14889299 1876948589
======================
   8      48 sdd 18114 0 144744 3031672 34130620 20561968 3670361264 1874674739 143 14894300 1877661989
======================
   8      48 sdd 18114 0 144744 3031672 34207102 20561969 3670981568 1875380929 157 14899249 1878367990
======================
   8      48 sdd 18114 0 144744 3031672 34283458 20561970 3671599768 1876094246 137 14904252 1879081097
======================
   8      48 sdd 18114 0 144744 3031672 34350423 20561971 3672142312 1876715267 149 14908608 1879702261
======================
   8      48 sdd 18114 0 144744 3031672 34426496 20561972 3672756984 1877429425 142 14913611 1880416297
======================
   8      48 sdd 18114 0 144744 3031672 34432791 20561973 3672807456 1877489318 0 14914031 1880475428
======================
   8      48 sdd 18114 0 144744 3031672 34472233 20561974 3673125912 1877853675 132 14916601 1880840610
======================
   8      48 sdd 18114 0 144744 3031672 34548771 20561975 3673746392 1878569329 140 14921604 1881556134
======================
   8      48 sdd 18114 0 144744 3031672 34624319 20561976 3674359112 1879269324 131 14926510 1882256013
======================
   8      48 sdd 18114 0 144744 3031672 34656485 20561977 3674617992 1879572864 0 14928641 1882559105
======================
   8      48 sdd 18114 0 144744 3031672 34667384 20561977 3674705264 1879670915 0 14929332 1882657143
======================
   8      48 sdd 18114 0 144744 3031672 34712555 20561978 3675070152 1880087961 131 14932266 1883074937
======================
   8      48 sdd 18114 0 144744 3031672 34772706 20561979 3675557288 1880650478 0 14936202 1883636720
======================
   8      48 sdd 18114 0 144744 3031672 34847163 20561980 3676160288 1881341636 158 14941042 1884328742
======================
   8      48 sdd 18114 0 144744 3031672 34876154 20561981 3676392920 1881615871 0 14942967 1884602109
======================
   8      48 sdd 18114 0 144744 3031672 34946972 20561982 3676964120 1882277370 139 14947597 1885264096
======================
   8      48 sdd 18114 0 144744 3031672 34994781 20561983 3677351432 1882722875 0 14950719 1885708958
======================
   8      48 sdd 18114 0 144744 3031672 35050238 20561983 3677799840 1883226923 151 14954257 1886213714
======================
   8      48 sdd 18114 0 144744 3031672 35123716 20561984 3678393232 1883910598 153 14959054 1886897343
======================
   8      48 sdd 18114 0 144744 3031672 35199466 20561985 3679006264 1884620171 0 14964016 1887606152
======================
   8      48 sdd 18114 0 144744 3031672 35238464 20561986 3679322640 1884978121 157 14966530 1887964732
======================
   8      48 sdd 18114 0 144744 3031672 35301842 20561987 3679833704 1885573260 0 14970698 1888559131
======================
   8      48 sdd 18114 0 144744 3031672 35323612 20561988 3680010000 1885770516 143 14972099 1888757251
======================
   8      48 sdd 18114 0 144744 3031672 35399992 20561989 3680627064 1886485662 149 14977102 1889472537
======================
   8      48 sdd 18114 0 144744 3031672 35442975 20561990 3680975120 1886882473 123 14979884 1889869124
======================
   8      48 sdd 18114 0 144744 3031672 35506581 20561991 3681488584 1887482542 0 14984078 1890468447
======================
   8      48 sdd 18114 0 144744 3031672 35577855 20561992 3682064760 1888145498 131 14988739 1891132070
======================
   8      48 sdd 18114 0 144744 3031672 35609009 20561993 3682316024 1888438271 0 14990786 1891424184
======================
   8      48 sdd 18114 0 144744 3031672 35654887 20561993 3682687176 1888861760 123 14993758 1891848122
======================
   8      48 sdd 18114 0 144744 3031672 35707433 20561994 3683111032 1889354663 139 14997225 1892341172
======================
   8      48 sdd 18114 0 144744 3031672 35783878 20561995 3683729584 1890069903 144 15002228 1893056446
======================
   8      48 sdd 18114 0 144744 3031672 35798878 20561996 3683851016 1890200654 140 15003157 1893187056
======================
   8      48 sdd 18114 0 144744 3031672 35875615 20561997 3684473176 1890917810 142 15008169 1893904412
======================
   8      48 sdd 18114 0 144744 3031672 35898887 20561998 3684660952 1891131869 152 15009678 1894118507
======================
   8      48 sdd 18114 0 144744 3031672 35975536 20561999 3685281992 1891847994 145 15014681 1894834275
======================
   8      48 sdd 18114 0 144744 3031672 35992764 20562000 3685420960 1892010014 0 15015817 1894995725
======================
   8      48 sdd 18114 0 144744 3031672 36052556 20562000 3685902992 1892564333 138 15019697 1895550592
======================
   8      48 sdd 18114 0 144744 3031672 36101549 20562001 3686298600 1893020868 154 15022905 1896007176
======================
   8      48 sdd 18114 0 144744 3031672 36165154 20562002 3686813648 1893615741 0 15027072 1896601267
======================
   8      48 sdd 18114 0 144744 3031672 36190147 20562003 3687015912 1893842822 137 15028668 1896829177
======================
   8      48 sdd 18114 0 144744 3031672 36266214 20562004 3687630776 1894556445 134 15033671 1897542818
