125.3
56.2
60.7
57.9
60.9
63.7
58.0
70.8
61.1
60.3
65.0
55.7
69.5
52.4
65.5
52.7
69.9
27.6
86.0
42.6
72.7
37.4
72.5
34.8
18.5
93.1
38.7
65.6
8.4
87.7
17.8
10.1
79.8
22.7
23.3
61.5
1.7
19.3
66.9
60.7
17.8
62.1
19.0
63.0
17.3
74.7
3.9
80.4
4.0
82.7
21.6
31.6
75.8
42.4
38.7
36.3
46.4
37.0
35.9
66.4
0.6
83.5
3.7
72.3
63.6
26.8
17.4
80.1
28.3
54.4
12.5
62.6
75.2
20.6
75.0
8.9
66.0
47.0
48.9
62.2
21.8
48.4
50.4
16.9
78.5
8.4
88.9
0.6
81.5
6.4
71.2
14.4
75.1
16.0
5.3
74.4
32.2
57.2
23.7
29.4
74.4
17.9
33.0
56.1
10.8
73.5
8.2
74.3
11.2
66.3
14.3
70.8
71.3
27.5
53.9
28.8
60.3
2.5
76.8
8.8
76.8
24.3
51.1
32.5
48.5
76.4
4.0
68.4
34.2
45.8
3.3
74.9
14.8
35.5
