======================
   8      48 sdd 20193590 26438 466876594 43245589 106681853 114307466 2095234344 2609919026 0 26075124 2653169203
======================
   8      48 sdd 20193647 26438 466877050 43245761 106684677 114321562 2095834208 2610027166 151 26076181 2653289336
======================
   8      48 sdd 20193647 26438 466877050 43245761 106689510 114329446 2097109480 2610737207 142 26081184 2653998408
======================
   8      48 sdd 20193647 26438 466877050 43245761 106696301 114339770 2098388440 2611450561 134 26086187 2654711812
======================
   8      48 sdd 20193647 26438 466877050 43245761 106703400 114346100 2099647832 2612144596 150 26091184 2655409725
======================
   8      48 sdd 20193664 26438 466877186 43247119 106708585 114350820 2100997824 2612733302 139 26096186 2656000732
======================
   8      48 sdd 20193665 26438 466877194 43247200 106715981 114358621 2102251520 2613436490 146 26101187 2656699029
======================
   8      48 sdd 20193673 26438 466877258 43247836 106721110 114363263 2103586800 2614136104 137 26106191 2657399859
======================
   8      48 sdd 20193685 26438 466877354 43248922 106728487 114370985 2104855096 2614783924 25 26111188 2658040511
======================
   8      48 sdd 20193697 26438 466877450 43249946 106733568 114375797 2106178448 2615424123 141 26116186 2658690943
======================
   8      48 sdd 20193698 26438 466877458 43250036 106740635 114383215 2107457696 2616147492 143 26121190 2659411576
======================
   8      48 sdd 20193699 26438 466877466 43250156 106748069 114390430 2108762064 2616845808 147 26126188 2660110137
======================
   8      48 sdd 20193715 26438 466877594 43251901 106753177 114395114 2110091808 2617414614 154 26131186 2660675528
======================
   8      48 sdd 20193717 26438 466877610 43252093 106760172 114402522 2111356760 2618121022 154 26136189 2661389012
======================
   8      48 sdd 20193717 26438 466877610 43252093 106767421 114409658 2112627520 2618819657 150 26141187 2662088290
======================
   8      48 sdd 20193722 26438 466877650 43252646 106772571 114414365 2113968200 2619476673 133 26146185 2662743915
======================
   8      48 sdd 20193734 26438 466877746 43253919 106779557 114422099 2115233208 2620093100 157 26151187 2663363106
======================
   8      48 sdd 20193735 26438 466877754 43254006 106786930 114429211 2116525848 2620792957 138 26156186 2664060709
======================
   8      48 sdd 20193736 26438 466877762 43254160 106792037 114433916 2117855504 2621478284 158 26161183 2664747412
======================
   8      48 sdd 20193745 26438 466877834 43255262 106798943 114441233 2119126456 2622133105 154 26166186 2665394174
======================
   8      48 sdd 20193753 26438 466877898 43256304 106806236 114448368 2120407976 2622759353 146 26171185 2666029092
======================
   8      48 sdd 20193753 26438 466877898 43256304 106811462 114453042 2121767848 2623452876 149 26176182 2666726150
======================
   8      48 sdd 20193756 26438 466877922 43256600 106818230 114460167 2123010864 2624153848 150 26181186 2667424275
======================
   8      48 sdd 20193766 26438 466878002 43257547 106825607 114467429 2124306968 2624781639 129 26186184 2668052512
======================
   8      48 sdd 20193771 26438 466878042 43258054 106830675 114472003 2125626088 2625440938 152 26191182 2668716673
======================
   8      48 sdd 20193772 26438 466878050 43258176 106837441 114478593 2126914656 2626147850 156 26196186 2669420367
======================
   8      48 sdd 20193780 26438 466878114 43259099 106844259 114484940 2128187808 2626830635 142 26201188 2670104859
======================
   8      48 sdd 20193798 26438 466878258 43260976 106851550 114491661 2129474680 2627449922 155 26206186 2670723058
======================
   8      48 sdd 20193805 26438 466878314 43261828 106856696 114496046 2130812752 2628135932 80 26211185 2671413723
======================
   8      48 sdd 20193806 26438 466878322 43261965 106863344 114502000 2132081152 2628844488 147 26216189 2672119527
======================
   8      48 sdd 20193817 26438 466878410 43263213 106869077 114506403 2133391576 2629474949 128 26221193 2672751022
======================
   8      48 sdd 20193822 26438 466878450 43263821 106875288 114510767 2134688400 2630142998 76 26226193 2673418840
======================
   8      48 sdd 20193825 26438 466878474 43264199 106881536 114514726 2136007080 2630831236 141 26231193 2674108488
======================
   8      48 sdd 20193828 26438 466878498 43264540 106887615 114518262 2137322512 2631502078 92 26236196 2674780768
======================
started
   8      48 sdd 20193962 26438 466879564 43265386 106892543 114520339 2138336824 2632019903 0 26240157 2675289727
======================
   8      48 sdd 20199998 26438 467666148 43336382 106894256 114522533 2138592560 2632043287 15 26243986 2675384214
======================
   8      48 sdd 20203450 26438 468207868 43421391 106900554 114525683 2139454384 2632235963 31 26248969 2675664222
======================
   8      48 sdd 20208190 26438 468852396 43527053 106905462 114529521 2140134864 2632437549 24 26253956 2675971583
======================
   8      48 sdd 20217590 26438 469470220 43673994 106909801 114533840 2140767648 2632531297 154 26258886 2676211397
======================
   8      48 sdd 20221462 26438 470021500 43765353 106915325 114538750 2141523576 2632626498 20 26263856 2676397087
======================
   8      48 sdd 20224382 26438 470545820 43845992 106921100 114545035 2142279216 2632714871 18 26268777 2676566178
======================
   8      48 sdd 20227164 26438 471060604 43920064 106927444 114550299 2143051864 2632926410 175 26273717 2676853116
======================
   8      48 sdd 20230162 26438 471619524 43997660 106934135 114556530 2143870112 2633067881 26 26278693 2677073078
======================
   8      48 sdd 20232844 26438 472122596 44074931 106939577 114562257 2144546120 2633144404 42 26283662 2677225906
======================
   8      48 sdd 20235085 26438 472543772 44151405 106946541 114566617 2145412240 2633429907 13 26288634 2677586995
======================
   8      48 sdd 20238487 26438 473177596 44222171 106951559 114571518 2146065656 2633603317 19 26293484 2677831359
======================
   8      48 sdd 20241506 26438 473743380 44300855 106957510 114576637 2146845616 2633721543 17 26298465 2678028408
======================
   8      48 sdd 20244488 26438 474299476 44372442 106963373 114581586 2147611728 2633810910 15 26303422 2678189205
======================
   8      48 sdd 20247401 26438 474868676 44446401 106968266 114586607 2148263040 2633887107 10 26308388 2678339280
======================
   8      48 sdd 20250022 26438 475396156 44520025 106975046 114590945 2149148064 2634106488 31 26313383 2678634572
======================
   8      48 sdd 20252968 26438 476100548 44581069 106979802 114595768 2149761320 2634247614 28 26318344 2678837515
======================
   8      48 sdd 20255438 26438 476705860 44641295 106984045 114600855 2150359112 2634382237 12 26323343 2679029564
======================
   8      48 sdd 20257976 26438 477337764 44701181 106989220 114605982 2151075584 2634493262 149 26328326 2679201500
======================
   8      48 sdd 20260304 26438 477919100 44761270 106994297 114611105 2151779584 2634577671 13 26333329 2679345059
======================
   8      48 sdd 20263182 26439 478484196 44838117 106999547 114616253 2152500880 2634810261 19 26338316 2679654718
======================
   8      48 sdd 20266607 26439 479098940 44922406 107004705 114621259 2153143728 2635004745 15 26343286 2679933112
======================
   8      48 sdd 20270063 26439 479718300 45005458 107009949 114626104 2153789144 2635125103 17 26348289 2680136747
======================
   8      48 sdd 20273744 26439 480379924 45089632 107016210 114631449 2154570216 2635213384 16 26353289 2680309066
======================
   8      48 sdd 20276988 26439 480959628 45173706 107021495 114637178 2155241008 2635296831 18 26358267 2680476846
======================
   8      48 sdd 20280428 26439 481556620 45259124 107026571 114643111 2155881584 2635376517 18 26363266 2680641886
======================
   8      48 sdd 20283958 26439 482178716 45344431 107032938 114648422 2156627848 2635631752 146 26368261 2680983583
======================
   8      48 sdd 20287337 26439 482774764 45427323 107038700 114655032 2157307536 2635858451 24 26373246 2681294058
======================
   8      48 sdd 20290761 26439 483371220 45512828 107044280 114661088 2157960952 2636011610 15 26378209 2681530486
======================
   8      48 sdd 20294293 26439 483999996 45597519 107050130 114667258 2158671056 2636143952 169 26383207 2681748686
======================
   8      48 sdd 20297752 26439 484608396 45682169 107056174 114673324 2159371496 2636254002 19 26388194 2681942368
======================
   8      48 sdd 20301017 26439 485184012 45767140 107061869 114678820 2160046848 2636342850 14 26393169 2682116086
======================
   8      48 sdd 20303580 26439 485633236 45851294 107068959 114683356 2160908008 2636603213 20 26398134 2682460964
======================
   8      48 sdd 20307535 26439 486330508 45934735 107074305 114688322 2161555688 2636783933 17 26403130 2682725329
======================
   8      48 sdd 20311336 26439 487000860 46019296 107079323 114693499 2162159688 2636897829 36 26408126 2682926114
======================
   8      48 sdd 20314759 26439 487607076 46101008 107084150 114698921 2162784816 2636984728 19 26413107 2683092143
======================
   8      48 sdd 20318268 26439 488229676 46185242 107089316 114704410 2163433800 2637064532 20 26418098 2683256321
======================
   8      48 sdd 20321797 26439 488850260 46270051 107095178 114709873 2164161768 2637144449 19 26423097 2683420978
======================
   8      48 sdd 20325321 26439 489463028 46356538 107100983 114715447 2164868592 2637392951 152 26428101 2683757345
======================
   8      48 sdd 20328780 26439 490068180 46441100 107106499 114721045 2165553760 2637616675 19 26433076 2684064189
======================
   8      48 sdd 20332216 26439 490654828 46528299 107112279 114726616 2166273728 2637774390 16 26438058 2684308914
======================
   8      48 sdd 20335680 26440 491253588 46615750 107117460 114731835 2166926280 2637881367 22 26443061 2684503670
======================
   8      48 sdd 20339811 26440 491878172 46715549 107122512 114737130 2167558408 2637958750 22 26448059 2684680996
======================
   8      48 sdd 20343909 26440 492487148 46819186 107128016 114742547 2168228112 2638067087 20 26453057 2684892562
======================
   8      48 sdd 20347899 26441 493092684 46917431 107134164 114747986 2168969856 2638154283 163 26458023 2685081043
======================
   8      48 sdd 20351902 26441 493693020 47019235 107139921 114753159 2169642016 2638400430 18 26463006 2685426364
======================
   8      48 sdd 20356057 26441 494308284 47120896 107145485 114758684 2170306680 2638599489 30 26468000 2685727391
======================
   8      48 sdd 20360115 26442 494905532 47222364 107150852 114764572 2170950168 2638722964 25 26472983 2685951972
======================
   8      48 sdd 20364380 26443 495539420 47323675 107157307 114770437 2171693696 2638823715 141 26477966 2686155225
======================
   8      48 sdd 20368339 26443 496125500 47423779 107163515 114776320 2172382928 2638927204 20 26482935 2686358298
======================
   8      48 sdd 20371496 26444 496591380 47524914 107171002 114781547 2173239424 2639211569 19 26487915 2686743231
======================
   8      48 sdd 20376308 26445 497298172 47625476 107175825 114787429 2173819736 2639375532 40 26492898 2687011155
======================
   8      48 sdd 20380838 26446 497962276 47725368 107181063 114792825 2174414600 2639487506 8 26497899 2687220129
======================
   8      48 sdd 20384940 26446 498568564 47826771 107186952 114798190 2175096256 2639640445 18 26502865 2687473809
======================
   8      48 sdd 20389072 26446 499178636 47929015 107192514 114803544 2175765416 2639717721 27 26507868 2687653588
======================
   8      48 sdd 20393260 26446 499802484 48031278 107198049 114808914 2176417016 2639803965 20 26512871 2687842164
======================
   8      48 sdd 20396771 26446 500325524 48136483 107204060 114813736 2177126616 2640083823 21 26517870 2688226895
======================
   8      48 sdd 20401171 26446 500973060 48239579 107209411 114819072 2177773480 2640278070 23 26522874 2688524511
======================
   8      48 sdd 20405519 26447 501615684 48340341 107214836 114824630 2178427440 2640413500 23 26527823 2688760597
======================
   8      48 sdd 20409818 26449 502248700 48442306 107221218 114830221 2179200272 2640502068 19 26532817 2688952080
======================
   8      48 sdd 20413894 26449 502842948 48543442 107226853 114835695 2179884928 2640590750 23 26537774 2689141153
======================
   8      48 sdd 20418058 26449 503448132 48647277 107232356 114840882 2180536552 2640675748 20 26542767 2689329938
======================
   8      48 sdd 20422027 26449 504035908 48748991 107237882 114846039 2181185880 2640968807 25 26547750 2689724804
======================
   8      48 sdd 20426152 26451 504640972 48853661 107243284 114851060 2181831200 2641209881 21 26552742 2690070675
======================
   8      48 sdd 20431028 26452 505303492 48964815 107249392 114856480 2182562568 2641375741 23 26557708 2690347470
======================
   8      48 sdd 20435386 26453 505896772 49076194 107255272 114861993 2183263568 2641514095 20 26562711 2690597466
======================
   8      48 sdd 20439676 26454 506476916 49190406 107260485 114867316 2183887072 2641637898 23 26567714 2690835335
======================
   8      48 sdd 20444337 26456 507109604 49302301 107266248 114872318 2184551920 2641725773 25 26572716 2691035455
======================
   8      48 sdd 20448958 26458 507737276 49415799 107271734 114877802 2185191344 2641817358 175 26577714 2691240571
======================
   8      48 sdd 20453485 26459 508347060 49527585 107277838 114883634 2185907728 2641920165 22 26582717 2691454871
======================
   8      48 sdd 20456963 26461 508823660 49637463 107285343 114888587 2186745992 2642182058 31 26587720 2691829797
======================
   8      48 sdd 20462147 26462 509529884 49746451 107290353 114894509 2187312656 2642317644 26 26592671 2692073500
======================
   8      48 sdd 20466621 26462 510130228 49860472 107295726 114899858 2187897568 2642458933 26 26597671 2692327040
======================
   8      48 sdd 20471179 26462 510736828 49976166 107301363 114905517 2188559064 2642577595 15 26602674 2692561191
======================
   8      48 sdd 20476035 26463 511393332 50087952 107308181 114911305 2189319872 2642682944 155 26607678 2692780852
======================
   8      48 sdd 20480457 26464 511987212 50202147 107313891 114916926 2189973472 2642780279 24 26612681 2692990226
======================
   8      48 sdd 20483770 26466 512433492 50315195 107320256 114921664 2190721640 2643037120 21 26617680 2693360058
======================
   8      48 sdd 20489119 26466 513145876 50429245 107325900 114926602 2191372952 2643249569 25 26622683 2693686289
======================
   8      48 sdd 20493732 26467 513768636 50541894 107331482 114931555 2192015184 2643393284 27 26627686 2693942790
======================
   8      48 sdd 20498757 26468 514440676 50655160 107336947 114936876 2192656088 2643480165 30 26632691 2694143613
======================
   8      48 sdd 20503280 26468 515040484 50769015 107342376 114942282 2193299224 2643560134 32 26637670 2694337337
======================
   8      48 sdd 20508100 26470 515685724 50882881 107348720 114947829 2194046448 2643645177 151 26642672 2694537152
======================
   8      48 sdd 20512744 26470 516299900 50997521 107354461 114953326 2194715184 2643932309 22 26647676 2694938628
======================
   8      48 sdd 20517122 26470 516885772 51107795 107360431 114958732 2195389640 2644190280 24 26652680 2695309222
======================
   8      48 sdd 20521584 26471 517480964 51219060 107366118 114963928 2196059880 2644412587 19 26657641 2695639810
======================
   8      48 sdd 20526193 26471 518092148 51331973 107371622 114968804 2196701144 2644611651 24 26662624 2695952059
======================
   8      48 sdd 20531044 26471 518711628 51450244 107377068 114974005 2197339584 2644752562 21 26667600 2696211163
======================
   8      48 sdd 20535810 26471 519320556 51569842 107382643 114979342 2197998752 2644898344 22 26672586 2696476420
======================
   8      48 sdd 20540519 26473 519929460 51686734 107388194 114984608 2198644768 2644991018 25 26677559 2696686507
======================
   8      48 sdd 20545574 26473 520575996 51806543 107394828 114989805 2199404376 2645099678 23 26682553 2696914835
======================
   8      48 sdd 20550312 26474 521177276 51923432 107400577 114995495 2200073848 2645184477 23 26687515 2697116676
======================
   8      48 sdd 20554655 26478 521725980 52044115 107406804 115000965 2200789920 2645345930 8 26692513 2697399459
======================
   8      48 sdd 20560233 26480 522435572 52161424 107412534 115006474 2201442816 2645540059 169 26697449 2697713509
======================
   8      48 sdd 20564488 26481 522975060 52281091 107417751 115012108 2202022504 2645806420 20 26702452 2698096030
======================
   8      48 sdd 20569558 26481 523612892 52399196 107424178 115017764 2202741552 2645982396 20 26707434 2698390685
======================
   8      48 sdd 20574313 26487 524220564 52518435 107430209 115023587 2203426712 2646106854 26 26712438 2698634510
======================
   8      48 sdd 20579208 26488 524841308 52638358 107435998 115029255 2204066328 2646214086 18 26717421 2698861309
======================
   8      48 sdd 20583985 26488 525442252 52758616 107442052 115034700 2204747360 2646311177 24 26722391 2699078756
======================
   8      48 sdd 20588927 26488 526069028 52879165 107447631 115040021 2205387152 2646401941 25 26727394 2699289930
======================
   8      48 sdd 20593799 26488 526687276 52997610 107454004 115045195 2206121016 2646509678 157 26732391 2699517633
======================
   8      48 sdd 20597068 26490 527102892 53117402 107460721 115050069 2206902040 2646830108 24 26737392 2699956782
======================
   8      48 sdd 20602693 26492 527804508 53237930 107466252 115055285 2207553928 2647054637 27 26742383 2700301734
======================
   8      48 sdd 20608231 26494 528505836 53354124 107471774 115060823 2208200928 2647181795 22 26747335 2700545179
======================
   8      48 sdd 20613426 26497 529161596 53473673 107477299 115066264 2208846392 2647282010 24 26752331 2700765549
======================
   8      48 sdd 20618345 26498 529787148 53594761 107482897 115071540 2209491592 2647363682 20 26757347 2700967893
======================
   8      48 sdd 20622935 26500 530370052 53714445 107488497 115076701 2210135128 2647453113 19 26762317 2701177212
======================
   8      48 sdd 20627769 26500 530982516 53834861 107494056 115081740 2210779816 2647525957 18 26767320 2701370399
======================
   8      48 sdd 20632790 26502 531615428 53955168 107500486 115086996 2211522928 2647777587 65 26772310 2701745732
