======================
   8      16 sdb 52156009 33647 11881665288 2159431015 26066550 74099036 16338683752 1419011780 33 170246537 3578257002
======================
   8      16 sdb 52156130 33647 11881666256 2159439681 26067704 74099036 16339411048 1419156089 155 170248241 3578421231
======================
   8      16 sdb 52156135 33647 11881666296 2159440961 26069700 74099069 16340659184 1419758926 91 170253242 3579031150
======================
   8      16 sdb 52156141 33647 11881666344 2159442796 26072247 74099082 16342263016 1420298386 16 170258246 3579558733
======================
   8      16 sdb 52156149 33647 11881666408 2159445545 26074735 74099104 16343825504 1420736885 141 170263248 3580008834
======================
   8      16 sdb 52156155 33647 11881666456 2159447130 26077292 74099120 16345433864 1421313166 129 170268268 3580582801
======================
   8      16 sdb 52156161 33647 11881666504 2159448782 26079714 74099133 16346958720 1421830880 1 170273272 3581093437
======================
   8      16 sdb 52156168 33647 11881666560 2159451062 26082319 74099156 16348595072 1422351235 132 170278274 3581622822
======================
   8      16 sdb 52156174 33647 11881666608 2159452700 26084846 74099172 16350185752 1422929775 153 170283277 3582215080
======================
   8      16 sdb 52156181 33647 11881666664 2159454558 26087369 74099191 16351772632 1423468890 142 170288279 3582757941
======================
   8      16 sdb 52156187 33647 11881666712 2159456347 26089933 74099207 16353384584 1424016474 133 170293283 3583305194
======================
   8      16 sdb 52156194 33647 11881666768 2159458556 26092419 74099221 16354949520 1424508868 138 170298287 3583800745
======================
   8      16 sdb 52156200 33647 11881666816 2159460374 26094967 74099243 16356550232 1425063777 151 170303290 3584358234
======================
   8      16 sdb 52156206 33647 11881666864 2159461621 26097490 74099259 16358135864 1425676361 128 170308293 3584971593
======================
   8      16 sdb 52156213 33647 11881666920 2159463523 26100034 74099272 16359738032 1426199152 56 170313295 3585488362
======================
   8      16 sdb 52156220 33647 11881666976 2159465876 26102557 74099295 16361322416 1426718594 153 170318299 3586008662
======================
   8      16 sdb 52156227 33647 11881667032 2159468053 26105073 74099308 16362905400 1427232520 145 170323303 3586523560
======================
   8      16 sdb 52156233 33647 11881667080 2159469731 26107604 74099325 16364496120 1427811172 151 170328305 3587108934
======================
   8      16 sdb 52156239 33647 11881667128 2159471492 26110098 74099341 16366064672 1428370709 1 170333309 3587655478
======================
   8      16 sdb 52156246 33647 11881667184 2159473564 26112680 74099359 16367689424 1428874446 139 170338312 3588179851
======================
   8      16 sdb 52156252 33647 11881667232 2159475206 26115216 74099381 16369283344 1429438739 155 170343316 3588740306
======================
   8      16 sdb 52156258 33647 11881667280 2159476840 26117748 74099392 16370875328 1429996569 150 170348318 3589307204
======================
   8      16 sdb 52156264 33647 11881667328 2159478969 26120266 74099410 16372459000 1430516536 128 170353320 3589829652
======================
   8      16 sdb 52156271 33647 11881667384 2159481041 26122797 74099429 16374051000 1431059651 135 170358322 3590361153
======================
   8      16 sdb 52156277 33647 11881667432 2159482917 26125253 74099447 16375596288 1431622665 87 170363325 3590936412
======================
   8      16 sdb 52156283 33647 11881667480 2159484490 26127740 74099465 16377159744 1432197301 102 170368331 3591513717
======================
   8      16 sdb 52156290 33647 11881667536 2159486502 26130156 74099481 16378679416 1432718803 109 170373334 3592037609
======================
   8      16 sdb 52156295 33647 11881667576 2159488106 26132583 74099485 16380205592 1433266202 1 170378338 3592567834
======================
   8      16 sdb 52156301 33647 11881667624 2159489827 26135084 74099503 16381778264 1433855996 2 170383341 3593159489
======================
   8      16 sdb 52156308 33647 11881667680 2159491823 26137543 74099521 16383324056 1434393015 45 170388345 3593709801
======================
   8      16 sdb 52156315 33647 11881667736 2159493834 26139999 74099536 16384870056 1434927945 134 170393348 3594253958
======================
   8      16 sdb 52156321 33647 11881667784 2159495401 26142431 74099554 16386399456 1435482884 148 170398351 3594813800
======================
   8      16 sdb 52156327 33647 11881667832 2159497073 26144915 74099572 16387959984 1436052408 158 170403354 3595382097
======================
   8      16 sdb 52156333 33647 11881667880 2159498635 26147380 74099590 16389509744 1436652069 140 170408356 3595986380
======================
   8      16 sdb 52156340 33647 11881667936 2159500716 26149819 74099607 16391043744 1437186347 132 170413359 3596520123
======================
   8      16 sdb 52156346 33647 11881667984 2159502155 26152264 74099624 16392581456 1437767642 139 170418362 3597099218
======================
   8      16 sdb 52156352 33647 11881668032 2159503923 26154680 74099643 16394100880 1438296064 1 170423366 3597613326
======================
   8      16 sdb 52156358 33647 11881668080 2159505788 26157167 74099661 16395663328 1438859852 18 170428368 3598183165
======================
   8      16 sdb 52156364 33647 11881668128 2159507556 26159642 74099676 16397221360 1439409921 29 170433371 3598738017
======================
   8      16 sdb 52156371 33647 11881668184 2159509742 26162062 74099695 16398742584 1439935800 98 170438374 3599277174
======================
   8      16 sdb 52156377 33647 11881668232 2159511466 26164548 74099713 16400305656 1440491857 114 170443376 3599835489
======================
   8      16 sdb 52156384 33647 11881668288 2159513551 26166972 74099732 16401828936 1440996903 138 170448379 3600343329
======================
   8      16 sdb 52156390 33647 11881668336 2159514965 26169434 74099750 16403376016 1441584570 151 170453382 3600934930
======================
   8      16 sdb 52156396 33647 11881668384 2159516804 26171891 74099766 16404922160 1442149073 151 170458384 3601489462
======================
   8      16 sdb 52156403 33647 11881668440 2159518773 26174309 74099785 16406442104 1442682743 148 170463386 3602037082
======================
   8      16 sdb 52156408 33647 11881668480 2159520192 26176755 74099803 16407979832 1443252006 1 170468387 3602585396
======================
   8      16 sdb 52156416 33647 11881668544 2159522424 26179228 74099818 16409536456 1443784971 133 170473388 3603139077
======================
   8      16 sdb 52156422 33647 11881668592 2159524069 26181694 74099838 16411085104 1444345095 140 170478389 3603702283
======================
   8      16 sdb 52156427 33647 11881668632 2159525521 26184127 74099854 16412616016 1444928236 133 170483392 3604289364
======================
   8      16 sdb 52156434 33647 11881668688 2159527714 26186608 74099873 16414175008 1445451245 140 170488397 3604813714
======================
   8      16 sdb 52156440 33647 11881668736 2159529381 26189044 74099891 16415707224 1446012769 149 170493400 3605375305
======================
   8      16 sdb 52156447 33647 11881668792 2159531357 26191369 74099907 16417170040 1446543590 147 170498402 3605889875
======================
   8      16 sdb 52156453 33647 11881668840 2159532930 26193970 74099926 16418803672 1447093770 156 170503405 3606459978
======================
   8      16 sdb 52156459 33647 11881668888 2159534430 26196409 74099944 16420336792 1447686238 154 170508407 3607049796
======================
   8      16 sdb 52156465 33647 11881668936 2159536276 26198829 74099959 16421860136 1448230246 12 170513409 3607582450
======================
   8      16 sdb 52156471 33647 11881668984 2159538188 26201230 74099978 16423369456 1448780564 100 170518412 3608152049
======================
   8      16 sdb 52156477 33647 11881669032 2159540034 26203654 74099996 16424893360 1449332590 158 170523413 3608705459
======================
   8      16 sdb 52156484 33647 11881669088 2159542334 26206046 74100014 16426396032 1449817861 141 170528413 3609191692
======================
   8      16 sdb 52156490 33647 11881669136 2159544439 26208487 74100031 16427931184 1450339269 157 170533417 3609717039
======================
   8      16 sdb 52156496 33647 11881669184 2159546243 26210904 74100049 16429451872 1450894260 17 170538419 3610257870
======================
   8      16 sdb 52156502 33647 11881669232 2159547902 26213343 74100068 16430986392 1451480553 81 170543422 3610857869
======================
   8      16 sdb 52156508 33647 11881669280 2159549362 26215754 74100086 16432500336 1452070705 141 170548424 3611453228
======================
   8      16 sdb 52156515 33647 11881669336 2159551206 26218189 74100101 16434031888 1452613393 156 170553427 3611999475
======================
   8      16 sdb 52156521 33647 11881669384 2159553065 26220597 74100115 16435548176 1453177114 144 170558431 3612563159
======================
   8      16 sdb 52156527 33647 11881669432 2159554919 26223014 74100138 16437064984 1453718242 1 170563435 3613086064
======================
   8      16 sdb 52156533 33647 11881669480 2159556842 26225448 74100152 16438597656 1454256075 52 170568438 3613637481
======================
   8      16 sdb 52156539 33647 11881669528 2159558454 26227876 74100170 16440123616 1454834883 131 170573442 3614225711
======================
   8      16 sdb 52156546 33647 11881669584 2159560465 26230279 74100186 16441634952 1455361877 151 170578444 3614752377
======================
   8      16 sdb 52156551 33647 11881669624 2159561896 26232574 74100203 16443078200 1455951783 28 170583448 3615327838
======================
   8      16 sdb 52156557 33647 11881669672 2159563510 26234936 74100220 16444563064 1456509605 135 170588450 3615892731
======================
   8      16 sdb 52156564 33647 11881669728 2159565859 26237231 74100236 16446005408 1457024460 133 170593452 3616403364
======================
   8      16 sdb 52156569 33647 11881669768 2159567358 26239585 74100240 16447486936 1457605530 104 170598455 3617006279
======================
   8      16 sdb 52156576 33647 11881669824 2159569738 26241890 74100259 16448935968 1458115532 150 170603456 3617507871
======================
   8      16 sdb 52156581 33647 11881669864 2159571127 26244260 74100276 16450424552 1458717965 19 170608459 3618106836
======================
   8      16 sdb 52156587 33647 11881669912 2159573126 26246578 74100289 16451883496 1459241800 141 170613462 3618649240
======================
   8      16 sdb 52156594 33647 11881669968 2159575239 26248862 74100308 16453319344 1459755032 146 170618463 3619165143
======================
   8      16 sdb 52156599 33647 11881670008 2159576801 26251167 74100323 16454767456 1460323274 157 170623466 3619733704
======================
   8      16 sdb 52156605 33647 11881670056 2159578634 26253494 74100342 16456229680 1460909535 133 170628470 3620308473
======================
   8      16 sdb 52156611 33647 11881670104 2159580464 26255769 74100359 16457660384 1461457879 146 170633472 3620872208
======================
   8      16 sdb 52156616 33647 11881670144 2159582000 26258038 74100373 16459087600 1462016997 1 170638475 3621411808
======================
   8      16 sdb 52156623 33647 11881670200 2159584516 26260320 74100392 16460521536 1462534499 153 170643477 3621934394
======================
   8      16 sdb 52156628 33647 11881670240 2159585892 26262623 74100408 16461969264 1463105940 5 170648480 3622505763
======================
   8      16 sdb 52156634 33647 11881670288 2159587551 26264951 74100425 16463433120 1463699388 155 170653483 3623120204
======================
   8      16 sdb 52156641 33647 11881670344 2159589636 26267245 74100442 16464874464 1464223450 142 170658485 3623628652
======================
   8      16 sdb 52156646 33647 11881670384 2159591352 26269569 74100460 16466334760 1464759405 131 170663488 3624185390
======================
   8      16 sdb 52156652 33647 11881670432 2159593150 26271854 74100475 16467772224 1465348357 140 170668490 3624774766
======================
   8      16 sdb 52156658 33647 11881670480 2159595166 26274128 74100492 16469201656 1465862631 154 170673494 3625294402
======================
   8      16 sdb 52156663 33647 11881670520 2159596706 26276381 74100508 16470617896 1466470500 10 170678498 3625882511
======================
   8      16 sdb 52156669 33647 11881670568 2159598573 26278675 74100522 16472061112 1467018788 137 170683500 3626451542
started
======================
   8      16 sdb 52156795 33647 11881671570 2159600487 26280053 74100549 16472917672 1467323668 0 170686702 3626736458
======================
   8      16 sdb 52157801 33647 11881910186 2159641322 26280056 74100553 16472917728 1467323668 14 170691238 3626777827
======================
   8      16 sdb 52158814 33647 11882169514 2159695123 26280056 74100553 16472917728 1467323668 7 170696239 3626831468
======================
   8      16 sdb 52159888 33647 11882444202 2159751012 26280056 74100553 16472917728 1467323668 5 170701242 3626887387
======================
   8      16 sdb 52160962 33647 11882719146 2159803824 26280056 74100553 16472917728 1467323668 8 170706246 3626939964
======================
   8      16 sdb 52162032 33647 11882993066 2159855593 26280056 74100553 16472917728 1467323668 12 170711248 3626992194
======================
   8      16 sdb 52163113 33647 11883269802 2159903974 26280056 74100553 16472917728 1467323668 6 170716251 3627040494
======================
   8      16 sdb 52164185 33647 11883544234 2159954118 26280056 74100553 16472917728 1467323668 16 170721254 3627090307
======================
   8      16 sdb 52165268 33647 11883821482 2160006261 26280058 74100555 16472917760 1467323668 22 170726256 3627142439
======================
   8      16 sdb 52166382 33647 11884106666 2160058533 26280058 74100555 16472917760 1467323668 17 170731260 3627194757
======================
   8      16 sdb 52167467 33647 11884384426 2160109126 26280058 74100555 16472917760 1467323668 14 170736264 3627245705
======================
   8      16 sdb 52168556 33647 11884663210 2160160752 26280058 74100555 16472917760 1467323668 19 170741267 3627297021
======================
   8      16 sdb 52169670 33647 11884948394 2160213145 26280058 74100555 16472917760 1467323668 10 170746270 3627349471
======================
   8      16 sdb 52170751 33647 11885224874 2160265693 26280058 74100555 16472917760 1467323668 3 170751273 3627401895
======================
   8      16 sdb 52171828 33647 11885500586 2160315393 26280058 74100555 16472917760 1467323668 2 170756276 3627451611
======================
   8      16 sdb 52172924 33647 11885781162 2160364232 26280058 74100555 16472917760 1467323668 7 170761279 3627500794
======================
   8      16 sdb 52173996 33647 11886055594 2160415133 26280058 74100555 16472917760 1467323668 13 170766294 3627551182
======================
   8      16 sdb 52175098 33647 11886336938 2160468907 26280058 74100555 16472917760 1467323668 7 170771297 3627605033
======================
   8      16 sdb 52176173 33647 11886611114 2160517937 26280058 74100555 16472917760 1467323668 6 170776300 3627654207
======================
   8      16 sdb 52177293 33647 11886895274 2160567065 26280058 74100555 16472917760 1467323668 5 170781303 3627703337
======================
   8      16 sdb 52178408 33647 11887177130 2160617481 26280058 74100555 16472917760 1467323668 14 170786306 3627753926
======================
   8      16 sdb 52179477 33647 11887450794 2160670002 26280058 74100555 16472917760 1467323668 11 170791309 3627806324
======================
   8      16 sdb 52180544 33647 11887723946 2160718690 26280058 74100555 16472917760 1467323668 10 170796312 3627855104
======================
   8      16 sdb 52181624 33647 11888000426 2160770614 26280058 74100555 16472917760 1467323668 8 170801315 3627907327
======================
   8      16 sdb 52182696 33647 11888274602 2160821240 26280058 74100555 16472917760 1467323668 8 170806319 3627957813
======================
   8      16 sdb 52183785 33647 11888553130 2160872706 26280058 74100555 16472917760 1467323668 8 170811322 3628008892
======================
   8      16 sdb 52184845 33647 11888824490 2160925116 26280058 74100555 16472917760 1467323668 4 170816325 3628061122
======================
   8      16 sdb 52185904 33647 11889095594 2160975585 26280058 74100555 16472917760 1467323668 5 170821328 3628111852
======================
   8      16 sdb 52187032 33647 11889384362 2161026321 26280058 74100555 16472917760 1467323668 14 170826332 3628163177
======================
   8      16 sdb 52188149 33647 11889670314 2161080242 26280058 74100555 16472917760 1467323668 5 170831335 3628216497
======================
   8      16 sdb 52189226 33647 11889946026 2161128704 26280058 74100555 16472917760 1467323668 16 170836338 3628265069
======================
   8      16 sdb 52190319 33647 11890225834 2161184337 26280058 74100555 16472917760 1467323668 10 170841344 3628320753
======================
   8      16 sdb 52191376 33647 11890496426 2161236576 26280058 74100555 16472917760 1467323668 11 170846347 3628372953
======================
   8      16 sdb 52192440 33647 11890768810 2161290195 26280058 74100555 16472917760 1467323668 13 170851350 3628426479
======================
   8      16 sdb 52193528 33647 11891046826 2161341205 26280058 74100555 16472917760 1467323668 7 170856353 3628477507
======================
   8      16 sdb 52194647 33647 11891332266 2161393902 26280058 74100555 16472917760 1467323668 13 170861355 3628530020
======================
   8      16 sdb 52195766 33647 11891617450 2161445644 26280058 74100555 16472917760 1467323668 8 170866359 3628581807
======================
   8      16 sdb 52196875 33647 11891898282 2161497234 26280058 74100555 16472917760 1467323668 11 170871362 3628633514
======================
   8      16 sdb 52197932 33647 11892167594 2161547496 26280058 74100555 16472917760 1467323668 17 170876365 3628683505
======================
   8      16 sdb 52199033 33647 11892448426 2161598209 26280058 74100555 16472917760 1467323668 12 170881369 3628734679
======================
   8      16 sdb 52200097 33647 11892720810 2161651079 26280058 74100555 16472917760 1467323668 11 170886372 3628787231
======================
   8      16 sdb 52201155 33647 11892991402 2161702228 26280058 74100555 16472917760 1467323668 8 170891375 3628838752
======================
   8      16 sdb 52202234 33647 11893267626 2161754744 26280058 74100555 16472917760 1467323668 12 170896378 3628891284
======================
   8      16 sdb 52203299 33647 11893540266 2161804780 26280058 74100555 16472917760 1467323668 8 170901381 3628941385
======================
   8      16 sdb 52204365 33647 11893813162 2161856819 26280058 74100555 16472917760 1467323668 9 170906384 3628993044
======================
   8      16 sdb 52205454 33647 11894091946 2161910406 26280058 74100555 16472917760 1467323668 15 170911388 3629046927
======================
   8      16 sdb 52206539 33647 11894369450 2161963086 26280058 74100555 16472917760 1467323668 8 170916406 3629099500
======================
   8      16 sdb 52207608 33647 11894643114 2162014865 26280058 74100555 16472917760 1467323668 12 170921410 3629151447
======================
   8      16 sdb 52208666 33647 11894913962 2162063715 26280058 74100555 16472917760 1467323668 8 170926413 3629200180
======================
   8      16 sdb 52209743 33647 11895189674 2162115578 26280058 74100555 16472917760 1467323668 17 170931416 3629251585
======================
   8      16 sdb 52210840 33647 11895470506 2162166657 26280058 74100555 16472917760 1467323668 18 170936419 3629302813
======================
   8      16 sdb 52211926 33647 11895748010 2162219278 26280058 74100555 16472917760 1467323668 7 170941422 3629355409
======================
   8      16 sdb 52213016 33647 11896026282 2162269519 26280058 74100555 16472917760 1467323668 9 170946425 3629406107
======================
   8      16 sdb 52214085 33647 11896299690 2162319468 26280058 74100555 16472917760 1467323668 11 170951428 3629455821
======================
   8      16 sdb 52215166 33647 11896575914 2162368896 26280058 74100555 16472917760 1467323668 14 170956431 3629504924
======================
   8      16 sdb 52216264 33647 11896855722 2162421439 26280058 74100555 16472917760 1467323668 6 170961434 3629557648
======================
   8      16 sdb 52217354 33647 11897131946 2162473217 26280058 74100555 16472917760 1467323668 10 170966437 3629609433
======================
   8      16 sdb 52218417 33647 11897403050 2162527519 26280058 74100555 16472917760 1467323668 9 170971441 3629663976
======================
   8      16 sdb 52219497 33647 11897678250 2162578847 26280058 74100555 16472917760 1467323668 7 170976443 3629714899
======================
   8      16 sdb 52220566 33647 11897951914 2162629376 26280058 74100555 16472917760 1467323668 17 170981446 3629766040
======================
   8      16 sdb 52221638 33647 11898226346 2162679352 26280058 74100555 16472917760 1467323668 14 170986449 3629815564
======================
   8      16 sdb 52222702 33647 11898498730 2162732996 26280058 74100555 16472917760 1467323668 10 170991458 3629869203
======================
   8      16 sdb 52223760 33647 11898769578 2162783832 26280058 74100555 16472917760 1467323668 5 170996462 3629919920
======================
   8      16 sdb 52224793 33647 11899034026 2162834322 26280058 74100555 16472917760 1467323668 7 171001465 3629970415
======================
   8      16 sdb 52225884 33647 11899313322 2162884341 26280058 74100555 16472917760 1467323668 15 171006468 3630021067
======================
   8      16 sdb 52226956 33647 11899587754 2162936454 26280058 74100555 16472917760 1467323668 7 171011471 3630072475
======================
   8      16 sdb 52228034 33647 11899863722 2162988426 26280058 74100555 16472917760 1467323668 8 171016474 3630124598
======================
   8      16 sdb 52229133 33647 11900145066 2163042017 26280058 74100555 16472917760 1467323668 7 171021477 3630178373
======================
   8      16 sdb 52230224 33647 11900424106 2163090952 26280058 74100555 16472917760 1467323668 6 171026480 3630227184
======================
   8      16 sdb 52231309 33647 11900701610 2163141726 26280058 74100555 16472917760 1467323668 9 171031484 3630277977
======================
   8      16 sdb 52232406 33647 11900981162 2163194086 26280058 74100555 16472917760 1467323668 12 171036487 3630330254
======================
   8      16 sdb 52233481 33647 11901256362 2163244313 26280058 74100555 16472917760 1467323668 7 171041491 3630380705
======================
   8      16 sdb 52234579 33647 11901536426 2163300152 26280058 74100555 16472917760 1467323668 16 171046495 3630436462
======================
   8      16 sdb 52235691 33647 11901819050 2163353388 26280058 74100555 16472917760 1467323668 16 171051498 3630489717
======================
   8      16 sdb 52236781 33647 11902097322 2163404344 26280058 74100555 16472917760 1467323668 7 171056501 3630540804
======================
   8      16 sdb 52237871 33647 11902375338 2163457276 26280058 74100555 16472917760 1467323668 10 171061505 3630593600
======================
   8      16 sdb 52238948 33647 11902650794 2163508107 26280058 74100555 16472917760 1467323668 12 171066510 3630644188
======================
   8      16 sdb 52240064 33647 11902935722 2163562687 26280058 74100555 16472917760 1467323668 6 171071513 3630698927
======================
   8      16 sdb 52241155 33647 11903214762 2163614174 26280058 74100555 16472917760 1467323668 6 171076516 3630750360
======================
   8      16 sdb 52242266 33647 11903499178 2163665918 26280058 74100555 16472917760 1467323668 8 171081519 3630802336
======================
   8      16 sdb 52243356 33647 11903778218 2163718178 26280058 74100555 16472917760 1467323668 13 171086522 3630854448
======================
   8      16 sdb 52244474 33647 11904064426 2163770451 26280058 74100555 16472917760 1467323668 8 171091526 3630906810
======================
   8      16 sdb 52245607 33647 11904354474 2163821565 26280058 74100555 16472917760 1467323668 10 171096529 3630957897
======================
   8      16 sdb 52246716 33647 11904638378 2163872725 26280058 74100555 16472917760 1467323668 7 171101532 3631009169
======================
   8      16 sdb 52247825 33647 11904922282 2163927942 26280058 74100555 16472917760 1467323668 9 171106535 3631064285
======================
   8      16 sdb 52248930 33647 11905204906 2163980152 26280058 74100555 16472917760 1467323668 13 171111538 3631116576
======================
   8      16 sdb 52250017 33647 11905482154 2164034218 26280058 74100555 16472917760 1467323668 14 171116542 3631170894
======================
   8      16 sdb 52251075 33647 11905752746 2164089900 26280058 74100555 16472917760 1467323668 9 171121545 3631226131
======================
   8      16 sdb 52252173 33647 11906033834 2164141197 26280058 74100555 16472917760 1467323668 13 171126549 3631277599
======================
   8      16 sdb 52253238 33647 11906305962 2164193407 26280058 74100555 16472917760 1467323668 19 171131552 3631329432
======================
   8      16 sdb 52254311 33647 11906580394 2164247534 26280058 74100555 16472917760 1467323668 13 171136557 3631384266
======================
   8      16 sdb 52255412 33647 11906860970 2164299440 26280058 74100555 16472917760 1467323668 5 171141561 3631435548
======================
   8      16 sdb 52256514 33647 11907141802 2164352872 26280058 74100555 16472917760 1467323668 9 171146564 3631489033
======================
   8      16 sdb 52257589 33647 11907415210 2164405364 26280058 74100555 16472917760 1467323668 9 171151568 3631541578
======================
   8      16 sdb 52258677 33647 11907693482 2164454605 26280058 74100555 16472917760 1467323668 5 171156571 3631590757
======================
   8      16 sdb 52259746 33647 11907966890 2164505253 26280058 74100555 16472917760 1467323668 9 171161574 3631641536
======================
   8      16 sdb 52260815 33647 11908239530 2164556421 26280058 74100555 16472917760 1467323668 7 171166578 3631692617
======================
   8      16 sdb 52261922 33647 11908522922 2164609635 26280058 74100555 16472917760 1467323668 6 171171581 3631745915
======================
   8      16 sdb 52263022 33647 11908804522 2164660076 26280058 74100555 16472917760 1467323668 12 171176584 3631796228
======================
   8      16 sdb 52264097 33647 11909079722 2164712921 26280058 74100555 16472917760 1467323668 12 171181587 3631849347
======================
   8      16 sdb 52265198 33647 11909361578 2164762146 26280058 74100555 16472917760 1467323668 6 171186590 3631898247
======================
   8      16 sdb 52266269 33647 11909635754 2164814388 26280058 74100555 16472917760 1467323668 8 171191594 3631950710
======================
   8      16 sdb 52267358 33647 11909914282 2164866626 26280058 74100555 16472917760 1467323668 5 171196597 3632002816
======================
   8      16 sdb 52268447 33647 11910192298 2164917643 26280058 74100555 16472917760 1467323668 15 171201600 3632053889
======================
   8      16 sdb 52269533 33647 11910469802 2164966135 26280058 74100555 16472917760 1467323668 13 171206606 3632102381
======================
   8      16 sdb 52270606 33647 11910744234 2165017069 26280058 74100555 16472917760 1467323668 7 171211609 3632153252
======================
   8      16 sdb 52271708 33647 11911026090 2165067970 26280058 74100555 16472917760 1467323668 17 171216612 3632204065
======================
   8      16 sdb 52272832 33647 11911313066 2165120167 26280058 74100555 16472917760 1467323668 8 171221615 3632256388
======================
   8      16 sdb 52273948 33647 11911596970 2165172937 26280058 74100555 16472917760 1467323668 4 171226619 3632308982
======================
   8      16 sdb 52275020 33647 11911870378 2165224384 26280058 74100555 16472917760 1467323668 12 171231622 3632360752
======================
   8      16 sdb 52276112 33647 11912149162 2165275697 26280058 74100555 16472917760 1467323668 8 171236625 3632411920
======================
   8      16 sdb 52277217 33647 11912432042 2165328811 26280058 74100555 16472917760 1467323668 10 171241628 3632464732
======================
   8      16 sdb 52278321 33647 11912714154 2165381038 26280058 74100555 16472917760 1467323668 7 171246631 3632517204
======================
   8      16 sdb 52279398 33647 11912989098 2165431413 26280058 74100555 16472917760 1467323668 7 171251635 3632567612
======================
   8      16 sdb 52280466 33647 11913262250 2165484459 26280058 74100555 16472917760 1467323668 8 171256638 3632620806
======================
   8      16 sdb 52281557 33647 11913540778 2165536137 26280058 74100555 16472917760 1467323668 5 171261641 3632672344
======================
   8      16 sdb 52282634 33647 11913816490 2165594220 26280058 74100555 16472917760 1467323668 17 171266644 3632730366
======================
   8      16 sdb 52283732 33647 11914097578 2165644968 26280058 74100555 16472917760 1467323668 5 171271647 3632780984
======================
   8      16 sdb 52284826 33647 11914377386 2165699677 26280058 74100555 16472917760 1467323668 1 171276652 3632835586
======================
   8      16 sdb 52285902 33647 11914652586 2165750530 26280058 74100555 16472917760 1467323668 11 171281655 3632886498
======================
   8      16 sdb 52286972 33647 11914925482 2165800558 26280058 74100555 16472917760 1467323668 13 171286658 3632936802
======================
   8      16 sdb 52288035 33647 11915197354 2165850717 26280058 74100555 16472917760 1467323668 8 171291661 3632987180
======================
   8      16 sdb 52289106 33647 11915471530 2165901028 26280058 74100555 16472917760 1467323668 3 171296664 3633037030
======================
   8      16 sdb 52290200 33647 11915751594 2165956840 26280058 74100555 16472917760 1467323668 17 171301667 3633093670
======================
   8      16 sdb 52291316 33647 11916037034 2166010508 26280058 74100555 16472917760 1467323668 13 171306670 3633146831
======================
   8      16 sdb 52292402 33647 11916315050 2166061967 26280058 74100555 16472917760 1467323668 8 171311673 3633198037
======================
   8      16 sdb 52293473 33647 11916588714 2166114606 26280058 74100555 16472917760 1467323668 9 171316677 3633250532
======================
   8      16 sdb 52294570 33647 11916868010 2166166573 26280058 74100555 16472917760 1467323668 16 171321681 3633303103
======================
   8      16 sdb 52295676 33647 11917149866 2166219113 26280058 74100555 16472917760 1467323668 6 171326684 3633355292
======================
   8      16 sdb 52296774 33647 11917430186 2166272938 26280058 74100555 16472917760 1467323668 5 171331687 3633409139
======================
   8      16 sdb 52297873 33647 11917711530 2166328540 26280058 74100555 16472917760 1467323668 11 171336690 3633464774
======================
   8      16 sdb 52298966 33647 11917991338 2166380594 26280058 74100555 16472917760 1467323668 9 171341694 3633516981
======================
   8      16 sdb 52300071 33647 11918274218 2166432990 26280058 74100555 16472917760 1467323668 16 171346698 3633568987
======================
   8      16 sdb 52301137 33647 11918546602 2166483880 26280058 74100555 16472917760 1467323668 10 171351701 3633620008
======================
   8      16 sdb 52302231 33647 11918826410 2166534543 26280058 74100555 16472917760 1467323668 17 171356703 3633670934
======================
   8      16 sdb 52303342 33647 11919110570 2166588130 26280058 74100555 16472917760 1467323668 5 171361707 3633724162
======================
   8      16 sdb 52304458 33647 11919396010 2166639751 26280058 74100555 16472917760 1467323668 7 171366710 3633776301
======================
   8      16 sdb 52305577 33647 11919681706 2166690323 26280058 74100555 16472917760 1467323668 15 171371713 3633826164
======================
   8      16 sdb 52306695 33647 11919967914 2166744675 26280058 74100555 16472917760 1467323668 6 171376716 3633881144
======================
   8      16 sdb 52307788 33647 11920247722 2166795039 26280058 74100555 16472917760 1467323668 14 171381719 3633931033
======================
   8      16 sdb 52308879 33647 11920527018 2166842774 26280058 74100555 16472917760 1467323668 8 171386722 3633978919
======================
   8      16 sdb 52309983 33647 11920809642 2166893541 26280058 74100555 16472917760 1467323668 2 171391725 3634029374
======================
   8      16 sdb 52311071 33647 11921088170 2166945962 26280058 74100555 16472917760 1467323668 8 171396728 3634082036
======================
   8      16 sdb 52312150 33647 11921364394 2166996282 26280058 74100555 16472917760 1467323668 10 171401731 3634132397
======================
   8      16 sdb 52313244 33647 11921644458 2167047180 26280058 74100555 16472917760 1467323668 8 171406734 3634183563
======================
   8      16 sdb 52314354 33647 11921928618 2167097542 26280058 74100555 16472917760 1467323668 6 171411737 3634233929
======================
   8      16 sdb 52315457 33647 11922210986 2167149367 26280058 74100555 16472917760 1467323668 8 171416741 3634285664
======================
   8      16 sdb 52316532 33647 11922486186 2167202213 26280058 74100555 16472917760 1467323668 14 171421744 3634338081
======================
   8      16 sdb 52317593 33647 11922757802 2167255745 26280058 74100555 16472917760 1467323668 10 171426748 3634391775
======================
   8      16 sdb 52318681 33647 11923036330 2167308809 26280058 74100555 16472917760 1467323668 8 171431752 3634444883
======================
   8      16 sdb 52319735 33647 11923306154 2167357345 26280058 74100555 16472917760 1467323668 6 171436755 3634493585
======================
   8      16 sdb 52320826 33647 11923585450 2167409078 26280058 74100555 16472917760 1467323668 5 171441757 3634545272
======================
   8      16 sdb 52321885 33647 11923856554 2167461419 26280058 74100555 16472917760 1467323668 10 171446761 3634597408
======================
   8      16 sdb 52322971 33647 11924134570 2167514356 26280058 74100555 16472917760 1467323668 8 171451764 3634650717
======================
   8      16 sdb 52324087 33647 11924420266 2167564977 26280058 74100555 16472917760 1467323668 12 171456767 3634700979
======================
   8      16 sdb 52325188 33647 11924702122 2167615741 26280058 74100555 16472917760 1467323668 9 171461770 3634751606
======================
   8      16 sdb 52326277 33647 11924980906 2167666605 26280058 74100555 16472917760 1467323668 7 171466772 3634802831
======================
   8      16 sdb 52327393 33647 11925266602 2167719188 26280058 74100555 16472917760 1467323668 8 171471776 3634855125
======================
   8      16 sdb 52328481 33647 11925545130 2167769381 26280058 74100555 16472917760 1467323668 8 171476779 3634905473
======================
   8      16 sdb 52329564 33647 11925822378 2167819961 26280058 74100555 16472917760 1467323668 4 171481782 3634955985
======================
   8      16 sdb 52330642 33647 11926098346 2167871030 26280058 74100555 16472917760 1467323668 6 171486796 3635007005
======================
   8      16 sdb 52331742 33647 11926379690 2167921106 26280058 74100555 16472917760 1467323668 4 171491799 3635057126
======================
   8      16 sdb 52332825 33647 11926656938 2167973793 26280058 74100555 16472917760 1467323668 6 171496802 3635109935
======================
   8      16 sdb 52333900 33647 11926932138 2168026118 26280058 74100555 16472917760 1467323668 5 171501805 3635162083
======================
   8      16 sdb 52334992 33647 11927211690 2168076119 26280058 74100555 16472917760 1467323668 10 171506808 3635212194
======================
   8      16 sdb 52336078 33647 11927489450 2168128587 26280058 74100555 16472917760 1467323668 13 171511811 3635264473
======================
   8      16 sdb 52337206 33647 11927778218 2168179452 26280058 74100555 16472917760 1467323668 20 171516814 3635316036
======================
   8      16 sdb 52338336 33647 11928067498 2168229954 26280058 74100555 16472917760 1467323668 9 171521818 3635365972
======================
   8      16 sdb 52339461 33647 11928355498 2168281297 26280058 74100555 16472917760 1467323668 7 171526821 3635417246
======================
   8      16 sdb 52340572 33647 11928639914 2168332085 26280058 74100555 16472917760 1467323668 7 171531824 3635468276
======================
   8      16 sdb 52341666 33647 11928920234 2168383861 26280058 74100555 16472917760 1467323668 16 171536827 3635519874
======================
   8      16 sdb 52342782 33647 11929205674 2168434635 26280058 74100555 16472917760 1467323668 6 171541832 3635570545
======================
   8      16 sdb 52343880 33647 11929486762 2168486320 26280058 74100555 16472917760 1467323668 12 171546835 3635622202
======================
   8      16 sdb 52344973 33647 11929766570 2168538025 26280058 74100555 16472917760 1467323668 14 171551838 3635673962
======================
   8      16 sdb 52346081 33647 11930050218 2168589183 26280058 74100555 16472917760 1467323668 10 171556843 3635724970
======================
   8      16 sdb 52347195 33647 11930335402 2168641407 26280058 74100555 16472917760 1467323668 2 171561847 3635777273
======================
   8      16 sdb 52348295 33647 11930617002 2168693944 26280058 74100555 16472917760 1467323668 6 171566850 3635830164
======================
   8      16 sdb 52349376 33647 11930893482 2168746687 26280058 74100555 16472917760 1467323668 5 171571854 3635882656
======================
   8      16 sdb 52350495 33647 11931179946 2168794698 26280058 74100555 16472917760 1467323668 11 171576857 3635930842
======================
   8      16 sdb 52351596 33647 11931461802 2168843036 26280058 74100555 16472917760 1467323668 21 171581860 3635978887
======================
   8      16 sdb 52352716 33647 11931748522 2168894269 26280058 74100555 16472917760 1467323668 6 171586864 3636030330
======================
   8      16 sdb 52353849 33647 11932038570 2168944581 26280058 74100555 16472917760 1467323668 12 171591867 3636080610
======================
   8      16 sdb 52354943 33647 11932318634 2168993820 26280058 74100555 16472917760 1467323668 10 171596870 3636129773
======================
   8      16 sdb 52356061 33647 11932604842 2169044438 26280058 74100555 16472917760 1467323668 12 171601874 3636180956
======================
   8      16 sdb 52357188 33647 11932893354 2169096188 26280058 74100555 16472917760 1467323668 11 171606877 3636232085
======================
   8      16 sdb 52358276 33647 11933171882 2169149996 26280058 74100555 16472917760 1467323668 15 171611880 3636286006
======================
   8      16 sdb 52359361 33647 11933449642 2169201275 26280058 74100555 16472917760 1467323668 17 171616884 3636337491
======================
   8      16 sdb 52360455 33647 11933729706 2169254058 26280058 74100555 16472917760 1467323668 6 171621887 3636390070
======================
   8      16 sdb 52361548 33647 11934009514 2169307533 26280058 74100555 16472917760 1467323668 5 171626892 3636443575
======================
   8      16 sdb 52362655 33647 11934292906 2169358165 26280058 74100555 16472917760 1467323668 13 171631895 3636494987
======================
   8      16 sdb 52363766 33647 11934577066 2169410616 26280058 74100555 16472917760 1467323668 14 171636898 3636546760
======================
   8      16 sdb 52364864 33647 11934857898 2169461566 26280058 74100555 16472917760 1467323668 2 171641901 3636597296
======================
   8      16 sdb 52365965 33647 11935139754 2169510217 26280058 74100555 16472917760 1467323668 17 171646904 3636646636
======================
   8      16 sdb 52367096 33647 11935429290 2169561026 26280058 74100555 16472917760 1467323668 16 171651907 3636697014
======================
   8      16 sdb 52368199 33647 11935711658 2169615257 26280058 74100555 16472917760 1467323668 3 171656911 3636751154
======================
   8      16 sdb 52369289 33647 11935990698 2169667170 26280058 74100555 16472917760 1467323668 11 171661914 3636803375
======================
   8      16 sdb 52370395 33647 11936273834 2169717978 26280058 74100555 16472917760 1467323668 12 171666916 3636854307
======================
   8      16 sdb 52371512 33647 11936559786 2169767021 26280058 74100555 16472917760 1467323668 5 171671919 3636902904
======================
   8      16 sdb 52372616 33647 11936842410 2169819904 26280058 74100555 16472917760 1467323668 7 171676923 3636955888
======================
   8      16 sdb 52373720 33647 11937125034 2169872949 26280058 74100555 16472917760 1467323668 8 171681926 3637009242
======================
   8      16 sdb 52374810 33647 11937404074 2169921935 26280058 74100555 16472917760 1467323668 8 171686929 3637058156
======================
   8      16 sdb 52375934 33647 11937691562 2169972841 26280058 74100555 16472917760 1467323668 6 171691932 3637109134
======================
   8      16 sdb 52377044 33647 11937975722 2170022110 26280058 74100555 16472917760 1467323668 14 171696937 3637157949
======================
   8      16 sdb 52378159 33647 11938261162 2170073565 26280058 74100555 16472917760 1467323668 10 171701940 3637209608
======================
   8      16 sdb 52379235 33647 11938536618 2170123412 26280058 74100555 16472917760 1467323668 8 171706943 3637259237
======================
   8      16 sdb 52380335 33647 11938818218 2170176078 26280058 74100555 16472917760 1467323668 6 171711946 3637311776
======================
   8      16 sdb 52381412 33647 11939093930 2170222729 26280058 74100555 16472917760 1467323668 4 171716949 3637358628
======================
   8      16 sdb 52382536 33647 11939381674 2170274247 26280058 74100555 16472917760 1467323668 6 171721953 3637410172
======================
   8      16 sdb 52383623 33647 11939659946 2170322416 26280058 74100555 16472917760 1467323668 11 171726957 3637458353
======================
   8      16 sdb 52384707 33647 11939937450 2170371083 26280058 74100555 16472917760 1467323668 10 171731960 3637506841
======================
   8      16 sdb 52385834 33647 11940225962 2170421141 26280058 74100555 16472917760 1467323668 11 171736963 3637557565
======================
   8      16 sdb 52386929 33647 11940506282 2170472857 26280058 74100555 16472917760 1467323668 4 171741967 3637608874
======================
   8      16 sdb 52388038 33647 11940790186 2170524183 26280058 74100555 16472917760 1467323668 20 171746969 3637660267
======================
   8      16 sdb 52389135 33647 11941071018 2170573971 26280058 74100555 16472917760 1467323668 3 171751971 3637709706
======================
   8      16 sdb 52390222 33647 11941349290 2170625361 26280058 74100555 16472917760 1467323668 16 171756976 3637761313
======================
   8      16 sdb 52391313 33647 11941628586 2170679317 26280058 74100555 16472917760 1467323668 8 171761979 3637815696
======================
   8      16 sdb 52392401 33647 11941907114 2170729427 26280058 74100555 16472917760 1467323668 8 171766983 3637865349
======================
   8      16 sdb 52393516 33647 11942192554 2170780727 26280058 74100555 16472917760 1467323668 14 171771986 3637916538
======================
   8      16 sdb 52394613 33647 11942473386 2170832432 26280058 74100555 16472917760 1467323668 10 171776990 3637968437
======================
   8      16 sdb 52395689 33647 11942748842 2170883786 26280058 74100555 16472917760 1467323668 10 171781993 3638020015
======================
   8      16 sdb 52396759 33647 11943022250 2170934744 26280058 74100555 16472917760 1467323668 10 171786996 3638070972
======================
   8      16 sdb 52397852 33647 11943302058 2170989556 26280058 74100555 16472917760 1467323668 13 171792000 3638125522
======================
   8      16 sdb 52398949 33647 11943582890 2171041957 26280058 74100555 16472917760 1467323668 8 171797003 3638177954
======================
   8      16 sdb 52400061 33647 11943867562 2171098176 26280058 74100555 16472917760 1467323668 13 171802006 3638234419
======================
   8      16 sdb 52401161 33647 11944149162 2171150770 26280058 74100555 16472917760 1467323668 12 171807009 3638287009
======================
   8      16 sdb 52402273 33647 11944433834 2171203039 26280058 74100555 16472917760 1467323668 1 171812012 3638338833
======================
   8      16 sdb 52403366 33647 11944713642 2171253497 26280058 74100555 16472917760 1467323668 18 171817015 3638389476
======================
   8      16 sdb 52404463 33647 11944994474 2171306697 26280058 74100555 16472917760 1467323668 5 171822018 3638442607
======================
   8      16 sdb 52405567 33647 11945277098 2171357189 26280058 74100555 16472917760 1467323668 6 171827021 3638493329
======================
   8      16 sdb 52406650 33647 11945554346 2171411557 26280058 74100555 16472917760 1467323668 6 171832024 3638547523
======================
   8      16 sdb 52407760 33647 11945838506 2171465893 26280058 74100555 16472917760 1467323668 15 171837030 3638602152
======================
   8      16 sdb 52408860 33647 11946120106 2171517544 26280058 74100555 16472917760 1467323668 13 171842033 3638653466
======================
   8      16 sdb 52409938 33647 11946396074 2171567118 26280058 74100555 16472917760 1467323668 13 171847036 3638702967
======================
   8      16 sdb 52411028 33647 11946675114 2171617587 26280058 74100555 16472917760 1467323668 15 171852039 3638753501
======================
   8      16 sdb 52412098 33647 11946949034 2171669882 26280058 74100555 16472917760 1467323668 10 171857042 3638806055
======================
   8      16 sdb 52413214 33647 11947234730 2171720472 26280058 74100555 16472917760 1467323668 6 171862046 3638856274
======================
   8      16 sdb 52414297 33647 11947511722 2171772739 26280058 74100555 16472917760 1467323668 5 171867049 3638908679
======================
   8      16 sdb 52415399 33647 11947793834 2171826557 26280058 74100555 16472917760 1467323668 18 171872051 3638962657
======================
   8      16 sdb 52416504 33647 11948076714 2171876930 26280058 74100555 16472917760 1467323668 10 171877054 3639012878
======================
   8      16 sdb 52417617 33647 11948361642 2171927306 26280058 74100555 16472917760 1467323668 11 171882058 3639063448
======================
   8      16 sdb 52418722 33647 11948644522 2171977260 26280058 74100555 16472917760 1467323668 19 171887063 3639112932
======================
   8      16 sdb 52419772 33647 11948913322 2172028173 26280058 74100555 16472917760 1467323668 21 171892066 3639164588
======================
   8      16 sdb 52420899 33647 11949201834 2172081701 26280058 74100555 16472917760 1467323668 10 171897069 3639217888
======================
   8      16 sdb 52421994 33647 11949482154 2172133935 26280058 74100555 16472917760 1467323668 9 171902073 3639270235
======================
   8      16 sdb 52423101 33647 11949765546 2172185309 26280058 74100555 16472917760 1467323668 3 171907077 3639321118
======================
   8      16 sdb 52424216 33647 11950050986 2172236960 26280058 74100555 16472917760 1467323668 13 171912081 3639372936
======================
   8      16 sdb 52425333 33647 11950336938 2172289253 26280058 74100555 16472917760 1467323668 8 171917084 3639425412
======================
   8      16 sdb 52426459 33647 11950624938 2172340393 26280058 74100555 16472917760 1467323668 5 171922087 3639476340
======================
   8      16 sdb 52427566 33647 11950908330 2172391546 26280058 74100555 16472917760 1467323668 16 171927090 3639527540
======================
   8      16 sdb 52428671 33647 11951191210 2172443063 26280058 74100555 16472917760 1467323668 9 171932094 3639578867
======================
   8      16 sdb 52429794 33647 11951478698 2172492653 26280058 74100555 16472917760 1467323668 9 171937097 3639628596
======================
   8      16 sdb 52430894 33647 11951760298 2172544219 26280058 74100555 16472917760 1467323668 11 171942100 3639680076
======================
   8      16 sdb 52432013 33647 11952046762 2172595488 26280058 74100555 16472917760 1467323668 3 171947104 3639731372
======================
   8      16 sdb 52433068 33647 11952316842 2172645938 26280058 74100555 16472917760 1467323668 8 171952107 3639781660
======================
   8      16 sdb 52434178 33647 11952601002 2172696326 26280058 74100555 16472917760 1467323668 12 171957110 3639832375
======================
   8      16 sdb 52435293 33647 11952886186 2172748052 26280058 74100555 16472917760 1467323668 14 171962113 3639884079
======================
   8      16 sdb 52436384 33647 11953165482 2172797925 26280058 74100555 16472917760 1467323668 13 171967117 3639933989
======================
   8      16 sdb 52437476 33647 11953444778 2172847291 26280058 74100555 16472917760 1467323668 19 171972120 3639983145
======================
   8      16 sdb 52438602 33647 11953733034 2172898599 26280058 74100555 16472917760 1467323668 16 171977125 3640034771
======================
   8      16 sdb 52439699 33647 11954013866 2172949001 26280058 74100555 16472917760 1467323668 2 171982128 3640084631
======================
   8      16 sdb 52440824 33647 11954301866 2172999829 26280058 74100555 16472917760 1467323668 9 171987132 3640135987
======================
   8      16 sdb 52441926 33647 11954583978 2173048713 26280058 74100555 16472917760 1467323668 7 171992135 3640184633
======================
   8      16 sdb 52443041 33647 11954869418 2173100189 26280058 74100555 16472917760 1467323668 3 171997138 3640235837
======================
   8      16 sdb 52444145 33647 11955152042 2173150188 26280058 74100555 16472917760 1467323668 5 172002141 3640286213
======================
   8      16 sdb 52445236 33647 11955431338 2173202431 26280058 74100555 16472917760 1467323668 11 172007144 3640338502
======================
   8      16 sdb 52446356 33647 11955718058 2173254302 26280058 74100555 16472917760 1467323668 14 172012147 3640390359
======================
   8      16 sdb 52447446 33647 11955997098 2173304012 26280058 74100555 16472917760 1467323668 6 172017150 3640440027
======================
   8      16 sdb 52448537 33647 11956276394 2173355584 26280058 74100555 16472917760 1467323668 15 172022153 3640491396
======================
   8      16 sdb 52449610 33647 11956551082 2173407622 26280058 74100555 16472917760 1467323668 7 172027156 3640543416
======================
   8      16 sdb 52450728 33647 11956837290 2173458187 26280058 74100555 16472917760 1467323668 8 172032159 3640594067
======================
   8      16 sdb 52451814 33647 11957115306 2173511424 26280058 74100555 16472917760 1467323668 10 172037162 3640647344
======================
   8      16 sdb 52452903 33647 11957394090 2173561268 26280058 74100555 16472917760 1467323668 12 172042165 3640697016
======================
   8      16 sdb 52454015 33647 11957678762 2173614929 26280058 74100555 16472917760 1467323668 11 172047180 3640751238
======================
   8      16 sdb 52455131 33647 11957964458 2173668637 26280058 74100555 16472917760 1467323668 5 172052183 3640804295
======================
   8      16 sdb 52456241 33647 11958248618 2173717509 26280058 74100555 16472917760 1467323668 7 172057186 3640853532
======================
   8      16 sdb 52457325 33647 11958526122 2173767250 26280058 74100555 16472917760 1467323668 15 172062189 3640902961
======================
   8      16 sdb 52458400 33647 11958801322 2173816865 26280058 74100555 16472917760 1467323668 11 172067193 3640952916
======================
   8      16 sdb 52459533 33647 11959091114 2173867931 26280058 74100555 16472917760 1467323668 7 172072196 3641003491
======================
   8      16 sdb 52460626 33647 11959370922 2173916898 26280058 74100555 16472917760 1467323668 12 172077199 3641053080
======================
   8      16 sdb 52461734 33647 11959654570 2173967068 26280058 74100555 16472917760 1467323668 12 172082202 3641102894
======================
   8      16 sdb 52462850 33647 11959940266 2174014680 26280058 74100555 16472917760 1467323668 11 172087205 3641150359
======================
   8      16 sdb 52463912 33647 11960212138 2174069502 26280058 74100555 16472917760 1467323668 6 172092208 3641205327
======================
   8      16 sdb 52465041 33647 11960501162 2174120183 26280058 74100555 16472917760 1467323668 8 172097211 3641256192
======================
   8      16 sdb 52466147 33647 11960784042 2174171101 26280058 74100555 16472917760 1467323668 11 172102214 3641307262
======================
   8      16 sdb 52467246 33647 11961065386 2174221800 26280058 74100555 16472917760 1467323668 14 172107216 3641357721
======================
   8      16 sdb 52468379 33647 11961355434 2174271923 26280058 74100555 16472917760 1467323668 12 172112220 3641408076
======================
   8      16 sdb 52469485 33647 11961638570 2174328126 26280058 74100555 16472917760 1467323668 5 172117225 3641464050
======================
   8      16 sdb 52470604 33647 11961925034 2174380335 26280058 74100555 16472917760 1467323668 12 172122228 3641516036
======================
   8      16 sdb 52471703 33647 11962206378 2174430803 26280058 74100555 16472917760 1467323668 13 172127232 3641566339
======================
   8      16 sdb 52472817 33647 11962491562 2174479675 26280058 74100555 16472917760 1467323668 10 172132234 3641615506
======================
   8      16 sdb 52473920 33647 11962773930 2174530311 26280058 74100555 16472917760 1467323668 15 172137238 3641665922
======================
   8      16 sdb 52475002 33647 11963050922 2174579559 26280058 74100555 16472917760 1467323668 8 172142241 3641715555
======================
   8      16 sdb 52476127 33647 11963338922 2174631401 26280058 74100555 16472917760 1467323668 13 172147244 3641767552
======================
   8      16 sdb 52477224 33647 11963619754 2174682765 26280058 74100555 16472917760 1467323668 9 172152246 3641818769
======================
   8      16 sdb 52478328 33647 11963902378 2174733690 26280058 74100555 16472917760 1467323668 5 172157250 3641869571
======================
   8      16 sdb 52479416 33647 11964180906 2174783985 26280058 74100555 16472917760 1467323668 10 172162252 3641919818
======================
   8      16 sdb 52480500 33647 11964458410 2174836861 26280058 74100555 16472917760 1467323668 9 172167255 3641973112
======================
   8      16 sdb 52481599 33647 11964739754 2174885682 26280058 74100555 16472917760 1467323668 12 172172258 3642021583
======================
   8      16 sdb 52482703 33647 11965022378 2174937887 26280058 74100555 16472917760 1467323668 10 172177261 3642074340
======================
   8      16 sdb 52483829 33647 11965310634 2174989397 26280058 74100555 16472917760 1467323668 12 172182264 3642125425
======================
   8      16 sdb 52484931 33647 11965592746 2175041769 26280058 74100555 16472917760 1467323668 13 172187268 3642177791
======================
   8      16 sdb 52486019 33647 11965871274 2175094334 26280058 74100555 16472917760 1467323668 6 172192271 3642230100
======================
   8      16 sdb 52487112 33647 11966151082 2175143107 26280058 74100555 16472917760 1467323668 13 172197275 3642279297
======================
   8      16 sdb 52488234 33647 11966438314 2175192376 26280058 74100555 16472917760 1467323668 8 172202278 3642328215
======================
   8      16 sdb 52489316 33647 11966715306 2175241762 26280058 74100555 16472917760 1467323668 10 172207282 3642377424
======================
   8      16 sdb 52490423 33647 11966998698 2175292760 26280058 74100555 16472917760 1467323668 6 172212285 3642428598
======================
   8      16 sdb 52491518 33647 11967279018 2175344213 26280058 74100555 16472917760 1467323668 16 172217288 3642479811
======================
   8      16 sdb 52492615 33647 11967559850 2175396728 26280058 74100555 16472917760 1467323668 8 172222292 3642532940
======================
   8      16 sdb 52493721 33647 11967842986 2175444603 26280058 74100555 16472917760 1467323668 11 172227295 3642580661
======================
   8      16 sdb 52494832 33647 11968127402 2175495412 26280058 74100555 16472917760 1467323668 7 172232298 3642631365
======================
   8      16 sdb 52495955 33647 11968414634 2175546147 26280058 74100555 16472917760 1467323668 17 172237302 3642682016
======================
   8      16 sdb 52497043 33647 11968693162 2175597315 26280058 74100555 16472917760 1467323668 11 172242305 3642733335
======================
   8      16 sdb 52498128 33647 11968970922 2175652309 26280058 74100555 16472917760 1467323668 9 172247308 3642788014
======================
   8      16 sdb 52499244 33647 11969256362 2175705681 26280058 74100555 16472917760 1467323668 3 172252312 3642841465
======================
   8      16 sdb 52500293 33647 11969524906 2175760047 26280058 74100555 16472917760 1467323668 14 172257317 3642895533
======================
   8      16 sdb 52501397 33647 11969807530 2175810188 26280058 74100555 16472917760 1467323668 14 172262320 3642946216
======================
   8      16 sdb 52502506 33647 11970091434 2175861292 26280058 74100555 16472917760 1467323668 15 172267323 3642997302
======================
   8      16 sdb 52503611 33647 11970374314 2175911997 26280058 74100555 16472917760 1467323668 6 172272326 3643047722
======================
   8      16 sdb 52504717 33647 11970657450 2175962994 26280058 74100555 16472917760 1467323668 8 172277329 3643098965
======================
   8      16 sdb 52505831 33647 11970942634 2176013110 26280058 74100555 16472917760 1467323668 4 172282333 3643148737
======================
   8      16 sdb 52506916 33647 11971220394 2176064762 26280058 74100555 16472917760 1467323668 17 172287336 3643200511
======================
   8      16 sdb 52508000 33647 11971497898 2176117514 26280058 74100555 16472917760 1467323668 5 172292339 3643253404
======================
   8      16 sdb 52509126 33647 11971786154 2176170217 26280058 74100555 16472917760 1467323668 13 172297341 3643305932
======================
   8      16 sdb 52510228 33647 11972068266 2176222835 26280058 74100555 16472917760 1467323668 8 172302345 3643358716
======================
   8      16 sdb 52511323 33647 11972348586 2176274467 26280058 74100555 16472917760 1467323668 17 172307348 3643410455
======================
   8      16 sdb 52512383 33647 11972619946 2176326205 26280058 74100555 16472917760 1467323668 11 172312351 3643462010
======================
   8      16 sdb 52513502 33647 11972906410 2176374936 26280058 74100555 16472917760 1467323668 18 172317354 3643510490
======================
   8      16 sdb 52514620 33647 11973192618 2176424373 26280058 74100555 16472917760 1467323668 13 172322357 3643560145
======================
   8      16 sdb 52515729 33647 11973476522 2176475346 26280058 74100555 16472917760 1467323668 7 172327361 3643611212
======================
   8      16 sdb 52516848 33647 11973762986 2176524238 26280058 74100555 16472917760 1467323668 8 172332364 3643659661
======================
   8      16 sdb 52517972 33647 11974050730 2176575633 26280058 74100555 16472917760 1467323668 5 172337368 3643711294
======================
   8      16 sdb 52519063 33647 11974330026 2176625960 26280058 74100555 16472917760 1467323668 3 172342370 3643761656
======================
   8      16 sdb 52520183 33647 11974616746 2176677365 26280058 74100555 16472917760 1467323668 17 172347373 3643813129
======================
   8      16 sdb 52521290 33647 11974900138 2176728044 26280058 74100555 16472917760 1467323668 17 172352376 3643863619
======================
   8      16 sdb 52522394 33647 11975182762 2176780950 26280058 74100555 16472917760 1467323668 4 172357380 3643916440
======================
   8      16 sdb 52523489 33647 11975463082 2176831478 26280058 74100555 16472917760 1467323668 9 172362383 3643967235
======================
   8      16 sdb 52524590 33647 11975744938 2176881553 26280058 74100555 16472917760 1467323668 7 172367386 3644017528
======================
   8      16 sdb 52525719 33647 11976033962 2176931639 26280058 74100555 16472917760 1467323668 10 172372388 3644067415
======================
   8      16 sdb 52526794 33647 11976309162 2176983930 26280058 74100555 16472917760 1467323668 6 172377392 3644119677
======================
   8      16 sdb 52527906 33647 11976593578 2177033203 26280058 74100555 16472917760 1467323668 10 172382396 3644168957
======================
   8      16 sdb 52529036 33647 11976882858 2177084118 26280058 74100555 16472917760 1467323668 16 172387399 3644219827
======================
   8      16 sdb 52530126 33647 11977161898 2177133353 26280058 74100555 16472917760 1467323668 11 172392402 3644268987
======================
   8      16 sdb 52531250 33647 11977449642 2177185745 26280058 74100555 16472917760 1467323668 12 172397406 3644321448
======================
   8      16 sdb 52532342 33647 11977728938 2177238268 26280058 74100555 16472917760 1467323668 11 172402411 3644374098
======================
   8      16 sdb 52533449 33647 11978012330 2177292102 26280058 74100555 16472917760 1467323668 14 172407414 3644427914
======================
   8      16 sdb 52534511 33647 11978284202 2177345893 26280058 74100555 16472917760 1467323668 13 172412417 3644481512
======================
   8      16 sdb 52535565 33647 11978554026 2177394953 26280058 74100555 16472917760 1467323668 5 172417420 3644530891
======================
   8      16 sdb 52536666 33647 11978835882 2177445497 26280058 74100555 16472917760 1467323668 15 172422423 3644581221
======================
   8      16 sdb 52537790 33647 11979123626 2177496499 26280058 74100555 16472917760 1467323668 9 172427426 3644632541
======================
   8      16 sdb 52538874 33647 11979401130 2177549370 26280058 74100555 16472917760 1467323668 16 172432428 3644685276
======================
   8      16 sdb 52539968 33647 11979681194 2177600973 26280058 74100555 16472917760 1467323668 12 172437431 3644736995
======================
   8      16 sdb 52541045 33647 11979956906 2177651609 26280058 74100555 16472917760 1467323668 12 172442434 3644787287
======================
   8      16 sdb 52542154 33647 11980240810 2177703653 26280058 74100555 16472917760 1467323668 18 172447438 3644839683
======================
   8      16 sdb 52543303 33647 11980534442 2177757016 26280058 74100555 16472917760 1467323668 10 172452441 3644892913
======================
   8      16 sdb 52544443 33647 11980825770 2177811433 26280058 74100555 16472917760 1467323668 7 172457444 3644947148
======================
   8      16 sdb 52545530 33647 11981103018 2177864429 26280058 74100555 16472917760 1467323668 16 172462448 3645000217
======================
   8      16 sdb 52546639 33647 11981386410 2177917073 26280058 74100555 16472917760 1467323668 14 172467452 3645053257
======================
   8      16 sdb 52547773 33647 11981675690 2177968628 26280058 74100555 16472917760 1467323668 13 172472455 3645104189
======================
   8      16 sdb 52548874 33647 11981956778 2178022205 26280058 74100555 16472917760 1467323668 11 172477458 3645158049
======================
   8      16 sdb 52549990 33647 11982242218 2178074833 26280058 74100555 16472917760 1467323668 12 172482462 3645210382
======================
   8      16 sdb 52551114 33647 11982529706 2178123697 26280058 74100555 16472917760 1467323668 10 172487465 3645259424
======================
   8      16 sdb 52552238 33647 11982817450 2178173636 26280058 74100555 16472917760 1467323668 11 172492468 3645309340
======================
   8      16 sdb 52553337 33647 11983098282 2178224559 26280058 74100555 16472917760 1467323668 16 172497472 3645360041
======================
   8      16 sdb 52554446 33647 11983382186 2178274831 26280058 74100555 16472917760 1467323668 8 172502475 3645410425
======================
   8      16 sdb 52555546 33647 11983663786 2178325449 26280058 74100555 16472917760 1467323668 5 172507478 3645461109
======================
   8      16 sdb 52556629 33647 11983941034 2178373935 26280058 74100555 16472917760 1467323668 15 172512481 3645510359
======================
   8      16 sdb 52557769 33647 11984232618 2178422695 26280058 74100555 16472917760 1467323668 14 172517484 3645558291
======================
   8      16 sdb 52558878 33647 11984516522 2178473948 26280058 74100555 16472917760 1467323668 4 172522487 3645609549
======================
   8      16 sdb 52560004 33647 11984804778 2178524869 26280058 74100555 16472917760 1467323668 6 172527490 3645660346
======================
   8      16 sdb 52561094 33647 11985083818 2178576136 26280058 74100555 16472917760 1467323668 10 172532494 3645712009
======================
   8      16 sdb 52562212 33647 11985369770 2178628394 26280058 74100555 16472917760 1467323668 10 172537498 3645764225
======================
   8      16 sdb 52563318 33647 11985651626 2178678699 26280058 74100555 16472917760 1467323668 9 172542501 3645814212
======================
   8      16 sdb 52564419 33647 11985932202 2178731812 26280058 74100555 16472917760 1467323668 10 172547503 3645867632
======================
   8      16 sdb 52565522 33647 11986214314 2178783360 26280058 74100555 16472917760 1467323668 3 172552506 3645918904
======================
   8      16 sdb 52566632 33647 11986497194 2178834457 26280058 74100555 16472917760 1467323668 10 172557510 3645970130
======================
   8      16 sdb 52567723 33647 11986775722 2178885655 26280058 74100555 16472917760 1467323668 17 172562513 3646021691
======================
   8      16 sdb 52568858 33647 11987065002 2178935691 26280058 74100555 16472917760 1467323668 11 172567516 3646071394
======================
   8      16 sdb 52569971 33647 11987349674 2178985831 26280058 74100555 16472917760 1467323668 4 172572519 3646121529
======================
   8      16 sdb 52571113 33647 11987641706 2179039904 26280058 74100555 16472917760 1467323668 11 172577521 3646175556
======================
   8      16 sdb 52572226 33647 11987926186 2179090985 26280058 74100555 16472917760 1467323668 5 172582524 3646226653
======================
   8      16 sdb 52573347 33647 11988213162 2179149095 26280058 74100555 16472917760 1467323668 3 172587527 3646284765
======================
   8      16 sdb 52574475 33647 11988501674 2179201408 26280058 74100555 16472917760 1467323668 12 172592530 3646337044
======================
   8      16 sdb 52575555 33647 11988778154 2179251637 26280058 74100555 16472917760 1467323668 10 172597534 3646387249
======================
   8      16 sdb 52576652 33647 11989058730 2179302808 26280058 74100555 16472917760 1467323668 10 172602537 3646438623
======================
   8      16 sdb 52577763 33647 11989343146 2179353739 26280058 74100555 16472917760 1467323668 12 172607541 3646489564
======================
   8      16 sdb 52578895 33647 11989632938 2179405400 26280058 74100555 16472917760 1467323668 7 172612544 3646541317
======================
   8      16 sdb 52579990 33647 11989913258 2179456299 26280058 74100555 16472917760 1467323668 21 172617547 3646592068
======================
   8      16 sdb 52581100 33647 11990197418 2179506138 26280058 74100555 16472917760 1467323668 16 172622551 3646642030
======================
   8      16 sdb 52582241 33647 11990488490 2179558311 26280058 74100555 16472917760 1467323668 8 172627554 3646693817
======================
   8      16 sdb 52583339 33647 11990768810 2179609154 26280058 74100555 16472917760 1467323668 16 172632557 3646744943
======================
   8      16 sdb 52584442 33647 11991050154 2179662119 26280058 74100555 16472917760 1467323668 15 172637559 3646798306
======================
   8      16 sdb 52585548 33647 11991331754 2179713921 26280058 74100555 16472917760 1467323668 18 172642562 3646850274
======================
   8      16 sdb 52586652 33647 11991612586 2179765418 26280058 74100555 16472917760 1467323668 11 172647565 3646901156
======================
   8      16 sdb 52587744 33647 11991891626 2179815750 26280058 74100555 16472917760 1467323668 24 172652568 3646951242
======================
   8      16 sdb 52588875 33647 11992180906 2179865821 26280058 74100555 16472917760 1467323668 6 172657572 3647001603
======================
   8      16 sdb 52590001 33647 11992468714 2179916441 26280058 74100555 16472917760 1467323668 17 172662576 3647052257
======================
   8      16 sdb 52591116 33647 11992754090 2179968355 26280058 74100555 16472917760 1467323668 13 172667579 3647104397
======================
   8      16 sdb 52592226 33647 11993037994 2180021971 26280058 74100555 16472917760 1467323668 12 172672582 3647157659
======================
   8      16 sdb 52593312 33647 11993316010 2180070740 26280058 74100555 16472917760 1467323668 14 172677593 3647206370
======================
   8      16 sdb 52594457 33647 11993608874 2180120980 26280058 74100555 16472917760 1467323668 14 172682595 3647256446
======================
   8      16 sdb 52595553 33647 11993889194 2180171340 26280058 74100555 16472917760 1467323668 8 172687598 3647306883
======================
   8      16 sdb 52596687 33647 11994179498 2180221567 26280058 74100555 16472917760 1467323668 10 172692602 3647357102
======================
   8      16 sdb 52597781 33647 11994459562 2180272978 26280058 74100555 16472917760 1467323668 7 172697605 3647408693
======================
   8      16 sdb 52598872 33647 11994738858 2180324574 26280058 74100555 16472917760 1467323668 7 172702608 3647460200
======================
   8      16 sdb 52599950 33647 11995014314 2180373425 26280058 74100555 16472917760 1467323668 10 172707611 3647508847
======================
   8      16 sdb 52601104 33647 11995309226 2180425698 26280058 74100555 16472917760 1467323668 11 172712614 3647561090
======================
   8      16 sdb 52602220 33647 11995594410 2180477194 26280058 74100555 16472917760 1467323668 11 172717617 3647612943
======================
   8      16 sdb 52603322 33647 11995876010 2180526768 26280058 74100555 16472917760 1467323668 11 172722621 3647662824
======================
   8      16 sdb 52604444 33647 11996162474 2180579475 26280058 74100555 16472917760 1467323668 7 172727624 3647715170
======================
   8      16 sdb 52605561 33647 11996447658 2180628111 26280058 74100555 16472917760 1467323668 21 172732627 3647764191
======================
   8      16 sdb 52606654 33647 11996725354 2180680770 26280058 74100555 16472917760 1467323668 13 172737630 3647816609
======================
   8      16 sdb 52607782 33647 11997013162 2180732849 26280058 74100555 16472917760 1467323668 6 172742633 3647868519
======================
   8      16 sdb 52608896 33647 11997297834 2180785335 26280058 74100555 16472917760 1467323668 7 172747638 3647921588
======================
   8      16 sdb 52610009 33647 11997582762 2180836865 26280058 74100555 16472917760 1467323668 7 172752641 3647972603
======================
   8      16 sdb 52611134 33647 11997870250 2180892112 26280058 74100555 16472917760 1467323668 3 172757645 3648027662
======================
   8      16 sdb 52612234 33647 11998151850 2180940640 26280058 74100555 16472917760 1467323668 21 172762648 3648076824
======================
   8      16 sdb 52613367 33647 11998441642 2180992115 26280058 74100555 16472917760 1467323668 19 172767651 3648127735
======================
   8      16 sdb 52614468 33647 11998723498 2181042299 26280058 74100555 16472917760 1467323668 12 172772654 3648177838
======================
   8      16 sdb 52615562 33647 11999003050 2181093831 26280058 74100555 16472917760 1467323668 6 172777657 3648229533
======================
   8      16 sdb 52616645 33647 11999280298 2181146532 26280058 74100555 16472917760 1467323668 5 172782660 3648282418
======================
   8      16 sdb 52617745 33647 11999561642 2181199016 26280058 74100555 16472917760 1467323668 14 172787662 3648335316
======================
   8      16 sdb 52618861 33647 11999846570 2181251058 26280058 74100555 16472917760 1467323668 12 172792665 3648386746
======================
   8      16 sdb 52619982 33647 12000133034 2181299838 26280058 74100555 16472917760 1467323668 16 172797668 3648435426
======================
   8      16 sdb 52621049 33647 12000405930 2181351054 26280058 74100555 16472917760 1467323668 15 172802671 3648486774
======================
   8      16 sdb 52622154 33647 12000688298 2181399707 26280058 74100555 16472917760 1467323668 14 172807674 3648535768
======================
   8      16 sdb 52623258 33647 12000970410 2181449626 26280058 74100555 16472917760 1467323668 2 172812678 3648584988
======================
   8      16 sdb 52624402 33647 12001262762 2181499546 26280058 74100555 16472917760 1467323668 16 172817682 3648635028
======================
   8      16 sdb 52625514 33647 12001545130 2181548791 26280058 74100555 16472917760 1467323668 22 172822685 3648684684
======================
   8      16 sdb 52626650 33647 12001835178 2181599827 26280058 74100555 16472917760 1467323668 16 172827688 3648735155
======================
   8      16 sdb 52627797 33647 12002128042 2181650490 26280058 74100555 16472917760 1467323668 13 172832691 3648786545
======================
   8      16 sdb 52628896 33647 12002409130 2181701855 26280058 74100555 16472917760 1467323668 12 172837694 3648837739
======================
   8      16 sdb 52630003 33647 12002692010 2181750008 26280058 74100555 16472917760 1467323668 12 172842697 3648885944
======================
   8      16 sdb 52631121 33647 12002977706 2181801239 26280058 74100555 16472917760 1467323668 17 172847700 3648937229
======================
   8      16 sdb 52632217 33647 12003258026 2181850731 26280058 74100555 16472917760 1467323668 9 172852703 3648986888
======================
   8      16 sdb 52633366 33647 12003552170 2181900970 26280058 74100555 16472917760 1467323668 11 172857706 3649036663
======================
   8      16 sdb 52634506 33647 12003843754 2181952210 26280058 74100555 16472917760 1467323668 13 172862710 3649088134
======================
   8      16 sdb 52635644 33647 12004135082 2182001359 26280058 74100555 16472917760 1467323668 6 172867713 3649137012
======================
   8      16 sdb 52636759 33647 12004420010 2182052268 26280058 74100555 16472917760 1467323668 9 172872716 3649187994
======================
   8      16 sdb 52637846 33647 12004698026 2182105325 26280058 74100555 16472917760 1467323668 7 172877718 3649240999
======================
   8      16 sdb 52638995 33647 12004991914 2182156278 26280058 74100555 16472917760 1467323668 14 172882721 3649292090
======================
   8      16 sdb 52640108 33647 12005276586 2182206048 26280058 74100555 16472917760 1467323668 13 172887726 3649341872
======================
   8      16 sdb 52641212 33647 12005558954 2182255338 26280058 74100555 16472917760 1467323668 4 172892728 3649390977
======================
   8      16 sdb 52642395 33647 12005861802 2182305686 26280058 74100555 16472917760 1467323668 7 172897732 3649441120
======================
   8      16 sdb 52643522 33647 12006149802 2182353727 26280058 74100555 16472917760 1467323668 2 172902735 3649489200
======================
   8      16 sdb 52644705 33647 12006451882 2182402083 26280058 74100555 16472917760 1467323668 2 172907738 3649537512
======================
   8      16 sdb 52645857 33647 12006744298 2182451145 26280058 74100555 16472917760 1467323668 16 172912741 3649587041
======================
   8      16 sdb 52647056 33647 12007050666 2182496983 26280058 74100555 16472917760 1467323668 8 172917745 3649632541
======================
   8      16 sdb 52648521 33647 12007424170 2182533371 26280058 74100555 16472917760 1467323668 3 172922748 3649668625
