======================
   8      16 sdb 51663049 33647 11755805180 2136304394 25845517 73511175 16199698808 1367921994 32 167556726 3504042078
======================
   8      16 sdb 51663173 33647 11755806172 2136312500 25846714 73511175 16200453112 1368092590 144 167558525 3504236856
======================
   8      16 sdb 51663179 33647 11755806220 2136314008 25848735 73511208 16201716992 1368682155 141 167563527 3504830529
======================
   8      16 sdb 51663185 33647 11755806268 2136315564 25851271 73511221 16203314040 1369245192 129 167568529 3505396106
======================
   8      16 sdb 51663191 33647 11755806316 2136317494 25853718 73511239 16204852280 1369743131 1 167573532 3505876134
======================
   8      16 sdb 51663198 33647 11755806372 2136319481 25856296 73511259 16206472088 1370279699 157 167578533 3506429892
======================
   8      16 sdb 51663205 33647 11755806428 2136321076 25858804 73511273 16208051352 1370838821 151 167583537 3506994759
======================
   8      16 sdb 51663211 33647 11755806476 2136323250 25861328 73511298 16209636520 1371363195 156 167588539 3507518706
======================
   8      16 sdb 51663217 33647 11755806524 2136324796 25863867 73511313 16211234616 1371940307 148 167593540 3508099617
======================
   8      16 sdb 51663224 33647 11755806580 2136326440 25866399 73511328 16212829120 1372487013 139 167598543 3508648555
======================
   8      16 sdb 51663231 33647 11755806636 2136328162 25868962 73511348 16214438192 1373026538 140 167603546 3509188786
======================
   8      16 sdb 51663237 33647 11755806684 2136329860 25871454 73511362 16216007344 1373553628 124 167608548 3509718477
======================
   8      16 sdb 51663243 33647 11755806732 2136331689 25873997 73511380 16217605120 1374127067 85 167613549 3510291261
======================
   8      16 sdb 51663249 33647 11755806780 2136333577 25876519 73511397 16219191344 1374671695 64 167618552 3510834238
======================
   8      16 sdb 51663257 33647 11755806844 2136335588 25879050 73511415 16220783968 1375218715 156 167623553 3511372217
======================
   8      16 sdb 51663263 33647 11755806892 2136337403 25881561 73511432 16222362520 1375753720 134 167628556 3511913326
======================
   8      16 sdb 51663270 33647 11755806948 2136339468 25884079 73511450 16223945816 1376246765 141 167633557 3512414236
======================
   8      16 sdb 51663276 33647 11755806996 2136341344 25886592 73511467 16225525016 1376785961 143 167638559 3512943908
======================
   8      16 sdb 51663282 33647 11755807044 2136343020 25889064 73511483 16227079744 1377354699 1 167643561 3513512855
======================
   8      16 sdb 51663289 33647 11755807100 2136345467 25891669 73511502 16228718968 1377847260 145 167648563 3514011657
======================
   8      16 sdb 51663295 33647 11755807148 2136347247 25894207 73511520 16230315968 1378409417 118 167653566 3514581116
======================
   8      16 sdb 51663302 33647 11755807204 2136348771 25896760 73511536 16231921152 1378961905 145 167658569 3515146170
======================
   8      16 sdb 51663308 33647 11755807252 2136350636 25899278 73511553 16233504800 1379500650 154 167663571 3515687403
======================
   8      16 sdb 51663315 33647 11755807308 2136352546 25901810 73511558 16235097432 1380022171 149 167668572 3516207423
======================
   8      16 sdb 51663321 33647 11755807356 2136354413 25904270 73511577 16236643496 1380589484 156 167673575 3516779647
======================
   8      16 sdb 51663327 33647 11755807404 2136355950 25906760 73511595 16238208872 1381171598 131 167678577 3517362609
======================
   8      16 sdb 51663334 33647 11755807460 2136357954 25909171 73511613 16239725344 1381687383 147 167683578 3517877554
======================
   8      16 sdb 51663340 33647 11755807508 2136359820 25911643 73511628 16241280064 1382243052 142 167688580 3518423155
======================
   8      16 sdb 51663345 33647 11755807548 2136360975 25914050 73511645 16242793712 1382840714 1 167693584 3519016914
======================
   8      16 sdb 51663353 33647 11755807612 2136363190 25916539 73511664 16244358080 1383395247 66 167698586 3519577723
======================
   8      16 sdb 51663358 33647 11755807652 2136364728 25919010 73511682 16245911552 1383972724 46 167703589 3520163105
======================
   8      16 sdb 51663365 33647 11755807708 2136367177 25921434 73511700 16247436088 1384438022 123 167708592 3520641893
======================
   8      16 sdb 51663371 33647 11755807756 2136368645 25923931 73511716 16249005928 1385051152 128 167713594 3521254040
======================
   8      16 sdb 51663377 33647 11755807804 2136369822 25926387 73511734 16250550184 1385671056 153 167718596 3521878397
======================
   8      16 sdb 51663384 33647 11755807860 2136371919 25928814 73511751 16252075872 1386202813 135 167723599 3522410501
======================
   8      16 sdb 51663390 33647 11755807908 2136373548 25931256 73511767 16253612288 1386782593 145 167728601 3522991584
======================
   8      16 sdb 51663397 33647 11755807964 2136375352 25933716 73511786 16255159616 1387332632 143 167733606 3523541817
======================
   8      16 sdb 51663402 33647 11755808004 2136376981 25936151 73511804 16256689040 1387900149 1 167738608 3524092210
======================
   8      16 sdb 51663408 33647 11755808052 2136378756 25938641 73511823 16258253920 1388470358 1 167743611 3524664148
======================
   8      16 sdb 51663415 33647 11755808108 2136380938 25941053 73511840 16259770896 1388967412 77 167748613 3525179201
======================
   8      16 sdb 51663421 33647 11755808156 2136382696 25943535 73511858 16261332672 1389532297 95 167753615 3525747879
======================
   8      16 sdb 51663428 33647 11755808212 2136385000 25945958 73511876 16262855304 1390047322 147 167758616 3526267058
======================
   8      16 sdb 51663434 33647 11755808260 2136386844 25948419 73511896 16264402016 1390603209 157 167763617 3526823920
======================
   8      16 sdb 51663440 33647 11755808308 2136388749 25950878 73511912 16265949184 1391165820 137 167768620 3527382168
======================
   8      16 sdb 51663447 33647 11755808364 2136390962 25953293 73511932 16267465576 1391650336 147 167773620 3527878622
======================
   8      16 sdb 51663453 33647 11755808412 2136392548 25955774 73511948 16269026696 1392239084 145 167778623 3528465490
======================
   8      16 sdb 51663459 33647 11755808460 2136394162 25958202 73511967 16270552280 1392794793 26 167783625 3529010851
======================
   8      16 sdb 51663465 33647 11755808508 2136395684 25960670 73511983 16272104072 1393369944 60 167788627 3529594453
======================
   8      16 sdb 51663471 33647 11755808556 2136397459 25963108 73512001 16273637944 1393918509 122 167793630 3530152285
======================
   8      16 sdb 51663478 33647 11755808612 2136399810 25965581 73512019 16275192064 1394412524 149 167798632 3530648040
======================
   8      16 sdb 51663484 33647 11755808660 2136401627 25968023 73512039 16276728136 1394976444 130 167803634 3531212796
======================
   8      16 sdb 51663490 33647 11755808708 2136403353 25970317 73512055 16278171112 1395531611 1 167808637 3531749682
======================
   8      16 sdb 51663497 33647 11755808764 2136405195 25972928 73512074 16279811776 1396065521 132 167813640 3532305657
======================
   8      16 sdb 51663502 33647 11755808804 2136406421 25975323 73512092 16281317248 1396666332 1 167818643 3532887669
======================
   8      16 sdb 51663509 33647 11755808860 2136408688 25977761 73512106 16282852480 1397181711 48 167823643 3533416479
======================
   8      16 sdb 51663515 33647 11755808908 2136410589 25980174 73512123 16284368200 1397714636 126 167828645 3533961949
======================
   8      16 sdb 51663521 33647 11755808956 2136412243 25982601 73512145 16285893424 1398312074 155 167833648 3534559001
======================
   8      16 sdb 51663528 33647 11755809012 2136414253 25985009 73512162 16287409840 1398849689 139 167838651 3535099577
======================
   8      16 sdb 51663534 33647 11755809060 2136415807 25987454 73512182 16288945656 1399456105 144 167843653 3535707318
======================
   8      16 sdb 51663541 33647 11755809116 2136417779 25989870 73512197 16290463832 1400012209 131 167848656 3536256998
======================
   8      16 sdb 51663546 33647 11755809156 2136419372 25992308 73512211 16291998560 1400573251 83 167853659 3536824231
======================
   8      16 sdb 51663552 33647 11755809204 2136420838 25994719 73512235 16293512928 1401181382 137 167858662 3537436980
======================
   8      16 sdb 51663559 33647 11755809260 2136423090 25997137 73512250 16295034232 1401691204 145 167863666 3537944559
======================
   8      16 sdb 51663565 33647 11755809308 2136424695 25999540 73512267 16296543176 1402284732 150 167868669 3538534750
======================
   8      16 sdb 51663572 33647 11755809364 2136426538 26001972 73512283 16298073856 1402857042 37 167873672 3539101179
======================
   8      16 sdb 51663577 33647 11755809404 2136427913 26004406 73512288 16299604528 1403445070 65 167878676 3539702324
======================
   8      16 sdb 51663583 33647 11755809452 2136429284 26006836 73512306 16301131640 1404059952 151 167883678 3540326111
======================
   8      16 sdb 51663590 33647 11755809508 2136431370 26009240 73512326 16302643648 1404590709 145 167888680 3540858975
======================
   8      16 sdb 51663595 33647 11755809548 2136432529 26011544 73512341 16304092640 1405226154 29 167893682 3541481482
======================
   8      16 sdb 51663601 33647 11755809596 2136434245 26013911 73512358 16305580440 1405797852 156 167898686 3542067326
======================
   8      16 sdb 51663608 33647 11755809652 2136436194 26016236 73512376 16307042136 1406355375 130 167903688 3542619658
======================
   8      16 sdb 51663613 33647 11755809692 2136437648 26018589 73512391 16308523112 1406939562 58 167908691 3543206262
======================
   8      16 sdb 51663620 33647 11755809748 2136439729 26020894 73512408 16309972000 1407453679 151 167913693 3543727411
======================
   8      16 sdb 51663625 33647 11755809788 2136440904 26023249 73512426 16311450992 1408066041 1 167918695 3544321572
======================
   8      16 sdb 51663631 33647 11755809836 2136442885 26025593 73512445 16312924736 1408601165 128 167923698 3544880972
======================
   8      16 sdb 51663638 33647 11755809892 2136444923 26027878 73512461 16314360936 1409116429 142 167928701 3545389315
======================
   8      16 sdb 51663643 33647 11755809932 2136446432 26030186 73512476 16315812232 1409713958 150 167933704 3545996000
======================
   8      16 sdb 51663649 33647 11755809980 2136448323 26032508 73512495 16317271256 1410279503 154 167938707 3546557286
======================
   8      16 sdb 51663655 33647 11755810028 2136450067 26034784 73512511 16318702592 1410803647 143 167943710 3547089052
======================
   8      16 sdb 51663661 33647 11755810076 2136451871 26037045 73512527 16320124960 1411388742 130 167948713 3547656668
======================
   8      16 sdb 51663667 33647 11755810124 2136453460 26039383 73512546 16321593968 1411936258 131 167953716 3548224261
======================
   8      16 sdb 51663673 33647 11755810172 2136455677 26041675 73512562 16323034912 1412447833 132 167958717 3548730123
======================
   8      16 sdb 51663678 33647 11755810212 2136457306 26044003 73512579 16324498768 1413023671 98 167963719 3549314672
======================
   8      16 sdb 51663685 33647 11755810268 2136459381 26046288 73512597 16325935248 1413562066 143 167968721 3549858666
======================
   8      16 sdb 51663690 33647 11755810308 2136460918 26048617 73512613 16327398472 1414128581 73 167973724 3550420254
======================
   8      16 sdb 51663696 33647 11755810356 2136462941 26050899 73512629 16328834280 1414685696 129 167978727 3550984955
======================
   8      16 sdb 51663702 33647 11755810404 2136464782 26053164 73512648 16330256072 1415231863 115 167983730 3551534727
======================
   8      16 sdb 51663708 33647 11755810452 2136466450 26055420 73512662 16331675224 1415824861 133 167988732 3552119649
======================
   8      16 sdb 51663713 33647 11755810492 2136467683 26057710 73512675 16333116504 1416405243 152 167993735 3552708845
started
======================
   8      16 sdb 51663839 33647 11755811494 2136469662 26059024 73512700 16333932856 1416718047 0 167996805 3553001837
======================
   8      16 sdb 51664825 33647 11756044990 2136511224 26059027 73512704 16333932912 1416718047 10 168001492 3553043916
======================
   8      16 sdb 51665892 33647 11756318142 2136567176 26059027 73512704 16333932912 1416718047 9 168006495 3553099916
======================
   8      16 sdb 51666977 33647 11756595646 2136619630 26059027 73512704 16333932912 1416718047 13 168011497 3553152064
======================
   8      16 sdb 51668055 33647 11756871614 2136671493 26059027 73512704 16333932912 1416718047 7 168016500 3553204254
======================
   8      16 sdb 51669157 33647 11757153726 2136723198 26059027 73512704 16333932912 1416718047 6 168021504 3553255692
======================
   8      16 sdb 51670272 33647 11757439166 2136773094 26059027 73512704 16333932912 1416718047 10 168026507 3553305615
======================
   8      16 sdb 51671358 33647 11757717182 2136825358 26059027 73512704 16333932912 1416718047 3 168031510 3553357783
======================
   8      16 sdb 51672446 33647 11757995710 2136876781 26059029 73512706 16333932944 1416718047 12 168036514 3553409174
======================
   8      16 sdb 51673553 33647 11758279102 2136929847 26059029 73512706 16333932944 1416718047 5 168041517 3553462414
======================
   8      16 sdb 51674625 33647 11758553534 2136981838 26059029 73512706 16333932944 1416718047 18 168046521 3553515053
======================
   8      16 sdb 51675725 33647 11758835134 2137035048 26059029 73512706 16333932944 1416718047 10 168051524 3553567597
======================
   8      16 sdb 51676827 33647 11759117246 2137088124 26059029 73512706 16333932944 1416718047 6 168056528 3553620480
======================
   8      16 sdb 51677882 33647 11759387326 2137141320 26059029 73512706 16333932944 1416718047 9 168061531 3553673838
======================
   8      16 sdb 51678948 33647 11759660222 2137197161 26059029 73512706 16333932944 1416718047 13 168066534 3553729746
======================
   8      16 sdb 51680033 33647 11759937726 2137248783 26059029 73512706 16333932944 1416718047 15 168071538 3553781430
======================
   8      16 sdb 51681138 33647 11760220606 2137299876 26059029 73512706 16333932944 1416718047 16 168076552 3553832618
======================
   8      16 sdb 51682228 33647 11760498878 2137351312 26059029 73512706 16333932944 1416718047 9 168081555 3553883939
======================
   8      16 sdb 51683302 33647 11760773054 2137402866 26059029 73512706 16333932944 1416718047 8 168086558 3553935856
======================
   8      16 sdb 51684406 33647 11761052862 2137455109 26059029 73512706 16333932944 1416718047 6 168091562 3553987504
======================
   8      16 sdb 51685491 33647 11761327294 2137505162 26059029 73512706 16333932944 1416718047 9 168096566 3554038049
======================
   8      16 sdb 51686582 33647 11761606334 2137556392 26059029 73512706 16333932944 1416718047 6 168101569 3554088894
======================
   8      16 sdb 51687643 33647 11761877950 2137608042 26059029 73512706 16333932944 1416718047 9 168106572 3554140730
======================
   8      16 sdb 51688695 33647 11762147262 2137659050 26059029 73512706 16333932944 1416718047 9 168111575 3554191638
======================
   8      16 sdb 51689730 33647 11762412222 2137710006 26059029 73512706 16333932944 1416718047 13 168116579 3554242440
======================
   8      16 sdb 51690832 33647 11762694078 2137759399 26059029 73512706 16333932944 1416718047 10 168121582 3554292346
======================
   8      16 sdb 51691974 33647 11762986430 2137814177 26059029 73512706 16333932944 1416718047 13 168126585 3554346760
======================
   8      16 sdb 51693064 33647 11763265214 2137866587 26059029 73512706 16333932944 1416718047 10 168131588 3554399100
======================
   8      16 sdb 51694185 33647 11763552190 2137918407 26059029 73512706 16333932944 1416718047 7 168136591 3554451075
======================
   8      16 sdb 51695235 33647 11763820990 2137967519 26059029 73512706 16333932944 1416718047 10 168141594 3554499680
======================
   8      16 sdb 51696316 33647 11764097726 2138018314 26059029 73512706 16333932944 1416718047 15 168146597 3554550967
======================
   8      16 sdb 51697376 33647 11764369086 2138070406 26059029 73512706 16333932944 1416718047 3 168151602 3554602853
======================
   8      16 sdb 51698459 33647 11764646334 2138122771 26059029 73512706 16333932944 1416718047 13 168156605 3554655722
======================
   8      16 sdb 51699546 33647 11764924606 2138173882 26059029 73512706 16333932944 1416718047 13 168161608 3554706462
======================
   8      16 sdb 51700655 33647 11765207998 2138226552 26059029 73512706 16333932944 1416718047 11 168166611 3554758801
======================
   8      16 sdb 51701749 33647 11765487294 2138277299 26059029 73512706 16333932944 1416718047 6 168171614 3554809605
======================
   8      16 sdb 51702852 33647 11765767358 2138330188 26059029 73512706 16333932944 1416718047 4 168176617 3554862541
======================
   8      16 sdb 51703948 33647 11766046142 2138381288 26059029 73512706 16333932944 1416718047 8 168181620 3554913852
======================
   8      16 sdb 51705014 33647 11766317758 2138432326 26059029 73512706 16333932944 1416718047 10 168186624 3554964881
======================
   8      16 sdb 51706093 33647 11766592446 2138481412 26059029 73512706 16333932944 1416718047 8 168191628 3555014117
======================
   8      16 sdb 51707173 33647 11766868670 2138534772 26059029 73512706 16333932944 1416718047 9 168196631 3555067365
======================
   8      16 sdb 51708209 33647 11767133886 2138587023 26059029 73512706 16333932944 1416718047 10 168201635 3555119739
======================
   8      16 sdb 51709288 33647 11767410110 2138637293 26059029 73512706 16333932944 1416718047 17 168206638 3555169523
======================
   8      16 sdb 51710379 33647 11767689406 2138691765 26059029 73512706 16333932944 1416718047 4 168211640 3555224290
======================
   8      16 sdb 51711467 33647 11767967934 2138741921 26059029 73512706 16333932944 1416718047 8 168216643 3555274639
======================
   8      16 sdb 51712567 33647 11768249534 2138791878 26059029 73512706 16333932944 1416718047 3 168221646 3555324215
======================
   8      16 sdb 51713640 33647 11768524222 2138841810 26059029 73512706 16333932944 1416718047 10 168226651 3555374749
======================
   8      16 sdb 51714703 33647 11768796350 2138893519 26059029 73512706 16333932944 1416718047 7 168231655 3555426308
======================
   8      16 sdb 51715799 33647 11769076926 2138946995 26059029 73512706 16333932944 1416718047 8 168236658 3555479556
======================
   8      16 sdb 51716851 33647 11769346238 2138998049 26059029 73512706 16333932944 1416718047 3 168241661 3555530308
======================
   8      16 sdb 51717927 33647 11769621694 2139048330 26059029 73512706 16333932944 1416718047 15 168246664 3555580789
======================
   8      16 sdb 51719024 33647 11769902014 2139099853 26059029 73512706 16333932944 1416718047 13 168251667 3555632512
======================
   8      16 sdb 51720101 33647 11770176958 2139150401 26059029 73512706 16333932944 1416718047 6 168256670 3555682626
======================
   8      16 sdb 51721177 33647 11770452158 2139200715 26059029 73512706 16333932944 1416718047 9 168261674 3555733110
======================
   8      16 sdb 51722289 33647 11770736574 2139252611 26059029 73512706 16333932944 1416718047 8 168266677 3555785144
======================
   8      16 sdb 51723356 33647 11771007422 2139306711 26059029 73512706 16333932944 1416718047 14 168271681 3555839597
======================
   8      16 sdb 51724431 33647 11771281598 2139357789 26059029 73512706 16333932944 1416718047 18 168276684 3555890071
======================
   8      16 sdb 51725520 33647 11771557822 2139411305 26059029 73512706 16333932944 1416718047 11 168281687 3555944010
======================
   8      16 sdb 51726598 33647 11771833022 2139461883 26059029 73512706 16333932944 1416718047 10 168286690 3555994606
======================
   8      16 sdb 51727712 33647 11772118206 2139512800 26059029 73512706 16333932944 1416718047 9 168291693 3556045589
======================
   8      16 sdb 51728768 33647 11772388542 2139564644 26059029 73512706 16333932944 1416718047 13 168296696 3556097332
======================
   8      16 sdb 51729841 33647 11772663230 2139617066 26059029 73512706 16333932944 1416718047 13 168301714 3556149289
======================
   8      16 sdb 51730903 33647 11772935102 2139666892 26059029 73512706 16333932944 1416718047 5 168306718 3556199263
======================
   8      16 sdb 51731921 33647 11773195710 2139718665 26059029 73512706 16333932944 1416718047 5 168311721 3556251143
======================
   8      16 sdb 51732978 33647 11773466302 2139770483 26059029 73512706 16333932944 1416718047 5 168316724 3556302813
======================
   8      16 sdb 51734036 33647 11773737150 2139824916 26059029 73512706 16333932944 1416718047 7 168321728 3556357460
======================
   8      16 sdb 51735100 33647 11774009534 2139875829 26059029 73512706 16333932944 1416718047 21 168326731 3556408693
======================
   8      16 sdb 51736191 33647 11774288830 2139926665 26059029 73512706 16333932944 1416718047 14 168331734 3556459199
======================
   8      16 sdb 51737260 33647 11774562238 2139979065 26059029 73512706 16333932944 1416718047 10 168336737 3556512061
======================
   8      16 sdb 51738348 33647 11774839742 2140032657 26059029 73512706 16333932944 1416718047 15 168341740 3556564986
======================
   8      16 sdb 51739439 33647 11775119038 2140083043 26059029 73512706 16333932944 1416718047 7 168346744 3556615839
======================
   8      16 sdb 51740557 33647 11775404734 2140137083 26059029 73512706 16333932944 1416718047 14 168351747 3556669204
======================
   8      16 sdb 51741635 33647 11775678974 2140188922 26059029 73512706 16333932944 1416718047 16 168356750 3556722244
======================
   8      16 sdb 51742745 33647 11775961790 2140242897 26059029 73512706 16333932944 1416718047 9 168361754 3556775127
======================
   8      16 sdb 51743803 33647 11776231870 2140293665 26059029 73512706 16333932944 1416718047 6 168366757 3556826039
======================
   8      16 sdb 51744861 33647 11776502206 2140347927 26059029 73512706 16333932944 1416718047 6 168371760 3556880365
======================
   8      16 sdb 51745939 33647 11776777150 2140400563 26059029 73512706 16333932944 1416718047 6 168376764 3556933129
======================
   8      16 sdb 51747060 33647 11777063358 2140454143 26059029 73512706 16333932944 1416718047 3 168381767 3556986450
======================
   8      16 sdb 51748134 33647 11777338302 2140507785 26059029 73512706 16333932944 1416718047 12 168386770 3557040466
======================
   8      16 sdb 51749221 33647 11777616574 2140560795 26059029 73512706 16333932944 1416718047 3 168391773 3557093113
======================
   8      16 sdb 51750334 33647 11777901502 2140614344 26059029 73512706 16333932944 1416718047 5 168396775 3557146725
======================
   8      16 sdb 51751418 33647 11778179006 2140666434 26059029 73512706 16333932944 1416718047 15 168401779 3557198828
======================
   8      16 sdb 51752541 33647 11778466494 2140719667 26059029 73512706 16333932944 1416718047 16 168406782 3557252189
======================
   8      16 sdb 51753645 33647 11778749118 2140772591 26059029 73512706 16333932944 1416718047 15 168411785 3557304735
======================
   8      16 sdb 51754743 33647 11779030206 2140824337 26059029 73512706 16333932944 1416718047 5 168416788 3557356684
======================
   8      16 sdb 51755859 33647 11779315390 2140877334 26059029 73512706 16333932944 1416718047 18 168421790 3557409444
======================
   8      16 sdb 51756945 33647 11779592638 2140926842 26059029 73512706 16333932944 1416718047 6 168426794 3557459252
======================
   8      16 sdb 51758062 33647 11779878334 2140977803 26059029 73512706 16333932944 1416718047 14 168431798 3557510273
======================
   8      16 sdb 51759177 33647 11780163774 2141030548 26059029 73512706 16333932944 1416718047 18 168436802 3557562726
======================
   8      16 sdb 51760294 33647 11780449726 2141084087 26059029 73512706 16333932944 1416718047 8 168441805 3557616335
======================
   8      16 sdb 51761417 33647 11780736958 2141138775 26059029 73512706 16333932944 1416718047 13 168446810 3557671513
======================
   8      16 sdb 51762522 33647 11781017278 2141191405 26059029 73512706 16333932944 1416718047 9 168451813 3557723898
======================
   8      16 sdb 51763641 33647 11781302974 2141244969 26059029 73512706 16333932944 1416718047 20 168456814 3557777564
======================
   8      16 sdb 51764719 33647 11781578430 2141295276 26059029 73512706 16333932944 1416718047 5 168461817 3557827757
======================
   8      16 sdb 51765805 33647 11781855678 2141348509 26059029 73512706 16333932944 1416718047 9 168466821 3557880942
======================
   8      16 sdb 51766926 33647 11782141374 2141403970 26059029 73512706 16333932944 1416718047 10 168471824 3557936357
======================
   8      16 sdb 51768052 33647 11782429374 2141454861 26059029 73512706 16333932944 1416718047 13 168476827 3557987408
======================
   8      16 sdb 51769159 33647 11782712766 2141505635 26059029 73512706 16333932944 1416718047 8 168481830 3558038103
======================
   8      16 sdb 51770222 33647 11782984894 2141558504 26059029 73512706 16333932944 1416718047 4 168486832 3558090629
======================
   8      16 sdb 51771316 33647 11783264958 2141610438 26059029 73512706 16333932944 1416718047 13 168491835 3558142898
======================
   8      16 sdb 51772408 33647 11783544510 2141662440 26059029 73512706 16333932944 1416718047 10 168496839 3558194889
======================
   8      16 sdb 51773511 33647 11783826622 2141715469 26059029 73512706 16333932944 1416718047 9 168501841 3558247750
======================
   8      16 sdb 51774633 33647 11784113598 2141767582 26059029 73512706 16333932944 1416718047 13 168506844 3558299880
======================
   8      16 sdb 51775762 33647 11784402110 2141818181 26059029 73512706 16333932944 1416718047 13 168511848 3558350916
======================
   8      16 sdb 51776850 33647 11784680126 2141868328 26059029 73512706 16333932944 1416718047 7 168516865 3558400594
======================
   8      16 sdb 51777951 33647 11784961982 2141917509 26059029 73512706 16333932944 1416718047 16 168521868 3558450404
======================
   8      16 sdb 51779028 33647 11785236926 2141968684 26059029 73512706 16333932944 1416718047 7 168526871 3558500930
======================
   8      16 sdb 51780114 33647 11785514430 2142017940 26059029 73512706 16333932944 1416718047 12 168531874 3558550664
======================
   8      16 sdb 51781194 33647 11785789118 2142071095 26059029 73512706 16333932944 1416718047 16 168536878 3558603720
======================
   8      16 sdb 51782280 33647 11786066110 2142124587 26059029 73512706 16333932944 1416718047 15 168541881 3558657345
======================
   8      16 sdb 51783368 33647 11786343870 2142173866 26059029 73512706 16333932944 1416718047 16 168546884 3558706366
======================
   8      16 sdb 51784475 33647 11786627262 2142226334 26059029 73512706 16333932944 1416718047 17 168551887 3558758418
======================
   8      16 sdb 51785563 33647 11786905790 2142278522 26059029 73512706 16333932944 1416718047 15 168556889 3558810973
======================
   8      16 sdb 51786680 33647 11787190974 2142333407 26059029 73512706 16333932944 1416718047 16 168561892 3558865449
======================
   8      16 sdb 51787804 33647 11787477694 2142384280 26059029 73512706 16333932944 1416718047 15 168566896 3558916648
======================
   8      16 sdb 51788903 33647 11787758526 2142435236 26059029 73512706 16333932944 1416718047 16 168571899 3558967507
======================
   8      16 sdb 51790006 33647 11788040894 2142489647 26059029 73512706 16333932944 1416718047 3 168576902 3559021822
======================
   8      16 sdb 51791092 33647 11788318910 2142540548 26059029 73512706 16333932944 1416718047 17 168581905 3559073277
======================
   8      16 sdb 51792174 33647 11788595646 2142591281 26059029 73512706 16333932944 1416718047 8 168586910 3559123719
======================
   8      16 sdb 51793267 33647 11788874942 2142644196 26059029 73512706 16333932944 1416718047 18 168591913 3559176362
======================
   8      16 sdb 51794367 33647 11789155774 2142696451 26059029 73512706 16333932944 1416718047 7 168596917 3559228712
======================
   8      16 sdb 51795446 33647 11789431742 2142747283 26059029 73512706 16333932944 1416718047 11 168601920 3559279816
======================
   8      16 sdb 51796536 33647 11789710782 2142798403 26059029 73512706 16333932944 1416718047 3 168606923 3559330549
======================
   8      16 sdb 51797601 33647 11789983422 2142850372 26059029 73512706 16333932944 1416718047 7 168611926 3559382918
======================
   8      16 sdb 51798695 33647 11790263486 2142902766 26059029 73512706 16333932944 1416718047 9 168616930 3559435151
======================
   8      16 sdb 51799727 33647 11790527678 2142957767 26059029 73512706 16333932944 1416718047 21 168621933 3559490862
======================
   8      16 sdb 51800850 33647 11790814654 2143010054 26059029 73512706 16333932944 1416718047 16 168626937 3559542365
======================
   8      16 sdb 51801951 33647 11791094206 2143061046 26059029 73512706 16333932944 1416718047 6 168631939 3559593247
======================
   8      16 sdb 51803057 33647 11791376574 2143111462 26059029 73512706 16333932944 1416718047 16 168636942 3559643525
======================
   8      16 sdb 51804137 33647 11791652286 2143161644 26059029 73512706 16333932944 1416718047 9 168641945 3559693897
======================
   8      16 sdb 51805231 33647 11791932350 2143212372 26059029 73512706 16333932944 1416718047 4 168646948 3559744652
======================
   8      16 sdb 51806344 33647 11792217278 2143264835 26059029 73512706 16333932944 1416718047 12 168651952 3559797462
======================
   8      16 sdb 51807442 33647 11792497854 2143320074 26059029 73512706 16333932944 1416718047 10 168656957 3559852392
======================
   8      16 sdb 51808495 33647 11792767166 2143371178 26059029 73512706 16333932944 1416718047 13 168661959 3559903330
======================
   8      16 sdb 51809583 33647 11793044926 2143422877 26059029 73512706 16333932944 1416718047 7 168666962 3559955260
======================
   8      16 sdb 51810689 33647 11793327806 2143473234 26059029 73512706 16333932944 1416718047 11 168671965 3560005435
======================
   8      16 sdb 51811794 33647 11793609918 2143524732 26059029 73512706 16333932944 1416718047 9 168676969 3560057096
======================
   8      16 sdb 51812898 33647 11793892286 2143578251 26059029 73512706 16333932944 1416718047 10 168681972 3560110621
======================
   8      16 sdb 51813983 33647 11794169790 2143629088 26059029 73512706 16333932944 1416718047 16 168686975 3560161479
======================
   8      16 sdb 51815066 33647 11794447038 2143680127 26059029 73512706 16333932944 1416718047 11 168691978 3560212560
======================
   8      16 sdb 51816146 33647 11794723518 2143734251 26059029 73512706 16333932944 1416718047 16 168696980 3560266371
======================
   8      16 sdb 51817262 33647 11795009214 2143788781 26059029 73512706 16333932944 1416718047 5 168701983 3560321238
======================
   8      16 sdb 51818374 33647 11795293886 2143840546 26059029 73512706 16333932944 1416718047 15 168706987 3560372869
======================
   8      16 sdb 51819448 33647 11795568830 2143895169 26059029 73512706 16333932944 1416718047 3 168711990 3560427273
======================
   8      16 sdb 51820543 33647 11795849150 2143947429 26059029 73512706 16333932944 1416718047 6 168716993 3560479583
======================
   8      16 sdb 51821622 33647 11796125374 2144000629 26059029 73512706 16333932944 1416718047 13 168721996 3560533301
======================
   8      16 sdb 51822728 33647 11796408510 2144051711 26059029 73512706 16333932944 1416718047 13 168727000 3560584255
======================
   8      16 sdb 51823813 33647 11796686270 2144103253 26059029 73512706 16333932944 1416718047 14 168732003 3560636039
======================
   8      16 sdb 51824896 33647 11796963518 2144156545 26059029 73512706 16333932944 1416718047 4 168737005 3560688774
======================
   8      16 sdb 51826009 33647 11797248446 2144207240 26059029 73512706 16333932944 1416718047 13 168742008 3560739687
======================
   8      16 sdb 51827096 33647 11797526718 2144257994 26059029 73512706 16333932944 1416718047 4 168747011 3560790196
======================
   8      16 sdb 51828205 33647 11797810622 2144307085 26059029 73512706 16333932944 1416718047 15 168752014 3560839319
======================
   8      16 sdb 51829285 33647 11798087102 2144355879 26059029 73512706 16333932944 1416718047 12 168757017 3560888716
======================
   8      16 sdb 51830333 33647 11798355390 2144408581 26059029 73512706 16333932944 1416718047 5 168762021 3560940954
======================
   8      16 sdb 51831420 33647 11798633662 2144459761 26059029 73512706 16333932944 1416718047 10 168767024 3560992393
======================
   8      16 sdb 51832511 33647 11798912958 2144511101 26059029 73512706 16333932944 1416718047 8 168772027 3561043465
======================
   8      16 sdb 51833594 33647 11799190206 2144562960 26059029 73512706 16333932944 1416718047 9 168777031 3561095319
======================
   8      16 sdb 51834707 33647 11799475134 2144614201 26059029 73512706 16333932944 1416718047 9 168782034 3561146820
======================
   8      16 sdb 51835819 33647 11799759806 2144663415 26059029 73512706 16333932944 1416718047 5 168787038 3561195690
======================
   8      16 sdb 51836874 33647 11800029630 2144714551 26059029 73512706 16333932944 1416718047 23 168792042 3561247059
======================
   8      16 sdb 51837974 33647 11800311230 2144764176 26059029 73512706 16333932944 1416718047 13 168797046 3561297002
======================
   8      16 sdb 51839065 33647 11800590526 2144814029 26059029 73512706 16333932944 1416718047 11 168802051 3561346282
======================
   8      16 sdb 51840171 33647 11800873662 2144863784 26059029 73512706 16333932944 1416718047 2 168807054 3561395963
======================
   8      16 sdb 51841293 33647 11801160638 2144916450 26059029 73512706 16333932944 1416718047 9 168812057 3561448428
======================
   8      16 sdb 51842414 33647 11801447614 2144967626 26059029 73512706 16333932944 1416718047 5 168817060 3561499867
======================
   8      16 sdb 51843512 33647 11801728702 2145020885 26059029 73512706 16333932944 1416718047 5 168822064 3561553348
======================
   8      16 sdb 51844642 33647 11802017982 2145074133 26059029 73512706 16333932944 1416718047 15 168827067 3561606609
======================
   8      16 sdb 51845734 33647 11802297534 2145125867 26059029 73512706 16333932944 1416718047 10 168832069 3561658405
======================
   8      16 sdb 51846827 33647 11802577342 2145179037 26059029 73512706 16333932944 1416718047 7 168837072 3561711398
======================
   8      16 sdb 51847911 33647 11802854846 2145233722 26059029 73512706 16333932944 1416718047 18 168842075 3561766190
======================
   8      16 sdb 51849011 33647 11803136446 2145286609 26059029 73512706 16333932944 1416718047 7 168847079 3561818855
======================
   8      16 sdb 51850098 33647 11803414718 2145339972 26059029 73512706 16333932944 1416718047 5 168852082 3561872470
======================
   8      16 sdb 51851209 33647 11803699134 2145391281 26059029 73512706 16333932944 1416718047 18 168857085 3561923467
======================
   8      16 sdb 51852315 33647 11803982014 2145445016 26059029 73512706 16333932944 1416718047 11 168862088 3561977082
======================
   8      16 sdb 51853395 33647 11804258494 2145494861 26059029 73512706 16333932944 1416718047 13 168867094 3562027270
======================
   8      16 sdb 51854476 33647 11804535230 2145547123 26059029 73512706 16333932944 1416718047 7 168872097 3562079621
======================
   8      16 sdb 51855576 33647 11804816830 2145597183 26059029 73512706 16333932944 1416718047 14 168877100 3562129513
======================
   8      16 sdb 51856685 33647 11805100734 2145649420 26059029 73512706 16333932944 1416718047 12 168882103 3562181951
======================
   8      16 sdb 51857759 33647 11805375678 2145703747 26059029 73512706 16333932944 1416718047 9 168887107 3562236120
======================
   8      16 sdb 51858842 33647 11805652926 2145756743 26059029 73512706 16333932944 1416718047 10 168892110 3562289041
======================
   8      16 sdb 51859936 33647 11805932990 2145810662 26059029 73512706 16333932944 1416718047 13 168897113 3562343651
======================
   8      16 sdb 51861034 33647 11806214078 2145867100 26059029 73512706 16333932944 1416718047 4 168902116 3562399298
======================
   8      16 sdb 51862132 33647 11806495166 2145921249 26059029 73512706 16333932944 1416718047 11 168907120 3562454194
======================
   8      16 sdb 51863208 33647 11806770622 2145972842 26059029 73512706 16333932944 1416718047 11 168912124 3562505164
======================
   8      16 sdb 51864295 33647 11807048894 2146021517 26059029 73512706 16333932944 1416718047 8 168917126 3562554019
======================
   8      16 sdb 51865409 33647 11807334078 2146072301 26059029 73512706 16333932944 1416718047 13 168922130 3562604776
======================
   8      16 sdb 51866525 33647 11807619774 2146120729 26059029 73512706 16333932944 1416718047 5 168927133 3562652941
======================
   8      16 sdb 51867650 33647 11807907518 2146171530 26059029 73512706 16333932944 1416718047 10 168932137 3562703881
======================
   8      16 sdb 51868752 33647 11808189630 2146222875 26059029 73512706 16333932944 1416718047 17 168937141 3562754797
======================
   8      16 sdb 51869855 33647 11808471998 2146272259 26059029 73512706 16333932944 1416718047 6 168942144 3562804407
======================
   8      16 sdb 51870994 33647 11808763582 2146324554 26059029 73512706 16333932944 1416718047 18 168947147 3562857256
======================
   8      16 sdb 51872098 33647 11809046206 2146378032 26059029 73512706 16333932944 1416718047 8 168952151 3562910391
======================
   8      16 sdb 51873207 33647 11809329854 2146429444 26059029 73512706 16333932944 1416718047 12 168957154 3562961673
======================
   8      16 sdb 51874326 33647 11809616318 2146481943 26059029 73512706 16333932944 1416718047 8 168962158 3563014567
======================
   8      16 sdb 51875458 33647 11809906110 2146534408 26059029 73512706 16333932944 1416718047 9 168967162 3563067101
======================
   8      16 sdb 51876546 33647 11810184638 2146586290 26059029 73512706 16333932944 1416718047 9 168972166 3563118346
======================
   8      16 sdb 51877635 33647 11810463422 2146637494 26059029 73512706 16333932944 1416718047 10 168977169 3563169845
======================
   8      16 sdb 51878732 33647 11810744254 2146689600 26059029 73512706 16333932944 1416718047 12 168982172 3563221854
======================
   8      16 sdb 51879814 33647 11811021246 2146739846 26059029 73512706 16333932944 1416718047 19 168987175 3563271874
======================
   8      16 sdb 51880858 33647 11811288510 2146789620 26059029 73512706 16333932944 1416718047 11 168992179 3563322079
======================
   8      16 sdb 51881956 33647 11811569342 2146840657 26059029 73512706 16333932944 1416718047 10 168997182 3563372647
======================
   8      16 sdb 51883060 33647 11811851966 2146891501 26059029 73512706 16333932944 1416718047 13 169002186 3563423602
======================
   8      16 sdb 51884176 33647 11812137662 2146942014 26059029 73512706 16333932944 1416718047 3 169007190 3563473977
======================
   8      16 sdb 51885283 33647 11812421054 2146992570 26059029 73512706 16333932944 1416718047 4 169012193 3563524578
======================
   8      16 sdb 51886372 33647 11812699838 2147043791 26059029 73512706 16333932944 1416718047 11 169017197 3563576529
======================
   8      16 sdb 51887467 33647 11812980158 2147092376 26059029 73512706 16333932944 1416718047 6 169022200 3563624652
======================
   8      16 sdb 51888548 33647 11813256894 2147138368 26059029 73512706 16333932944 1416718047 8 169027203 3563670749
======================
   8      16 sdb 51889669 33647 11813543870 2147189100 26059029 73512706 16333932944 1416718047 18 169032206 3563721250
======================
   8      16 sdb 51890762 33647 11813823678 2147240683 26059029 73512706 16333932944 1416718047 16 169037208 3563772688
======================
   8      16 sdb 51891923 33647 11814120894 2147291661 26059029 73512706 16333932944 1416718047 4 169042212 3563823628
======================
   8      16 sdb 51893032 33647 11814404798 2147342587 26059029 73512706 16333932944 1416718047 5 169047216 3563874758
======================
   8      16 sdb 51894139 33647 11814688190 2147398608 26059029 73512706 16333932944 1416718047 7 169052219 3563930750
======================
   8      16 sdb 51895232 33647 11814967998 2147451900 26059029 73512706 16333932944 1416718047 4 169057222 3563984061
======================
   8      16 sdb 51896335 33647 11815250366 2147504463 26059029 73512706 16333932944 1416718047 10 169062225 3564036886
======================
   8      16 sdb 51897442 33647 11815533758 2147555202 26059029 73512706 16333932944 1416718047 13 169067229 3564087537
======================
   8      16 sdb 51898567 33647 11815821758 2147605318 26059029 73512706 16333932944 1416718047 12 169072232 3564137478
======================
   8      16 sdb 51899672 33647 11816104638 2147657425 26059029 73512706 16333932944 1416718047 10 169077243 3564189871
======================
   8      16 sdb 51900759 33647 11816382654 2147708726 26059029 73512706 16333932944 1416718047 6 169082246 3564241023
======================
   8      16 sdb 51901853 33647 11816662718 2147758775 26059029 73512706 16333932944 1416718047 8 169087249 3564290744
======================
   8      16 sdb 51902919 33647 11816935614 2147809057 26059029 73512706 16333932944 1416718047 7 169092253 3564341567
======================
   8      16 sdb 51904034 33647 11817221054 2147860840 26059029 73512706 16333932944 1416718047 13 169097256 3564392969
======================
   8      16 sdb 51905143 33647 11817504958 2147910403 26059029 73512706 16333932944 1416718047 12 169102259 3564442594
======================
   8      16 sdb 51906221 33647 11817780926 2147962916 26059029 73512706 16333932944 1416718047 9 169107262 3564495125
======================
   8      16 sdb 51907318 33647 11818061502 2148016519 26059029 73512706 16333932944 1416718047 9 169112266 3564548780
======================
   8      16 sdb 51908365 33647 11818329534 2148065008 26059029 73512706 16333932944 1416718047 7 169117269 3564597217
======================
   8      16 sdb 51909512 33647 11818623166 2148118473 26059029 73512706 16333932944 1416718047 19 169122272 3564650510
======================
   8      16 sdb 51910595 33647 11818900414 2148168265 26059029 73512706 16333932944 1416718047 14 169127275 3564700146
======================
   8      16 sdb 51911681 33647 11819178430 2148218580 26059029 73512706 16333932944 1416718047 8 169132278 3564750699
======================
   8      16 sdb 51912762 33647 11819455166 2148269945 26059029 73512706 16333932944 1416718047 5 169137281 3564802049
======================
   8      16 sdb 51913852 33647 11819734206 2148317432 26059029 73512706 16333932944 1416718047 7 169142285 3564849795
======================
   8      16 sdb 51914980 33647 11820022718 2148371265 26059029 73512706 16333932944 1416718047 13 169147289 3564903643
======================
   8      16 sdb 51916048 33647 11820296126 2148422629 26059029 73512706 16333932944 1416718047 7 169152291 3564954928
======================
   8      16 sdb 51917141 33647 11820575934 2148475276 26059029 73512706 16333932944 1416718047 11 169157295 3565008045
======================
   8      16 sdb 51918254 33647 11820860862 2148524566 26059029 73512706 16333932944 1416718047 10 169162299 3565056589
======================
   8      16 sdb 51919344 33647 11821139902 2148577009 26059029 73512706 16333932944 1416718047 17 169167305 3565109346
======================
   8      16 sdb 51920424 33647 11821416382 2148632044 26059029 73512706 16333932944 1416718047 12 169172308 3565164434
======================
   8      16 sdb 51921517 33647 11821696190 2148684621 26059029 73512706 16333932944 1416718047 9 169177311 3565216690
======================
   8      16 sdb 51922616 33647 11821977534 2148736901 26059029 73512706 16333932944 1416718047 12 169182315 3565269341
======================
   8      16 sdb 51923675 33647 11822248638 2148788802 26059029 73512706 16333932944 1416718047 4 169187318 3565320877
======================
   8      16 sdb 51924772 33647 11822529470 2148840033 26059029 73512706 16333932944 1416718047 11 169192321 3565372333
======================
   8      16 sdb 51925898 33647 11822817726 2148889976 26059029 73512706 16333932944 1416718047 22 169197325 3565422318
======================
   8      16 sdb 51927019 33647 11823104702 2148943095 26059029 73512706 16333932944 1416718047 17 169202329 3565475120
======================
   8      16 sdb 51928134 33647 11823390142 2148991285 26059029 73512706 16333932944 1416718047 4 169207332 3565523295
======================
   8      16 sdb 51929244 33647 11823674302 2149040904 26059029 73512706 16333932944 1416718047 11 169212335 3565572951
======================
   8      16 sdb 51930328 33647 11823951806 2149092232 26059029 73512706 16333932944 1416718047 9 169217340 3565624491
======================
   8      16 sdb 51931430 33647 11824233918 2149144092 26059029 73512706 16333932944 1416718047 7 169222344 3565676359
======================
   8      16 sdb 51932550 33647 11824520382 2149195633 26059029 73512706 16333932944 1416718047 8 169227347 3565727717
======================
   8      16 sdb 51933656 33647 11824803518 2149247925 26059029 73512706 16333932944 1416718047 11 169232350 3565780070
======================
   8      16 sdb 51934745 33647 11825082302 2149299974 26059029 73512706 16333932944 1416718047 8 169237354 3565832078
======================
   8      16 sdb 51935853 33647 11825365950 2149353453 26059029 73512706 16333932944 1416718047 9 169242357 3565886000
======================
   8      16 sdb 51936914 33647 11825637566 2149405845 26059029 73512706 16333932944 1416718047 15 169247360 3565938078
======================
   8      16 sdb 51938013 33647 11825918910 2149458442 26059029 73512706 16333932944 1416718047 12 169252363 3565990464
======================
   8      16 sdb 51939145 33647 11826208702 2149512105 26059029 73512706 16333932944 1416718047 15 169257367 3566044294
======================
   8      16 sdb 51940246 33647 11826490558 2149563383 26059029 73512706 16333932944 1416718047 10 169262370 3566095846
======================
   8      16 sdb 51941302 33647 11826760894 2149616049 26059029 73512706 16333932944 1416718047 7 169267373 3566148247
======================
   8      16 sdb 51942425 33647 11827048126 2149670675 26059029 73512706 16333932944 1416718047 16 169272375 3566202900
======================
   8      16 sdb 51943523 33647 11827329214 2149724215 26059029 73512706 16333932944 1416718047 13 169277378 3566256359
======================
   8      16 sdb 51944645 33647 11827616446 2149777034 26059029 73512706 16333932944 1416718047 7 169282382 3566309243
======================
   8      16 sdb 51945745 33647 11827897790 2149826943 26059029 73512706 16333932944 1416718047 7 169287386 3566359200
======================
   8      16 sdb 51946826 33647 11828174526 2149880022 26059029 73512706 16333932944 1416718047 7 169292388 3566412199
======================
   8      16 sdb 51947943 33647 11828460478 2149929782 26059029 73512706 16333932944 1416718047 6 169297391 3566461944
======================
   8      16 sdb 51949038 33647 11828740798 2149979473 26059029 73512706 16333932944 1416718047 13 169302395 3566511416
======================
   8      16 sdb 51950161 33647 11829028286 2150032740 26059029 73512706 16333932944 1416718047 16 169307398 3566565444
======================
   8      16 sdb 51951292 33647 11829317822 2150085246 26059029 73512706 16333932944 1416718047 13 169312400 3566617563
======================
   8      16 sdb 51952424 33647 11829607614 2150135840 26059029 73512706 16333932944 1416718047 17 169317402 3566667999
======================
   8      16 sdb 51953497 33647 11829882302 2150187731 26059029 73512706 16333932944 1416718047 4 169322406 3566719708
======================
   8      16 sdb 51954574 33647 11830158014 2150237408 26059029 73512706 16333932944 1416718047 5 169327410 3566769458
======================
   8      16 sdb 51955668 33647 11830438078 2150288715 26059029 73512706 16333932944 1416718047 13 169332413 3566820680
======================
   8      16 sdb 51956757 33647 11830716862 2150340783 26059029 73512706 16333932944 1416718047 14 169337416 3566873047
======================
   8      16 sdb 51957833 33647 11830992318 2150392472 26059029 73512706 16333932944 1416718047 11 169342419 3566924640
======================
   8      16 sdb 51958946 33647 11831277246 2150444930 26059029 73512706 16333932944 1416718047 6 169347424 3566976969
======================
   8      16 sdb 51960047 33647 11831559102 2150496097 26059029 73512706 16333932944 1416718047 9 169352427 3567028563
======================
   8      16 sdb 51961174 33647 11831847614 2150548768 26059029 73512706 16333932944 1416718047 16 169357431 3567080683
======================
   8      16 sdb 51962267 33647 11832127422 2150601639 26059029 73512706 16333932944 1416718047 16 169362434 3567134566
======================
   8      16 sdb 51963371 33647 11832410046 2150654459 26059029 73512706 16333932944 1416718047 16 169367437 3567186687
======================
   8      16 sdb 51964475 33647 11832692670 2150704430 26059029 73512706 16333932944 1416718047 18 169372441 3567236411
======================
   8      16 sdb 51965555 33647 11832969150 2150755361 26059029 73512706 16333932944 1416718047 6 169377444 3567287647
======================
   8      16 sdb 51966644 33647 11833247678 2150808664 26059029 73512706 16333932944 1416718047 4 169382447 3567340751
======================
   8      16 sdb 51967751 33647 11833531070 2150858870 26059029 73512706 16333932944 1416718047 15 169387450 3567391087
======================
   8      16 sdb 51968830 33647 11833807294 2150909489 26059029 73512706 16333932944 1416718047 6 169392453 3567441697
======================
   8      16 sdb 51969921 33647 11834086590 2150958530 26059029 73512706 16333932944 1416718047 4 169397457 3567490634
======================
   8      16 sdb 51971022 33647 11834368446 2151010801 26059029 73512706 16333932944 1416718047 12 169402460 3567542733
======================
   8      16 sdb 51972133 33647 11834652862 2151060767 26059029 73512706 16333932944 1416718047 5 169407462 3567592947
======================
   8      16 sdb 51973258 33647 11834940606 2151110438 26059029 73512706 16333932944 1416718047 7 169412466 3567642540
======================
   8      16 sdb 51974370 33647 11835225278 2151158222 26059029 73512706 16333932944 1416718047 10 169417469 3567690391
======================
   8      16 sdb 51975475 33647 11835508158 2151207766 26059029 73512706 16333932944 1416718047 16 169422472 3567739622
======================
   8      16 sdb 51976598 33647 11835795646 2151256164 26059029 73512706 16333932944 1416718047 6 169427476 3567788406
======================
   8      16 sdb 51977695 33647 11836076478 2151304147 26059029 73512706 16333932944 1416718047 10 169432480 3567836193
======================
   8      16 sdb 51978856 33647 11836373694 2151353402 26059029 73512706 16333932944 1416718047 7 169437483 3567885457
======================
   8      16 sdb 51979951 33647 11836654014 2151402469 26059029 73512706 16333932944 1416718047 9 169442486 3567934526
======================
   8      16 sdb 51981073 33647 11836941246 2151451682 26059029 73512706 16333932944 1416718047 11 169447489 3567983753
======================
   8      16 sdb 51982171 33647 11837222334 2151501888 26059029 73512706 16333932944 1416718047 14 169452493 3568033911
======================
   8      16 sdb 51983285 33647 11837507518 2151552229 26059029 73512706 16333932944 1416718047 8 169457496 3568084224
======================
   8      16 sdb 51984415 33647 11837796798 2151602608 26059029 73512706 16333932944 1416718047 16 169462499 3568134689
======================
   8      16 sdb 51985528 33647 11838081726 2151654391 26059029 73512706 16333932944 1416718047 6 169467502 3568186414
======================
   8      16 sdb 51986627 33647 11838363070 2151707153 26059029 73512706 16333932944 1416718047 10 169472505 3568239278
======================
   8      16 sdb 51987684 33647 11838633662 2151755862 26059029 73512706 16333932944 1416718047 2 169477509 3568287873
======================
   8      16 sdb 51988792 33647 11838917310 2151804881 26059029 73512706 16333932944 1416718047 13 169482513 3568337211
======================
   8      16 sdb 51989881 33647 11839196094 2151852993 26059029 73512706 16333932944 1416718047 9 169487516 3568385426
======================
   8      16 sdb 51990981 33647 11839477694 2151903214 26059029 73512706 16333932944 1416718047 10 169492518 3568435233
======================
   8      16 sdb 51992083 33647 11839759806 2151954744 26059029 73512706 16333932944 1416718047 8 169497523 3568486971
======================
   8      16 sdb 51993181 33647 11840040894 2152009472 26059029 73512706 16333932944 1416718047 4 169502526 3568541514
======================
   8      16 sdb 51994298 33647 11840326846 2152058606 26059029 73512706 16333932944 1416718047 15 169507529 3568591077
======================
   8      16 sdb 51995391 33647 11840606654 2152108486 26059029 73512706 16333932944 1416718047 17 169512533 3568640907
======================
   8      16 sdb 51996530 33647 11840898238 2152161705 26059029 73512706 16333932944 1416718047 11 169517536 3568693673
======================
   8      16 sdb 51997605 33647 11841173438 2152209201 26059029 73512706 16333932944 1416718047 6 169522540 3568741495
======================
   8      16 sdb 51998677 33647 11841447870 2152260014 26059029 73512706 16333932944 1416718047 9 169527543 3568792122
======================
   8      16 sdb 51999793 33647 11841733566 2152308868 26059029 73512706 16333932944 1416718047 14 169532546 3568841365
======================
   8      16 sdb 52000895 33647 11842015678 2152358816 26059029 73512706 16333932944 1416718047 4 169537549 3568890645
======================
   8      16 sdb 52002041 33647 11842308798 2152409289 26059029 73512706 16333932944 1416718047 13 169542552 3568941876
======================
   8      16 sdb 52003161 33647 11842595518 2152457390 26059029 73512706 16333932944 1416718047 8 169547555 3568989411
======================
   8      16 sdb 52004296 33647 11842886078 2152508659 26059029 73512706 16333932944 1416718047 19 169552558 3569040793
======================
   8      16 sdb 52005413 33647 11843172030 2152562401 26059029 73512706 16333932944 1416718047 7 169557562 3569094423
======================
   8      16 sdb 52006530 33647 11843457726 2152616264 26059029 73512706 16333932944 1416718047 6 169562565 3569148267
======================
   8      16 sdb 52007632 33647 11843739838 2152668614 26059029 73512706 16333932944 1416718047 11 169567570 3569200668
======================
   8      16 sdb 52008751 33647 11844026302 2152717713 26059029 73512706 16333932944 1416718047 6 169572573 3569250109
======================
   8      16 sdb 52009849 33647 11844307390 2152766565 26059029 73512706 16333932944 1416718047 9 169577576 3569299056
======================
   8      16 sdb 52010953 33647 11844590014 2152817865 26059029 73512706 16333932944 1416718047 3 169582580 3569349721
======================
   8      16 sdb 52012078 33647 11844878014 2152865376 26059029 73512706 16333932944 1416718047 14 169587583 3569397513
======================
   8      16 sdb 52013189 33647 11845162430 2152915823 26059029 73512706 16333932944 1416718047 12 169592586 3569447849
======================
   8      16 sdb 52014319 33647 11845451710 2152965258 26059029 73512706 16333932944 1416718047 10 169597588 3569497450
======================
   8      16 sdb 52015430 33647 11845736126 2153017338 26059029 73512706 16333932944 1416718047 11 169602591 3569549200
======================
   8      16 sdb 52016570 33647 11846027966 2153067501 26059029 73512706 16333932944 1416718047 14 169607594 3569599831
======================
   8      16 sdb 52017716 33647 11846321342 2153116213 26059029 73512706 16333932944 1416718047 14 169612597 3569648158
======================
   8      16 sdb 52018818 33647 11846603454 2153166325 26059029 73512706 16333932944 1416718047 18 169617600 3569698057
======================
   8      16 sdb 52019922 33647 11846886078 2153217808 26059029 73512706 16333932944 1416718047 7 169622603 3569750153
======================
   8      16 sdb 52021066 33647 11847178942 2153266091 26059029 73512706 16333932944 1416718047 2 169627607 3569797869
======================
   8      16 sdb 52022144 33647 11847454910 2153316598 26059029 73512706 16333932944 1416718047 14 169632610 3569848530
======================
   8      16 sdb 52023222 33647 11847730878 2153368285 26059029 73512706 16333932944 1416718047 15 169637615 3569900316
======================
   8      16 sdb 52024367 33647 11848023998 2153420441 26059029 73512706 16333932944 1416718047 14 169642618 3569952852
======================
   8      16 sdb 52025464 33647 11848304830 2153469589 26059029 73512706 16333932944 1416718047 7 169647621 3570001372
======================
   8      16 sdb 52026611 33647 11848598462 2153522138 26059029 73512706 16333932944 1416718047 13 169652624 3570054332
======================
   8      16 sdb 52027703 33647 11848878014 2153572507 26059029 73512706 16333932944 1416718047 7 169657627 3570104679
======================
   8      16 sdb 52028848 33647 11849171134 2153623122 26059029 73512706 16333932944 1416718047 9 169662629 3570155150
======================
   8      16 sdb 52029961 33647 11849456062 2153677295 26059029 73512706 16333932944 1416718047 5 169667632 3570209075
======================
   8      16 sdb 52031105 33647 11849748926 2153728491 26059029 73512706 16333932944 1416718047 14 169672636 3570260491
======================
   8      16 sdb 52032194 33647 11850027710 2153782168 26059029 73512706 16333932944 1416718047 4 169677637 3570314137
======================
   8      16 sdb 52033303 33647 11850311614 2153835463 26059029 73512706 16333932944 1416718047 7 169682640 3570367616
======================
   8      16 sdb 52034427 33647 11850599358 2153885862 26059029 73512706 16333932944 1416718047 15 169687643 3570418601
======================
   8      16 sdb 52035529 33647 11850881470 2153938218 26059029 73512706 16333932944 1416718047 13 169692646 3570470580
======================
   8      16 sdb 52036627 33647 11851162558 2153993971 26059029 73512706 16333932944 1416718047 10 169697650 3570526317
======================
   8      16 sdb 52037731 33647 11851444670 2154044089 26059029 73512706 16333932944 1416718047 6 169702652 3570576342
======================
   8      16 sdb 52038837 33647 11851727806 2154094057 26059029 73512706 16333932944 1416718047 10 169707664 3570626054
======================
   8      16 sdb 52039955 33647 11852014014 2154148561 26059029 73512706 16333932944 1416718047 10 169712666 3570680495
======================
   8      16 sdb 52041061 33647 11852297150 2154201745 26059029 73512706 16333932944 1416718047 10 169717670 3570733795
======================
   8      16 sdb 52042160 33647 11852578494 2154252021 26059029 73512706 16333932944 1416718047 12 169722673 3570784027
======================
   8      16 sdb 52043262 33647 11852860862 2154305019 26059029 73512706 16333932944 1416718047 12 169727676 3570837133
======================
   8      16 sdb 52044375 33647 11853145534 2154355240 26059029 73512706 16333932944 1416718047 13 169732679 3570887548
======================
   8      16 sdb 52045467 33647 11853425086 2154408369 26059029 73512706 16333932944 1416718047 6 169737682 3570940176
======================
   8      16 sdb 52046580 33647 11853710014 2154456864 26059029 73512706 16333932944 1416718047 5 169742685 3570988781
======================
   8      16 sdb 52047662 33647 11853987006 2154508530 26059029 73512706 16333932944 1416718047 9 169747688 3571040648
======================
   8      16 sdb 52048752 33647 11854266046 2154558327 26059029 73512706 16333932944 1416718047 3 169752691 3571090123
======================
   8      16 sdb 52049883 33647 11854554814 2154612071 26059029 73512706 16333932944 1416718047 8 169757694 3571144025
======================
   8      16 sdb 52050967 33647 11854831550 2154660899 26059029 73512706 16333932944 1416718047 4 169762698 3571192832
======================
   8      16 sdb 52052060 33647 11855110334 2154712612 26059029 73512706 16333932944 1416718047 6 169767701 3571244663
======================
   8      16 sdb 52053156 33647 11855390654 2154761789 26059029 73512706 16333932944 1416718047 15 169772704 3571294077
======================
   8      16 sdb 52054281 33647 11855677630 2154815357 26059029 73512706 16333932944 1416718047 13 169777708 3571347801
======================
   8      16 sdb 52055370 33647 11855955198 2154867600 26059029 73512706 16333932944 1416718047 8 169782710 3571399413
======================
   8      16 sdb 52056494 33647 11856241854 2154917500 26059029 73512706 16333932944 1416718047 11 169787714 3571449984
======================
   8      16 sdb 52057627 33647 11856531902 2154965932 26059029 73512706 16333932944 1416718047 11 169792717 3571497764
======================
   8      16 sdb 52058760 33647 11856821694 2155018486 26059029 73512706 16333932944 1416718047 8 169797720 3571550548
======================
   8      16 sdb 52059852 33647 11857101246 2155068460 26059029 73512706 16333932944 1416718047 11 169802723 3571600833
======================
   8      16 sdb 52060954 33647 11857383358 2155123244 26059029 73512706 16333932944 1416718047 3 169807726 3571654924
======================
   8      16 sdb 52062017 33647 11857655486 2155173177 26059029 73512706 16333932944 1416718047 13 169812730 3571705846
======================
   8      16 sdb 52063074 33647 11857926078 2155226238 26059029 73512706 16333932944 1416718047 18 169817734 3571759220
======================
   8      16 sdb 52064190 33647 11858211774 2155279151 26059029 73512706 16333932944 1416718047 4 169822737 3571811047
======================
   8      16 sdb 52065260 33647 11858485438 2155329210 26059029 73512706 16333932944 1416718047 8 169827740 3571861557
======================
   8      16 sdb 52066355 33647 11858765758 2155381044 26059029 73512706 16333932944 1416718047 7 169832743 3571912781
======================
   8      16 sdb 52067480 33647 11859053246 2155433414 26059029 73512706 16333932944 1416718047 7 169837746 3571965598
======================
   8      16 sdb 52068570 33647 11859331774 2155484396 26059029 73512706 16333932944 1416718047 8 169842749 3572016558
======================
   8      16 sdb 52069701 33647 11859620542 2155537375 26059029 73512706 16333932944 1416718047 12 169847762 3572069112
======================
   8      16 sdb 52070828 33647 11859909054 2155586969 26059029 73512706 16333932944 1416718047 11 169852766 3572118942
======================
   8      16 sdb 52071953 33647 11860196798 2155636864 26059029 73512706 16333932944 1416718047 6 169857769 3572168573
======================
   8      16 sdb 52073114 33647 11860492734 2155688783 26059029 73512706 16333932944 1416718047 8 169862773 3572220701
======================
   8      16 sdb 52074274 33647 11860788926 2155739116 26059029 73512706 16333932944 1416718047 17 169867776 3572270858
======================
   8      16 sdb 52075412 33647 11861079486 2155791248 26059029 73512706 16333932944 1416718047 9 169872779 3572323036
======================
   8      16 sdb 52076518 33647 11861360574 2155843123 26059029 73512706 16333932944 1416718047 4 169877782 3572375208
======================
   8      16 sdb 52077624 33647 11861643454 2155895369 26059029 73512706 16333932944 1416718047 8 169882785 3572427191
======================
   8      16 sdb 52078787 33647 11861940926 2155947283 26059029 73512706 16333932944 1416718047 8 169887788 3572479552
======================
   8      16 sdb 52079938 33647 11862235326 2155996876 26059029 73512706 16333932944 1416718047 10 169892791 3572528923
======================
   8      16 sdb 52081085 33647 11862528958 2156051316 26059029 73512706 16333932944 1416718047 6 169897795 3572583319
======================
   8      16 sdb 52082215 33647 11862818238 2156102615 26059029 73512706 16333932944 1416718047 6 169902798 3572634754
======================
   8      16 sdb 52083343 33647 11863107006 2156151385 26059029 73512706 16333932944 1416718047 17 169907801 3572683492
======================
   8      16 sdb 52084472 33647 11863395774 2156203102 26059029 73512706 16333932944 1416718047 11 169912804 3572734891
======================
   8      16 sdb 52085618 33647 11863688894 2156253566 26059029 73512706 16333932944 1416718047 6 169917809 3572785459
======================
   8      16 sdb 52086746 33647 11863977086 2156304801 26059029 73512706 16333932944 1416718047 5 169922812 3572836782
======================
   8      16 sdb 52087861 33647 11864261822 2156354594 26059029 73512706 16333932944 1416718047 6 169927815 3572886394
======================
   8      16 sdb 52088992 33647 11864551358 2156405702 26059029 73512706 16333932944 1416718047 4 169932817 3572937628
======================
   8      16 sdb 52090144 33647 11864846014 2156458475 26059029 73512706 16333932944 1416718047 6 169937821 3572990397
======================
   8      16 sdb 52091241 33647 11865125822 2156509231 26059029 73512706 16333932944 1416718047 8 169942824 3573041132
======================
   8      16 sdb 52092343 33647 11865407422 2156559906 26059029 73512706 16333932944 1416718047 12 169947827 3573092232
======================
   8      16 sdb 52093483 33647 11865698558 2156612903 26059029 73512706 16333932944 1416718047 21 169952831 3573145041
======================
   8      16 sdb 52094594 33647 11865981630 2156669238 26059029 73512706 16333932944 1416718047 14 169957834 3573200934
======================
   8      16 sdb 52095712 33647 11866266302 2156720138 26059029 73512706 16333932944 1416718047 10 169962838 3573252181
======================
   8      16 sdb 52096810 33647 11866546878 2156775346 26059029 73512706 16333932944 1416718047 7 169967841 3573307432
======================
   8      16 sdb 52097906 33647 11866827454 2156825638 26059029 73512706 16333932944 1416718047 3 169972844 3573357473
======================
   8      16 sdb 52099055 33647 11867121342 2156877510 26059029 73512706 16333932944 1416718047 8 169977848 3573409459
======================
   8      16 sdb 52100170 33647 11867406526 2156928256 26059029 73512706 16333932944 1416718047 10 169982851 3573460268
======================
   8      16 sdb 52101292 33647 11867693758 2156978801 26059029 73512706 16333932944 1416718047 9 169987855 3573510813
======================
   8      16 sdb 52102391 33647 11867974846 2157031835 26059029 73512706 16333932944 1416718047 9 169992860 3573564025
======================
   8      16 sdb 52103480 33647 11868253374 2157082966 26059029 73512706 16333932944 1416718047 6 169997863 3573614738
======================
   8      16 sdb 52104640 33647 11868550078 2157133501 26059029 73512706 16333932944 1416718047 3 170002866 3573665242
======================
   8      16 sdb 52105774 33647 11868839102 2157185908 26059029 73512706 16333932944 1416718047 16 170007869 3573717983
======================
   8      16 sdb 52106872 33647 11869120190 2157239529 26059029 73512706 16333932944 1416718047 7 170012871 3573771531
======================
   8      16 sdb 52107969 33647 11869401022 2157288210 26059029 73512706 16333932944 1416718047 5 170017875 3573820200
======================
   8      16 sdb 52109109 33647 11869692606 2157336453 26059029 73512706 16333932944 1416718047 10 170022879 3573868518
======================
   8      16 sdb 52110179 33647 11869966270 2157386362 26059029 73512706 16333932944 1416718047 5 170027882 3573918126
======================
   8      16 sdb 52111257 33647 11870241470 2157438685 26059029 73512706 16333932944 1416718047 5 170032885 3573970544
======================
   8      16 sdb 52112359 33647 11870522814 2157489729 26059029 73512706 16333932944 1416718047 18 170037888 3574021393
======================
   8      16 sdb 52113470 33647 11870806974 2157541505 26059029 73512706 16333932944 1416718047 6 170042891 3574073227
======================
   8      16 sdb 52114594 33647 11871093182 2157592397 26059029 73512706 16333932944 1416718047 9 170047894 3574124643
======================
   8      16 sdb 52115688 33647 11871371966 2157645491 26059029 73512706 16333932944 1416718047 7 170052897 3574177488
======================
   8      16 sdb 52116783 33647 11871651774 2157699222 26059029 73512706 16333932944 1416718047 8 170057905 3574231406
======================
   8      16 sdb 52117874 33647 11871930814 2157749426 26059029 73512706 16333932944 1416718047 3 170062908 3574281246
======================
   8      16 sdb 52119002 33647 11872219582 2157798293 26059029 73512706 16333932944 1416718047 9 170067912 3574330139
======================
   8      16 sdb 52120132 33647 11872508606 2157848500 26059029 73512706 16333932944 1416718047 8 170072915 3574380685
======================
   8      16 sdb 52121259 33647 11872796606 2157900383 26059029 73512706 16333932944 1416718047 15 170077917 3574432111
======================
   8      16 sdb 52122360 33647 11873078206 2157950958 26059029 73512706 16333932944 1416718047 5 170082919 3574483105
======================
   8      16 sdb 52123434 33647 11873352382 2158000709 26059029 73512706 16333932944 1416718047 12 170087923 3574532478
======================
   8      16 sdb 52124560 33647 11873640126 2158049056 26059029 73512706 16333932944 1416718047 10 170092927 3574580992
======================
   8      16 sdb 52125680 33647 11873926334 2158099666 26059029 73512706 16333932944 1416718047 10 170097930 3574632092
======================
   8      16 sdb 52126808 33647 11874214846 2158152793 26059029 73512706 16333932944 1416718047 15 170102934 3574684618
======================
   8      16 sdb 52127910 33647 11874496958 2158207842 26059029 73512706 16333932944 1416718047 13 170107938 3574739575
======================
   8      16 sdb 52129029 33647 11874782910 2158259695 26059029 73512706 16333932944 1416718047 10 170112941 3574791975
======================
   8      16 sdb 52130105 33647 11875057342 2158313489 26059029 73512706 16333932944 1416718047 8 170117944 3574845375
======================
   8      16 sdb 52131209 33647 11875339966 2158364354 26059029 73512706 16333932944 1416718047 5 170122948 3574896111
======================
   8      16 sdb 52132329 33647 11875626174 2158417604 26059029 73512706 16333932944 1416718047 22 170127952 3574949961
======================
   8      16 sdb 52133446 33647 11875910846 2158472387 26059029 73512706 16333932944 1416718047 12 170132955 3575004330
======================
   8      16 sdb 52134544 33647 11876190654 2158523747 26059029 73512706 16333932944 1416718047 4 170137958 3575055690
======================
   8      16 sdb 52135636 33647 11876469694 2158573768 26059029 73512706 16333932944 1416718047 8 170142962 3575105812
======================
   8      16 sdb 52136765 33647 11876758462 2158627380 26059029 73512706 16333932944 1416718047 9 170147965 3575159594
======================
   8      16 sdb 52137862 33647 11877038782 2158679071 26059029 73512706 16333932944 1416718047 15 170152969 3575210756
======================
   8      16 sdb 52138951 33647 11877317310 2158732079 26059029 73512706 16333932944 1416718047 7 170157972 3575264297
======================
   8      16 sdb 52140068 33647 11877603006 2158784553 26059029 73512706 16333932944 1416718047 9 170162973 3575316692
======================
   8      16 sdb 52141206 33647 11877894078 2158834509 26059029 73512706 16333932944 1416718047 10 170167977 3575366422
======================
   8      16 sdb 52142332 33647 11878181566 2158884906 26059029 73512706 16333932944 1416718047 10 170172980 3575416749
======================
   8      16 sdb 52143442 33647 11878465214 2158935749 26059029 73512706 16333932944 1416718047 13 170177983 3575467529
======================
   8      16 sdb 52144570 33647 11878753982 2158987190 26059029 73512706 16333932944 1416718047 11 170182986 3575519104
======================
   8      16 sdb 52145699 33647 11879042750 2159040742 26059029 73512706 16333932944 1416718047 6 170187990 3575572604
======================
   8      16 sdb 52146845 33647 11879335614 2159091770 26059029 73512706 16333932944 1416718047 13 170192993 3575623366
======================
   8      16 sdb 52147987 33647 11879627710 2159141122 26059029 73512706 16333932944 1416718047 10 170197998 3575673167
======================
   8      16 sdb 52149076 33647 11879906494 2159191560 26059029 73512706 16333932944 1416718047 17 170203001 3575723594
======================
   8      16 sdb 52150229 33647 11880200894 2159241245 26059029 73512706 16333932944 1416718047 15 170208005 3575772908
======================
   8      16 sdb 52151395 33647 11880499134 2159290964 26059029 73512706 16333932944 1416718047 5 170213009 3575822689
======================
   8      16 sdb 52152530 33647 11880788926 2159339772 26059029 73512706 16333932944 1416718047 12 170218012 3575871700
======================
   8      16 sdb 52153750 33647 11881099710 2159386776 26059029 73512706 16333932944 1416718047 6 170223015 3575918557
======================
   8      16 sdb 52155245 33647 11881480894 2159421388 26059029 73512706 16333932944 1416718047 4 170228018 3575952971
