======================
   8      48 sdd 18856 0 150662 3177934 51447408 22181280 3950336080 2104120352 0 16530731 2107249448
======================
   8      48 sdd 18949 0 151406 3178952 51449508 22181280 3951659472 2104696662 140 16535312 2107851409
======================
   8      48 sdd 18954 0 151446 3180134 51451602 22181304 3952973152 2105342397 129 16540315 2108497949
======================
   8      48 sdd 18960 0 151494 3181601 51453689 22181317 3954286304 2105947673 142 16545318 2109104573
======================
   8      48 sdd 18965 0 151534 3182788 51455779 22181329 3955600992 2106563126 132 16550321 2109721395
======================
   8      48 sdd 18970 0 151574 3183731 51457865 22181342 3956913760 2107207430 146 16555324 2110366989
======================
   8      48 sdd 18974 0 151606 3184450 51459951 22181355 3958226528 2107859544 149 16560327 2111019761
======================
   8      48 sdd 18979 0 151646 3185845 51462043 22181367 3959542496 2108456731 136 16565329 2111618094
======================
   8      48 sdd 18984 0 151686 3186747 51464130 22181380 3960855648 2109092133 140 16570332 2112254686
======================
   8      48 sdd 18990 0 151734 3188020 51466208 22181393 3962163552 2109689856 136 16575333 2112853431
======================
   8      48 sdd 18995 0 151774 3189226 51468298 22181405 3963477984 2110303035 130 16580336 2113467483
======================
   8      48 sdd 19000 0 151814 3190114 51470380 22181418 3964788192 2110943418 131 16585340 2114109002
======================
   8      48 sdd 19006 0 151862 3191333 51472461 22181431 3966098016 2111545124 133 16590341 2114711960
======================
   8      48 sdd 19011 0 151902 3192526 51474548 22181445 3967409912 2112184636 131 16595342 2115352726
======================
   8      48 sdd 19016 0 151942 3193700 51476632 22181458 3968721400 2112821556 130 16600344 2115990476
======================
   8      48 sdd 19022 0 151990 3194951 51478712 22181471 3970030584 2113429222 107 16605347 2116598338
======================
   8      48 sdd 19027 0 152030 3196131 51480798 22181483 3971342456 2114050222 105 16610350 2117220068
======================
   8      48 sdd 19032 0 152070 3197466 51482880 22181496 3972652920 2114651609 106 16615353 2117822779
======================
   8      48 sdd 19038 0 152118 3199129 51484961 22181509 3973962488 2115220392 108 16620355 2118393424
======================
   8      48 sdd 19043 0 152158 3200223 51487050 22181521 3975276280 2115843589 103 16625358 2119017244
======================
   8      48 sdd 19048 0 152198 3201787 51489135 22181534 3976588408 2116427021 101 16630360 2119601949
======================
   8      48 sdd 19055 0 152254 3203567 51491216 22181547 3977897976 2116989030 157 16635362 2120166178
======================
   8      48 sdd 19059 0 152286 3204390 51493306 22181559 3979212664 2117623456 97 16640365 2120800629
======================
   8      48 sdd 19065 0 152334 3205847 51495391 22181572 3980524792 2118215552 137 16645367 2121396100
======================
   8      48 sdd 19071 0 152382 3207045 51497477 22181585 3981837560 2118825607 152 16650370 2122006165
======================
   8      48 sdd 19075 0 152414 3208082 51499569 22181598 3983152904 2119441289 59 16655372 2122616308
======================
   8      48 sdd 19081 0 152462 3209271 51501655 22181611 3984465672 2120052838 134 16660375 2123236198
======================
   8      48 sdd 19087 0 152510 3210486 51503741 22181624 3985778184 2120657139 139 16665378 2123841230
======================
   8      48 sdd 19091 0 152542 3211300 51505832 22181636 3987093512 2121291609 46 16670381 2124466652
======================
   8      48 sdd 19096 0 152582 3212547 51507917 22181650 3988405648 2121933152 44 16675384 2125109047
======================
   8      48 sdd 19103 0 152638 3213982 51510002 22181663 3989717776 2122552555 128 16680387 2125740643
======================
   8      48 sdd 19107 0 152670 3214839 51512081 22181675 3991025424 2123192901 47 16685389 2126372015
======================
   8      48 sdd 19112 0 152710 3216022 51514158 22181688 3992332432 2123811545 53 16690392 2126993023
======================
   8      48 sdd 19119 0 152766 3217388 51516254 22181701 3993651600 2124412518 159 16695394 2127603456
======================
   8      48 sdd 19124 0 152806 3218484 51518353 22181713 3994971792 2125035837 134 16700397 2128228686
======================
   8      48 sdd 19129 0 152846 3219877 51520439 22181726 3996284560 2125632877 157 16705399 2128827644
======================
   8      48 sdd 19135 0 152894 3221005 51522525 22181739 3997597328 2126247766 137 16710402 2129442320
======================
   8      48 sdd 19140 0 152934 3221984 51524616 22181752 3998912032 2126885298 149 16715405 2130079510
======================
   8      48 sdd 19144 0 152966 3223019 51526702 22181765 4000224800 2127502374 10 16720409 2130679475
======================
   8      48 sdd 19151 0 153022 3224311 51528787 22181778 4001536928 2128107182 158 16725412 2131305005
======================
   8      48 sdd 19156 0 153062 3225442 51530877 22181790 4002851616 2128745771 54 16730413 2131922364
======================
   8      48 sdd 19161 0 153102 3226314 51532964 22181803 4004164768 2129362627 135 16735418 2132563815
======================
   8      48 sdd 19167 0 153150 3227470 51535051 22181816 4005478176 2129971983 145 16740420 2133173671
======================
   8      48 sdd 19172 0 153190 3228631 51537142 22181829 4006793512 2130631470 133 16745423 2133819446
======================
   8      48 sdd 19177 0 153230 3229878 51539224 22181842 4008103720 2131259628 131 16750425 2134449038
======================
   8      48 sdd 19183 0 153278 3231136 51541308 22181855 4009415208 2131852846 136 16755430 2135058796
======================
   8      48 sdd 19188 0 153318 3232311 51543399 22181867 4010730536 2132481426 129 16760433 2135681281
======================
   8      48 sdd 19193 0 153358 3233481 51545485 22181880 4012043304 2133097221 152 16765435 2136299905
======================
   8      48 sdd 19199 0 153406 3234707 51547572 22181893 4013356456 2133704317 158 16770438 2136913889
======================
   8      48 sdd 19204 0 153446 3236175 51549664 22181906 4014671800 2134309243 131 16775440 2137512483
======================
   8      48 sdd 19209 0 153486 3237645 51551750 22181919 4015984568 2134905699 134 16780442 2138110743
======================
   8      48 sdd 19215 0 153534 3238895 51553836 22181932 4017297336 2135508918 146 16785445 2138723163
======================
   8      48 sdd 19220 0 153574 3239995 51555927 22181944 4018612664 2136136997 140 16790447 2139348012
======================
   8      48 sdd 19225 0 153614 3241120 51558014 22181957 4019925816 2136756377 142 16795450 2139968265
======================
   8      48 sdd 19231 0 153662 3242193 51560101 22181970 4021239224 2137365382 134 16800452 2140582548
======================
   8      48 sdd 19236 0 153702 3243318 51562191 22181982 4022553912 2137984856 152 16805455 2141201323
======================
   8      48 sdd 19241 0 153742 3244214 51564274 22181995 4023864760 2138615371 144 16810458 2141834821
======================
   8      48 sdd 19247 0 153790 3245547 51566359 22182009 4025176896 2139244832 157 16815461 2142465266
======================
   8      48 sdd 19252 0 153830 3246709 51568449 22182021 4026492216 2139887802 137 16820464 2143109732
======================
   8      48 sdd 19257 0 153870 3247951 51570535 22182034 4027805624 2140519522 128 16825466 2143742299
======================
   8      48 sdd 19263 0 153918 3249440 51572621 22182048 4029117128 2141131434 157 16830468 2144355850
======================
   8      48 sdd 19268 0 153958 3250686 51574712 22182061 4030432840 2141745382 147 16835471 2144971081
======================
   8      48 sdd 19273 0 153998 3252004 51576794 22182074 4031743648 2142357730 142 16840473 2145584949
======================
   8      48 sdd 19279 0 154046 3253365 51578878 22182087 4033054536 2142952853 141 16845477 2146182131
======================
   8      48 sdd 19284 0 154086 3254466 51580970 22182100 4034371744 2143567569 136 16850480 2146797140
======================
   8      48 sdd 19289 0 154126 3255583 51583058 22182113 4035685192 2144183028 151 16855482 2147413658
======================
   8      48 sdd 19295 0 154174 3256789 51585140 22182126 4036996040 2144791825 156 16860485 2148024321
======================
   8      48 sdd 19300 0 154214 3257941 51587233 22182139 4038312392 2145402533 149 16865488 2148635253
======================
   8      48 sdd 19305 0 154254 3259148 51589313 22182149 4039621928 2146013659 139 16870492 2149248474
======================
   8      48 sdd 19311 0 154302 3260415 51591398 22182166 4040932192 2146627822 138 16875495 2149863714
======================
   8      48 sdd 19316 0 154342 3261731 51593490 22182175 4042249400 2147257485 156 16880498 2150493901
======================
   8      48 sdd 19321 0 154382 3262909 51595568 22182188 4043557048 2147890417 131 16885502 2151113685
======================
   8      48 sdd 19327 0 154430 3264115 51597653 22182202 4044869184 2148504984 129 16890505 2151729059
======================
   8      48 sdd 19332 0 154470 3265441 51599745 22182214 4046185712 2149127262 11 16895509 2152346823
======================
   8      48 sdd 19337 0 154510 3266760 51601824 22182227 4047494000 2149731415 15 16900512 2152953272
======================
   8      48 sdd 19343 0 154558 3267921 51603908 22182240 4048805488 2150346681 40 16905514 2153576879
======================
   8      48 sdd 19348 0 154598 3269318 51606000 22182252 4050121456 2150944947 32 16910516 2154174342
======================
   8      48 sdd 19353 0 154638 3270710 51608083 22182265 4051432304 2151545708 58 16915519 2154783032
======================
   8      48 sdd 19359 0 154686 3271806 51610169 22182278 4052745072 2152166603 81 16920523 2155408933
======================
   8      48 sdd 19364 0 154726 3272917 51612260 22182290 4054060144 2152783402 126 16925526 2156031282
======================
   8      48 sdd 19369 0 154766 3274038 51614345 22182303 4055372272 2153404042 150 16930529 2156653326
======================
   8      48 sdd 19375 0 154814 3274985 51616432 22182307 4056685680 2154030998 154 16935533 2157280936
======================
   8      48 sdd 19380 0 154854 3275962 51618523 22182319 4058001008 2154664697 135 16940535 2157916106
======================
   8      48 sdd 19385 0 154894 3277154 51620584 22182333 4059298040 2155307719 157 16945538 2158559347
======================
   8      48 sdd 19391 0 154942 3278382 51622673 22182345 4060612464 2155944479 136 16950541 2159197772
======================
   8      48 sdd 19396 0 154982 3279549 51624774 22182357 4061933560 2156586419 137 16955545 2159841015
======================
   8      48 sdd 19401 0 155022 3280967 51626857 22182370 4063244408 2157200792 130 16960547 2160456383
======================
   8      48 sdd 19407 0 155070 3282068 51628941 22182383 4064555896 2157829515 150 16965549 2161086248
======================
   8      48 sdd 19412 0 155110 3283563 51631032 22182395 4065870968 2158422989 150 16970552 2161681081
======================
   8      48 sdd 19417 0 155150 3284669 51633114 22182408 4067181432 2159050031 143 16975555 2162309586
======================
   8      48 sdd 19423 0 155198 3286115 51635197 22182421 4068492280 2159637134 142 16980559 2162898189
======================
   8      48 sdd 19428 0 155238 3287304 51637288 22182433 4069807352 2160255462 153 16985562 2163517391
======================
   8      48 sdd 19433 0 155278 3288604 51639364 22182446 4071113976 2160862653 151 16990565 2164126397
======================
   8      48 sdd 19439 0 155326 3289965 51641436 22182459 4072417784 2161469768 155 16995568 2164734474
======================
   8      48 sdd 19444 0 155366 3291442 51643516 22182471 4073726072 2162065348 154 17000571 2165331739
======================
   8      48 sdd 19449 0 155406 3292709 51645615 22182484 4075046904 2162672294 147 17005574 2165940071
======================
   8      48 sdd 19454 0 155446 3293789 51647418 22182509 4076177672 2163176716 0 17009858 2166420918
started
======================
   8      48 sdd 19552 0 156224 3293869 51659205 22182509 4076941880 2163614536 136 17012945 2166861367
======================
   8      48 sdd 19552 0 156224 3293869 51679072 22182511 4078241256 2164335148 144 17017983 2167582071
======================
   8      48 sdd 19552 0 156224 3293869 51698828 22182512 4079533248 2165051141 134 17022987 2168297992
======================
   8      48 sdd 19552 0 156224 3293869 51718589 22182513 4080824720 2165766830 152 17027990 2169013640
======================
   8      48 sdd 19552 0 156224 3293869 51738357 22182514 4082115408 2166482020 129 17032993 2169728714
======================
   8      48 sdd 19552 0 156224 3293869 51758131 22182515 4083408368 2167197787 133 17037996 2170444443
======================
   8      48 sdd 19552 0 156224 3293869 51777908 22182516 4084699112 2167913305 134 17043000 2171160122
======================
   8      48 sdd 19552 0 156224 3293869 51797669 22182517 4085990272 2168628546 151 17048005 2171875218
======================
   8      48 sdd 19552 0 156224 3293869 51817434 22182518 4087282832 2169343705 132 17053008 2172590356
======================
   8      48 sdd 19552 0 156224 3293869 51837169 22182519 4088575912 2170058475 143 17058011 2173305150
======================
   8      48 sdd 19552 0 156224 3293869 51856884 22182520 4089866176 2170774474 142 17063014 2174021078
======================
   8      48 sdd 19552 0 156224 3293869 51876635 22182521 4091159120 2171489841 138 17068018 2174736527
======================
   8      48 sdd 19552 0 156224 3293869 51896430 22182522 4092451752 2172205919 152 17073021 2175452487
======================
   8      48 sdd 19552 0 156224 3293869 51916182 22182523 4093744840 2172921415 146 17078025 2176167910
======================
   8      48 sdd 19552 0 156224 3293869 51935933 22182524 4095035040 2173636831 141 17083029 2176883527
======================
   8      48 sdd 19552 0 156224 3293869 51955718 22182525 4096326968 2174352530 134 17088032 2177599146
======================
   8      48 sdd 19552 0 156224 3293869 51975501 22182526 4097618576 2175068792 129 17093035 2178315271
======================
   8      48 sdd 19552 0 156224 3293869 51995245 22182527 4098909800 2175783769 131 17098038 2179030174
======================
   8      48 sdd 19552 0 156224 3293869 52015001 22182528 4100202048 2176499122 153 17103042 2179745643
======================
   8      48 sdd 19552 0 156224 3293869 52034787 22182529 4101493016 2177214498 145 17108046 2180461045
======================
   8      48 sdd 19552 0 156224 3293869 52054556 22182530 4102784752 2177930232 154 17113049 2181176754
======================
   8      48 sdd 19552 0 156224 3293869 52074355 22182531 4104075592 2178646022 133 17118052 2181892388
======================
   8      48 sdd 19552 0 156224 3293869 52094114 22182532 4105367136 2179361067 152 17123055 2182607481
======================
   8      48 sdd 19552 0 156224 3293869 52113847 22182533 4106658424 2180076757 133 17128058 2183323061
======================
   8      48 sdd 19552 0 156224 3293869 52133635 22182534 4107950864 2180792558 155 17133062 2184038757
======================
   8      48 sdd 19552 0 156224 3293869 52153437 22182535 4109243624 2181508471 131 17138066 2184754786
======================
   8      48 sdd 19552 0 156224 3293869 52173168 22182536 4110534784 2182224040 146 17143069 2185470312
======================
   8      48 sdd 19552 0 156224 3293869 52192921 22182537 4111827992 2182939044 139 17148072 2186185207
======================
   8      48 sdd 19552 0 156224 3293869 52212698 22182538 4113119480 2183654623 140 17153076 2186900936
======================
   8      48 sdd 19552 0 156224 3293869 52232494 22182539 4114411144 2184370455 154 17158079 2187616552
======================
   8      48 sdd 19552 0 156224 3293869 52252245 22182540 4115702552 2185085465 149 17163082 2188331493
======================
   8      48 sdd 19552 0 156224 3293869 52272009 22182541 4116992912 2185800643 131 17168086 2189046683
======================
   8      48 sdd 19552 0 156224 3293869 52291766 22182542 4118284520 2186515687 152 17173089 2189761694
======================
   8      48 sdd 19552 0 156224 3293869 52311472 22182543 4119575848 2187230795 128 17178092 2190476786
======================
   8      48 sdd 19552 0 156224 3293869 52331229 22182544 4120867160 2187945708 149 17183095 2191191609
======================
   8      48 sdd 19552 0 156224 3293869 52351032 22182545 4122159152 2188660300 156 17188098 2191906115
======================
   8      48 sdd 19552 0 156224 3293869 52370781 22182546 4123452016 2189375452 153 17193102 2192621470
======================
   8      48 sdd 19552 0 156224 3293869 52390423 22182547 4124736072 2190091150 129 17198105 2193336939
======================
   8      48 sdd 19552 0 156224 3293869 52410031 22182548 4126016984 2190806630 139 17203109 2194052471
======================
   8      48 sdd 19552 0 156224 3293869 52429906 22182549 4127312992 2191521531 137 17208113 2194767438
======================
   8      48 sdd 19552 0 156224 3293869 52449770 22182549 4128610552 2192236769 146 17213116 2195482626
======================
   8      48 sdd 19552 0 156224 3293869 52469477 22182550 4129900392 2192952102 153 17218119 2196197939
======================
   8      48 sdd 19552 0 156224 3293869 52489246 22182551 4131191512 2193666825 130 17223122 2196912623
======================
   8      48 sdd 19552 0 156224 3293869 52509034 22182552 4132482160 2194382335 152 17228125 2197628026
======================
   8      48 sdd 19552 0 156224 3293869 52528762 22182553 4133770520 2195097506 138 17233128 2198343176
======================
   8      48 sdd 19552 0 156224 3293869 52548460 22182554 4135060720 2195812354 154 17238131 2199057936
======================
   8      48 sdd 19552 0 156224 3293869 52568211 22182555 4136351832 2196527758 149 17243135 2199773541
======================
   8      48 sdd 19552 0 156224 3293869 52587976 22182556 4137643992 2197243320 130 17248138 2200488975
======================
   8      48 sdd 19552 0 156224 3293869 52607737 22182557 4138935776 2197958384 147 17253141 2201204804
======================
   8      48 sdd 19552 0 156224 3293869 52627507 22182558 4140228408 2198674779 155 17258144 2201920199
======================
   8      48 sdd 19552 0 156224 3293869 52647284 22182559 4141519944 2199390004 156 17263148 2202635568
======================
   8      48 sdd 19552 0 156224 3293869 52667075 22182560 4142811808 2200105566 143 17268151 2203351118
======================
   8      48 sdd 19552 0 156224 3293869 52686851 22182561 4144102808 2200820816 145 17273154 2204066261
======================
   8      48 sdd 19552 0 156224 3293869 52706596 22182562 4145394032 2201536317 146 17278158 2204781881
======================
   8      48 sdd 19552 0 156224 3293869 52726374 22182563 4146685064 2202250950 146 17283161 2205496518
======================
   8      48 sdd 19552 0 156224 3293869 52746152 22182564 4147976800 2202966686 146 17288164 2206212232
======================
   8      48 sdd 19552 0 156224 3293869 52765887 22182565 4149268152 2203681620 157 17293167 2206927011
======================
   8      48 sdd 19552 0 156224 3293869 52785660 22182566 4150560152 2204397084 130 17298170 2207642484
======================
   8      48 sdd 19552 0 156224 3293869 52805425 22182567 4151851008 2205112046 143 17303174 2208357622
======================
   8      48 sdd 19552 0 156224 3293869 52825170 22182568 4153143824 2205827514 144 17308178 2209073063
======================
   8      48 sdd 19552 0 156224 3293869 52844931 22182569 4154434160 2206543123 129 17313181 2209788404
======================
   8      48 sdd 19552 0 156224 3293869 52864737 22182570 4155726936 2207258371 133 17318186 2210503891
======================
   8      48 sdd 19552 0 156224 3293869 52884478 22182571 4157019440 2207973358 138 17323189 2211218796
======================
   8      48 sdd 19552 0 156224 3293869 52904262 22182572 4158311776 2208688367 132 17328192 2211933658
======================
   8      48 sdd 19552 0 156224 3293869 52923995 22182573 4159602152 2209402534 145 17333195 2212648247
======================
   8      48 sdd 19552 0 156224 3293869 52943765 22182574 4160895312 2210119126 153 17338199 2213364258
======================
   8      48 sdd 19552 0 156224 3293869 52963520 22182575 4162186920 2210834389 144 17343203 2214079521
======================
   8      48 sdd 19552 0 156224 3293869 52983269 22182576 4163479168 2211549723 141 17348207 2214794957
======================
   8      48 sdd 19552 0 156224 3293869 53002993 22182577 4164771224 2212264634 131 17353210 2215509881
======================
   8      48 sdd 19552 0 156224 3293869 53022767 22182578 4166063344 2212979917 135 17358213 2216225029
======================
   8      48 sdd 19552 0 156224 3293869 53042507 22182579 4167354312 2213694898 141 17363217 2216940037
======================
   8      48 sdd 19552 0 156224 3293869 53062281 22182580 4168645728 2214410414 145 17368220 2217655474
======================
   8      48 sdd 19552 0 156224 3293869 53082058 22182581 4169937592 2215125148 146 17373223 2218370148
======================
   8      48 sdd 19552 0 156224 3293869 53101813 22182582 4171229264 2215841004 137 17378226 2219085950
======================
   8      48 sdd 19552 0 156224 3293869 53121563 22182583 4172521032 2216555942 133 17383230 2219800999
======================
   8      48 sdd 19552 0 156224 3293869 53141298 22182584 4173812064 2217271156 144 17388233 2220516149
======================
   8      48 sdd 19552 0 156224 3293869 53161065 22182585 4175103560 2217986283 155 17393236 2221231197
======================
   8      48 sdd 19552 0 156224 3293869 53180866 22182586 4176396856 2218701760 132 17398240 2221946661
======================
   8      48 sdd 19552 0 156224 3293869 53200612 22182587 4177687176 2219416837 132 17403243 2222661646
======================
   8      48 sdd 19552 0 156224 3293869 53220385 22182588 4178980040 2220131790 137 17408247 2223376712
======================
   8      48 sdd 19552 0 156224 3293869 53240127 22182589 4180271352 2220846881 141 17413250 2224092173
======================
   8      48 sdd 19552 0 156224 3293869 53259909 22182590 4181563792 2221562782 137 17418253 2224807628
======================
   8      48 sdd 19552 0 156224 3293869 53279657 22182591 4182855704 2222277930 135 17423256 2225522791
======================
   8      48 sdd 19552 0 156224 3293869 53299424 22182592 4184147416 2222993736 147 17428260 2226238620
======================
   8      48 sdd 19552 0 156224 3293869 53319144 22182593 4185439744 2223708821 140 17433263 2226953579
======================
   8      48 sdd 19552 0 156224 3293869 53338901 22182594 4186730960 2224424209 129 17438266 2227668789
======================
   8      48 sdd 19552 0 156224 3293869 53358664 22182595 4188022552 2225139214 144 17443270 2228383941
======================
   8      48 sdd 19552 0 156224 3293869 53378435 22182596 4189314656 2225854505 151 17448273 2229099157
======================
   8      48 sdd 19552 0 156224 3293869 53398223 22182597 4190606920 2226569834 141 17453276 2229814373
======================
   8      48 sdd 19552 0 156224 3293869 53417857 22182598 4191893920 2227285452 157 17458280 2230530040
======================
   8      48 sdd 19552 0 156224 3293869 53437356 22182599 4193167160 2228000937 148 17463283 2231245630
======================
   8      48 sdd 19552 0 156224 3293869 53457067 22182600 4194456384 2228716559 151 17468286 2231961280
======================
   8      48 sdd 19552 0 156224 3293869 53476913 22182601 4195753752 2229432127 147 17473290 2232676940
======================
   8      48 sdd 19552 0 156224 3293869 53496645 22182602 4197044528 2230147182 129 17478293 2233391690
======================
   8      48 sdd 19552 0 156224 3293869 53516389 22182603 4198334280 2230862542 131 17483296 2234107095
======================
   8      48 sdd 19552 0 156224 3293869 53536126 22182604 4199622944 2231578416 140 17488300 2234822911
