5216.013
8003.019
8769.021
8837.804
8834.611
8582.590
7732.994
7575.389
8396.396
7966.579
6445.023
7864.422
7743.765
7197.024
7992.674
8038.290
8710.491
7672.068
7809.043
7095.666
8237.219
7650.254
8035.773
8363.606
7250.320
7999.430
7839.168
8347.123
7787.562
7873.615
8147.829
7443.223
6953.833
7844.675
8288.845
7767.308
7739.859
7692.620
8043.761
8528.570
6537.746
8087.439
8077.838
8019.774
7009.108
8015.814
7717.265
7455.234
7986.946
6993.271
8511.265
8117.415
7285.527
7378.386
7030.777
7716.582
8220.605
7149.680
8417.657
7709.315
6945.385
8649.925
7680.340
8197.133
7895.752
7415.654
7021.284
7964.919
8320.992
7192.316
6979.704
7324.538
7583.179
7661.493
7700.356
8418.425
7210.730
7913.268
7221.504
7800.609
7601.905
7734.017
8055.655
7822.994
8036.223
6982.137
8021.245
7232.985
8067.127
8080.988
7046.270
7546.390
7641.953
7702.744
7655.133
7677.840
8699.551
7484.382
7107.865
8632.968
7642.016
6976.171
7240.306
7997.525
8074.093
7626.913
7026.277
7712.056
7973.887
8220.482
8223.617
8227.155
8114.852
7769.162
7233.607
7674.160
1460.108
