3136.096
575.631
589.541
639.041
645.043
668.340
685.928
678.735
651.438
692.530
689.929
675.922
673.532
679.950
687.949
682.231
676.738
674.147
709.141
684.905
684.241
679.555
666.234
683.348
695.449
715.437
686.421
679.246
672.440
667.145
703.246
721.345
689.753
693.753
673.255
682.449
701.936
703.821
705.028
690.125
678.739
686.140
703.222
696.028
697.236
676.341
669.228
684.034
709.031
710.738
704.029
696.144
686.238
679.345
709.541
715.549
705.529
684.541
678.551
682.028
714.044
653.234
762.334
699.934
680.846
672.341
718.547
720.523
681.833
679.742
675.245
687.452
670.347
745.250
696.733
689.240
683.425
693.050
722.223
712.721
711.738
691.429
652.317
705.531
722.422
707.407
705.145
695.638
686.840
700.556
716.925
694.721
726.928
688.937
684.857
688.841
724.935
710.141
700.121
694.655
661.444
703.439
729.026
714.447
691.840
689.147
691.542
699.152
716.641
708.535
700.825
688.138
687.536
679.213
754.446
700.728
708.234
679.254
695.639
694.645
727.647
705.737
689.944
689.452
695.148
680.243
733.339
704.820
697.734
689.239
688.649
690.145
725.306
713.734
697.854
667.837
699.631
700.832
494.260
