545.455		264
244.444		777
206.349		901
186.667		999
311.748		1249
275.312		1300
239.13		715
160		1157
156.863		1148
320.241		1166
222.222		819
161.616		1154
158.416		1160
319.393		1190
163.265		1116
166.667		1080
168.539		1088
13.0751		854
160.92		1012
250		778
176.471		1070
322.419		1100
179.487		993
300		613
323.352		1099
211.538		754
208.955		904
315.459		1078
-nan		0
206.897		856
318.118		956
188.406		902
277.778		694
173.333		943
322.19		1251
303.03		612
213.115		865
179.487		958
317.344		1065
194.03		944
179.487		952
310.345		594
313.253		1006
227.273		701
218.182		839
200		906
318.926		1006
214.286		802
277.778		700
222.222		884
313.647		936
270.27		649
303.03		635
229.167		784
239.13		769
318.722		873
307.692		548
-nan		0
400		529
315.303		845
294.118		677
360		537
328.958		645
263.158		665
388.889		471
321.905		649
277.778		642
388.889		438
321		652
321.429		627
411.765		418
330.977		632
300		585
461.538		394
329.783		627
333.333		585
833.333		267
319.104		624
300		558
538.462		396
317.663		592
333.333		553
461.538		367
316.973		567
347.826		527
500		426
312.844		563
380.952		517
400		522
286.932		562
600		386
600		372
317.218		545
450		496
400		501
301.538		549
538.462		445
400		479
198.79		416
538.462		407
347.826		498
312.297		387
400		491
363.636		479
318.844		396
500		391
400		486
323.729		394
466.667		426
411.765		454
305.345		521
600		381
428.571		389
317.552		515
500		347
411.765		471
331.47		492
388.889		425
411.765		416
299.602		456
666.667		349
466.667		444
325.301		494
428.571		377
500		426
322.589		474
500		352
411.765		440
324.973		479
500		325
437.5		437
322.262		457
600		323
470.588		433
328.236		449
545.455		322
411.765		419
327.424		440
666.667		316
538.462		417
318.272		452
600		320
411.765		421
325.568		453
833.333		303
466.667		408
325.886		425
833.333		308
466.667		401
318.022		418
555.556		300
428.571		395
330.857		428
750		308
437.5		405
316.823		432
625		296
600		390
326.817		402
714.286		287
545.455		374
318.411		410
833.333		295
600		380
322.53		401
833.333		305
-nan		0
314.487		394
461.538		372
625		291
315.478		395
600		368
625		285
323.81		369
500		365
833.333		291
329.921		384
500		362
833.333		284
324.828		388
666.667		354
833.333		275
325.342		369
600		360
833.333		285
284.144		374
545.455		359
833.333		281
333.445		378
500		358
625		276
321.358		383
500		356
714.286		277
326.014		377
666.667		349
625		279
329.942		373
666.667		356
833.333		280
320.93		377
500		348
833.333		273
323.489		372
545.455		329
857.143		258
326.196		367
500		346
600		344
325.153		298
500		341
833.333		268
323.866		354
750		340
545.455		333
318.298		364
600		327
833.333		248
311.813		351
500		335
500		331
324.129		360
500		328
600		327
290.575		365
625		288
202.163		339
625		298
269.476		344
714.286		287
545.455		328
260.783		352
714.286		277
1000		237
714.286		285
324.092		345
334.913		328
750		318
578.947		332
318.524		331
800		205
545.455		316
310.953		330
625		308
714.286		279
316.236		330
833.333		291
714.286		289
328.119		332
714.286		264
333.333		308
309.929		330
714.286		283
833.333		310
312.003		324
833.333		256
625		311
318.316		286
666.667		302
625		306
331.797		323
833.333		255
625		306
322.925		328
833.333		252
714.286		298
311.111		326
833.333		246
625		301
325.555		255
833.333		299
833.333		303
311.293		319
833.333		301
1666.67		237
316.896		268
833.333		301
833.333		293
326.403		13
555.556		295
833.333		296
327.934		256
833.333		238
714.286		293
334.008		306
833.333		293
1000		234
321.846		301
1000		260
336.15		291
833.333		259
332.119		298
833.333		287
331.054		236
833.333		255
328.591		294
714.286		243
332.085		297
833.333		289
316.249		298
1000		223
833.333		283
324.18		294
833.333		282
833.333		239
323.071		288
833.333		282
833.333		282
237.365		252
833.333		284
625		279
245.647		247
714.286		285
625		282
259.672		244
555.556		276
800		231
336.115		289
750		280
833.333		281
322.067		292
833.333		275
800		187
330.337		284
800		229
833.333		279
331.07		284
833.333		278
714.286		274
325.758		235
1000		213
714.286		273
337.192		283
714.286		275
833.333		273
218.487		250
1333.33		225
625		269
334.726		279
714.286		269
833.333		268
330.995		228
833.333		267
83.6667		212
1333.33		221
337.273		267
833.333		270
331.464		279
833.333		267
317.912		211
833.333		266
1000		267
322.124		284
1000		192
833.333		261
327.689		274
800		220
833.333		261
327.979		275
800		219
714.286		262
327.95		276
833.333		262
833.333		260
331.637		271
1000		207
714.286		246
329.172		269
833.333		259
833.333		255
328.738		271
1000		177
714.286		257
323.655		271
1000		223
833.333		254
331.364		266
1333.33		212
833.333		256
334.107		271
833.333		254
1000		231
317.591		270
1333.33		216
312.625		264
1000		220
304.997		259
714.286		251
323.718		253
2000		201
315.938		256
1000		218
337.437		255
714.286		250
319.745		251
1333.33		193
334.347		258
800		227
318.362		249
714.286		246
324.59		254
2000		196
833.333		245
330.897		266
1000		207
714.286		246
327.12		252
800		203
714.286		245
329.932		263
1000		208
714.286		242
331.42		255
1000		206
342.922		247
1000		217
328.854		245
714.286		242
307.596		244
1000		191
330.56		243
1333.33		220
318.93		238
1000		217
326.354		247
2000		169
334.148		242
1000		220
324.611		242
1000		214
339.45		238
800		236
326.211		252
1000		193
325.633		242
800		210
315.605		4
800		228
800		220
333.661		244
1000		224
800		237
317.555		247
1000		202
337.461		239
714.286		237
312.459		248
800		232
321.839		244
800		189
321.401		224
1000		216
315.61		247
714.286		240
319.499		246
800		188
833.333		237
329.877		247
800		208
336.567		240
833.333		237
320.252		222
1200		238
319.464		224
1000		211
341.629		245
833.333		244
337.912		251
800		190
833.333		243
328.019		252
833.333		246
714.286		242
333.333		254
833.333		241
1000		219
329.412		252
2000		208
333.087		249
714.286		244
1333.33		214
325.29		269
2000		209
339.666		251
800		234
326.102		264
1000		224
625		249
329.482		256
2000		206
833.333		246
327.684		259
2000		207
833.333		241
336.081		260
1333.33		209
625		246
332.544		259
1000		211
833.333		247
318.636		259
833.333		249
322.436		251
833.333		246
1000		237
330.769		260
833.333		249
833.333		252
330.549		263
833.333		254
833.333		240
330.512		7
1333.33		189
328.467		262
833.333		256
337.517		261
714.286		255
2000		189
311.234		250
833.333		249
1000		215
328.219		261
714.286		256
833.333		251
328.643		234
833.333		256
714.286		255
319.13		216
714.286		256
833.333		259
324.583		263
625		250
714.286		259
325.635		221
1000		235
1000		217
332.858		272
833.333		259
332.698		270
833.333		241
328.265		231
833.333		236
714.286		259
322.289		275
714.286		261
333.333		223
714.286		258
1000		227
326.983		276
833.333		261
714.286		265
147.194		284
833.333		243
800		219
321.301		272
1000		229
714.286		254
326.012		272
833.333		260
323.839		234
800		227
338.246		264
714.286		262
332.068		237
833.333		264
318.528		240
800		221
332.609		266
66.6667		259
328.964		239
833.333		267
339.468		239
800		236
323.934		266
833.333		246
331.586		260
625		262
328.387		242
714.286		241
340.746		269
714.286		239
714.286		266
328.384		287
1333.33		217
833.333		264
330.663		274
1000		229
833.333		260
332.884		285
1000		223
833.333		263
331.401		277
1000		218
714.286		264
329.52		274
1000		226
337.178		264
833.333		237
625		270
323.479		279
833.333		247
1000		249
324.37		274
1000		219
833.333		267
318.397		283
833.333		267
800		229
322.814		276
1000		223
714.286		265
334.226		282
833.333		260
1000		218
322.056		280
800		221
625		260
333.184		280
800		213
714.286		249
322.768		282
833.333		272
1000		225
322.241		274
1000		221
714.286		260
327.986		279
714.286		263
800		218
321.476		262
1333.33		223
319.973		264
833.333		265
323.383		263
714.286		270
308.099		274
1000		186
349.231		265
833.333		268
326.033		7
833.333		266
330.635		268
833.333		258
327.246		197
714.286		266
322.388		271
833.333		269
315.612		203
833.333		275
326.229		284
714.286		278
311.804		277
714.286		277
1000		202
320.78		264
833.333		274
833.333		274
326.341		288
833.333		272
1000		187
331.184		277
833.333		269
313.569		283
833.333		277
331.056		264
833.333		265
316.181		202
833.333		261
330.749		254
714.286		272
329.152		282
625		278
318.982		220
833.333		271
337.1		273
833.333		252
336.95		289
833.333		241
714.286		278
336.159		293
833.333		276
833.333		238
322.912		286
1000		234
833.333		277
328.04		291
833.333		278
1000		227
327.366		291
800		235
625		278
329.871		287
625		282
1000		231
316.047		285
1000		229
833.333		278
330.892		281
833.333		280
1000		230
324.67		295
1333.33		230
625		278
323.675		291
750		282
1000		229
326.153		267
800		234
833.333		284
330.676		298
833.333		283
1000		230
329.588		297
2000		172
833.333		274
333.829		245
714.286		283
318.573		261
714.286		250
338.346		288
625		244
341.731		287
833.333		279
714.286		247
321.053		302
1000		231
833.333		282
323.253		292
833.333		281
1000		231
333.898		286
833.333		243
714.286		285
329.508		295
833.333		284
1250		235
321.985		297
714.286		241
625		288
334.17		293
833.333		284
833.333		237
328.494		299
1000		235
833.333		286
332.773		303
833.333		288
1000		232
325.133		308
714.286		242
833.333		285
328.606		305
714.286		288
1000		236
325.253		306
1000		235
714.286		287
319.588		301
714.286		287
1333.33		222
248.787		300
714.286		243
833.333		293
327.957		311
750		291
1000		225
328.807		296
714.286		278
833.333		242
325.306		228
714.286		281
213.601		250
833.333		261
714.286		287
330.229		302
833.333		246
625		291
330.354		307
714.286		275
833.333		284
325.184		302
625		293
833.333		290
214.787		224
833.333		240
328.509		287
833.333		263
321.096		297
625		288
714.286		280
208.963		263
750		277
331.836		9
833.333		259
625		259
326.192		292
833.333		298
1000		233
325.158		301
714.286		284
800		230
332.506		303
555.556		293
833.333		289
224.569		305
714.286		237
625		282
317.675		306
833.333		291
833.333		261
290.461		298
714.286		247
1333.33		173
328.388		264
833.333		285
833.333		247
833.333		293
329.35		320
833.333		288
714.286		290
625		285
312.674		320
555.556		285
714.286		273
330.729		234
625		293
714.286		293
278.097		305
833.333		237
714.286		240
330.593		307
833.333		292
555.556		293
327.942		261
714.286		290
714.286		238
833.333		290
625		293
833.333		289
625		293
320.258		368
833.333		288
833.333		288
1000		231
714.286		243
327.19		331
833.333		289
1000		225
333.906		279
714.286		286
833.333		264
833.333		265
833.333		283
800		226
833.333		291
335.302		358
714.286		287
800		197
555.556		276
555.556		293
332.155		328
833.333		293
800		225
833.333		267
714.286		287
800		230
714.286		286
332.897		363
833.333		287
800		217
714.286		268
833.333		282
325.383		320
714.286		284
1000		209
833.333		284
833.333		285
555.556		285
625		282
331.051		364
833.333		286
2000		183
833.333		279
833.333		284
325.664		315
833.333		284
714.286		281
1000		219
833.333		275
714.286		278
833.333		283
333.827		370
833.333		283
750		281
1000		203
833.333		285
833.333		283
714.286		258
330.309		359
833.333		286
833.333		280
833.333		260
625		275
555.556		281
800		214
321.442		313
625		283
625		278
833.333		279
833.333		284
-nan		0
327.703		239
714.286		273
800		200
833.333		276
800		222
833.333		276
833.333		278
328.542		349
833.333		276
800		182
833.333		278
555.556		281
833.333		279
857.143		274
333.459		346
833.333		279
