3220.698
565.045
581.546
623.540
616.439
684.039
712.727
663.830
670.431
662.131
619.035
596.343
686.828
694.727
659.332
697.416
699.624
650.346
666.538
691.619
657.831
688.329
613.623
719.501
688.028
714.829
685.704
712.120
658.725
614.205
710.122
720.096
632.732
670.421
693.790
659.698
682.511
711.230
706.037
659.713
716.410
631.534
734.922
635.451
704.943
659.515
684.927
680.632
715.136
650.934
664.527
685.341
724.502
675.537
691.108
682.537
688.631
702.018
632.932
727.085
707.422
642.928
765.041
614.640
693.544
686.136
744.131
693.236
642.944
670.040
685.439
655.735
702.942
705.144
708.731
663.344
686.538
729.222
681.329
728.232
693.632
671.238
726.246
597.421
638.540
833.693
634.324
681.629
728.702
693.628
641.939
680.433
720.234
626.419
727.037
661.944
704.921
669.538
682.433
718.426
606.117
746.121
726.820
659.020
696.138
707.635
707.632
721.924
467.911
868.299
711.707
681.521
621.018
714.633
641.698
779.924
672.643
707.624
696.919
468.053
795.609
765.724
589.441
766.713
722.528
732.398
614.836
709.538
618.034
771.029
722.823
684.430
381.952
388.053
239.171
1248.540
1049.685
405.451
962.613
746.129
476.102
