4534.945
3125.996
3932.903
3056.796
3540.356
3353.383
3133.927
3653.043
3078.436
3084.933
3297.989
2790.160
3349.778
3276.981
3239.960
2928.563
3479.681
3113.103
2997.142
2850.261
2954.961
3155.910
3082.964
2705.689
3321.663
3280.351
3125.594
2618.061
3525.113
3112.772
3034.386
3151.248
2704.908
3308.860
3020.427
2972.183
3007.369
3065.514
3017.415
3058.995
3086.561
2782.875
3190.277
2847.994
2786.672
3029.088
3027.857
2822.624
2871.459
3244.603
3000.170
3035.435
2777.594
3211.597
2973.259
3021.843
2787.045
3185.295
2734.306
3215.858
2974.534
3004.305
2634.883
3233.730
3106.752
3026.254
2579.647
3431.128
2991.534
3060.243
3093.241
2329.070
3445.166
2824.118
2748.631
3083.855
3036.976
2963.222
2822.834
3272.730
3027.561
2979.118
2625.311
3227.554
3192.436
2966.964
3016.322
2703.336
3297.278
2169.753
