113148.049
122960.851
123130.802
122855.818
122963.486
123349.951
123190.712
123167.600
122720.541
122625.326
122680.642
123070.253
122705.219
122641.874
122657.092
122775.614
120069.747
120612.235
121463.523
122671.422
122996.299
122775.430
122613.964
122653.926
122695.534
122676.532
122945.547
122963.228
123029.671
122916.014
123043.924
122974.099
122885.402
123021.942
122983.477
122929.500
123025.056
122926.881
123041.553
122980.683
122964.438
123105.324
123036.729
123001.299
123126.956
122917.828
123041.670
123121.080
122964.635
123039.944
123082.633
95015.258
