======================
   8      48 sdd 123199151 19602 7379003378 583014091 12360003 46560856 7776189656 3659978810 0 68158097 4243074899
======================
   8      48 sdd 123199244 19602 7379004122 583015366 12362094 46560856 7777507416 3660531787 152 68162693 4243654239
======================
   8      48 sdd 123199249 19602 7379004162 583016607 12364199 46560881 7778827384 3661168408 156 68167696 4244291620
======================
   8      48 sdd 123199255 19602 7379004210 583018058 12366269 46560894 7780129912 3661773934 158 68172697 4244898322
======================
   8      48 sdd 123199260 19602 7379004250 583018998 12368360 46560906 7781445880 3662415341 149 68177700 4245541306
======================
   8      48 sdd 123199265 19602 7379004290 583020166 12370449 46560919 7782759928 3663038389 138 68182702 4246165187
======================
   8      48 sdd 123199271 19602 7379004338 583021551 12372543 46560932 7784077560 3663636487 147 68187705 4246764742
======================
   8      48 sdd 123199276 19602 7379004378 583022580 12374636 46560944 7785394168 3664263801 157 68192708 4247393098
======================
   8      48 sdd 123199281 19602 7379004418 583023469 12376725 46560957 7786708856 3664908170 139 68197711 4248038658
======================
   8      48 sdd 123199287 19602 7379004466 583024898 12378815 46560970 7788023928 3665492309 151 68202713 4248623457
======================
   8      48 sdd 123199292 19602 7379004506 583025869 12380910 46560982 7789341816 3666127773 140 68207717 4249260513
======================
   8      48 sdd 123199297 19602 7379004546 583027222 12383000 46560995 7790657144 3666723787 133 68212719 4249857472
======================
   8      48 sdd 123199303 19602 7379004594 583028170 12385089 46561008 7791971576 3667352553 127 68217722 4250486683
======================
   8      48 sdd 123199308 19602 7379004634 583029037 12387182 46561021 7793287560 3667988268 119 68222725 4251123240
======================
   8      48 sdd 123199314 19602 7379004682 583030523 12389271 46561035 7794602256 3668607608 157 68227727 4251743769
======================
   8      48 sdd 123199319 19602 7379004722 583031655 12391359 46561048 7795916304 3669236718 82 68232730 4252370424
======================
   8      48 sdd 123199324 19602 7379004762 583032973 12393455 46561060 7797234576 3669853190 70 68237733 4252985851
======================
   8      48 sdd 123199329 19602 7379004802 583034286 12395546 46561073 7798550544 3670463422 62 68242736 4253596201
======================
   8      48 sdd 123199336 19602 7379004858 583035782 12397635 46561086 7799865232 3671055883 142 68247738 4254196378
======================
   8      48 sdd 123199340 19602 7379004890 583036851 12399730 46561098 7801182864 3671673908 45 68252740 4254805532
======================
   8      48 sdd 123199345 19602 7379004930 583038123 12401820 46561111 7802498192 3672283052 38 68257742 4255414131
======================
   8      48 sdd 123199352 19602 7379004986 583039664 12403910 46561124 7803813520 3672874283 150 68262745 4256018412
======================
   8      48 sdd 123199357 19602 7379005026 583040787 12406004 46561136 7805130512 3673486471 131 68267747 4256632163
======================
   8      48 sdd 123199362 19602 7379005066 583041907 12408094 46561149 7806445840 3674104206 151 68272750 4257251702
======================
   8      48 sdd 123199368 19602 7379005114 583043111 12410183 46561162 7807760528 3674712955 135 68277753 4257858792
======================
   8      48 sdd 123199373 19602 7379005154 583044274 12412278 46561176 7809077544 3675336896 130 68282756 4258472338
======================
   8      48 sdd 123199378 19602 7379005194 583045514 12414369 46561189 7810393512 3675965014 149 68287759 4259104809
======================
   8      48 sdd 123199384 19602 7379005242 583046532 12416458 46561202 7811708072 3676580383 141 68292762 4259733235
======================
   8      48 sdd 123199389 19602 7379005282 583047771 12418552 46561214 7813025192 3677206582 129 68297765 4260352839
======================
   8      48 sdd 123199394 19602 7379005322 583048856 12420643 46561227 7814341160 3677823746 146 68302768 4260979149
======================
   8      48 sdd 123199400 19602 7379005370 583050297 12422732 46561240 7815655848 3678410851 148 68307770 4261567732
======================
   8      48 sdd 123199405 19602 7379005410 583051186 12424825 46561252 7816972456 3679050344 157 68312773 4262207616
======================
   8      48 sdd 123199410 19602 7379005450 583052572 12426916 46561265 7818288168 3679656006 131 68317775 4262811540
======================
   8      48 sdd 123199416 19602 7379005498 583053529 12429006 46561278 7819603496 3680283526 156 68322778 4263443003
======================
   8      48 sdd 123199421 19602 7379005538 583054628 12431099 46561290 7820920104 3680908763 147 68327781 4264068259
======================
   8      48 sdd 123199426 19602 7379005578 583055751 12433189 46561303 7822235176 3681525963 145 68332784 4264686742
======================
   8      48 sdd 123199430 19602 7379005610 583056555 12435278 46561316 7823549864 3682153578 157 68337785 4265316370
======================
   8      48 sdd 123199435 19602 7379005650 583057723 12437375 46561330 7824868416 3682795343 131 68342788 4265959204
======================
   8      48 sdd 123199440 19602 7379005690 583058886 12439466 46561343 7826184128 3683429524 145 68347791 4266594791
======================
   8      48 sdd 123199446 19602 7379005738 583060079 12441555 46561356 7827498816 3684036990 143 68352793 4267204055
======================
   8      48 sdd 123199451 19602 7379005778 583061318 12443650 46561368 7828816704 3684658371 155 68357796 4267825969
======================
   8      48 sdd 123199456 19602 7379005818 583062709 12445739 46561381 7830131136 3685259479 145 68362800 4268428773
======================
   8      48 sdd 123199462 19602 7379005866 583064025 12447823 46561394 7831442624 3685862843 129 68367803 4269033265
======================
   8      48 sdd 123199467 19602 7379005906 583065074 12449914 46561406 7832757952 3686487705 139 68372806 4269659714
======================
   8      48 sdd 123199472 19602 7379005946 583066193 12452005 46561419 7834073920 3687105882 156 68377809 4270278339
======================
   8      48 sdd 123199478 19602 7379005994 583067398 12454093 46561432 7835387840 3687715329 142 68382812 4270889415
======================
   8      48 sdd 123199483 19602 7379006034 583068601 12456184 46561444 7836703040 3688331838 132 68387814 4271506491
======================
   8      48 sdd 123199488 19602 7379006074 583069694 12458271 46561457 7838016448 3688945894 141 68392817 4272122549
======================
   8      48 sdd 123199494 19602 7379006122 583070871 12460360 46561470 7839331136 3689556516 130 68397821 4272733625
======================
   8      48 sdd 123199499 19602 7379006162 583072035 12462450 46561484 7840645208 3690198374 142 68402824 4273377046
======================
   8      48 sdd 123199504 19602 7379006202 583073271 12464540 46561497 7841960536 3690831828 131 68407827 4274010891
======================
   8      48 sdd 123199510 19602 7379006250 583074745 12466631 46561510 7843276248 3691442395 151 68412828 4274623561
======================
   8      48 sdd 123199515 19602 7379006290 583075988 12468724 46561523 7844593496 3692056052 141 68417830 4275238492
======================
   8      48 sdd 123199520 19602 7379006330 583077303 12470814 46561536 7845908824 3692669299 128 68422833 4275852150
======================
   8      48 sdd 123199526 19602 7379006378 583078669 12472891 46561549 7847215832 3693263361 135 68427835 4276448163
======================
   8      48 sdd 123199531 19602 7379006418 583079992 12474978 46561562 7848529240 3693863304 130 68432839 4277049090
======================
   8      48 sdd 123199536 19602 7379006458 583081382 12477079 46561575 7849851352 3694457433 118 68437842 4277644038
======================
   8      48 sdd 123199542 19602 7379006506 583082541 12479178 46561588 7851172184 3695070090 102 68442845 4278256354
======================
   8      48 sdd 123199547 19602 7379006546 583083790 12481270 46561601 7852488792 3695676592 93 68447848 4278863150
======================
   8      48 sdd 123199552 19602 7379006586 583084886 12483359 46561614 7853803480 3696297085 87 68452851 4279484017
======================
   8      48 sdd 123199558 19602 7379006634 583086331 12485452 46561628 7855119848 3696882295 78 68457853 4280068968
======================
   8      48 sdd 123199563 19602 7379006674 583087453 12487543 46561641 7856435816 3697499556 70 68462855 4280686267
======================
   8      48 sdd 123199569 19602 7379006722 583088864 12489633 46561655 7857751152 3698115081 136 68467858 4281308850
======================
   8      48 sdd 123199575 19602 7379006770 583090124 12491724 46561666 7859067712 3698728848 128 68472861 4281923967
======================
   8      48 sdd 123199580 19602 7379006810 583091438 12493817 46561679 7860383464 3699364524 147 68477865 4282554576
======================
   8      48 sdd 123199585 19602 7379006850 583092669 12495906 46561692 7861698752 3699985429 142 68482868 4283176208
======================
   8      48 sdd 123199591 19602 7379006898 583094258 12497995 46561701 7863013440 3700575508 149 68487871 4283765260
======================
   8      48 sdd 123199596 19602 7379006938 583095650 12500091 46561717 7864331112 3701185844 145 68492874 4284367508
======================
   8      48 sdd 123199601 19602 7379006978 583096541 12502179 46561727 7865645768 3701807822 146 68497877 4285010336
======================
   8      48 sdd 123199607 19602 7379007026 583097713 12504271 46561740 7866961744 3702426724 150 68502879 4285628757
======================
   8      48 sdd 123199612 19602 7379007066 583098816 12506363 46561752 7868277456 3703049724 143 68507883 4286253890
======================
   8      48 sdd 123199617 19602 7379007106 583099921 12508453 46561765 7869592784 3703675222 156 68512886 4286874070
======================
   8      48 sdd 123199623 19602 7379007154 583100891 12510540 46561779 7870906200 3704300505 130 68517888 4287499266
======================
   8      48 sdd 123199628 19602 7379007194 583102126 12512633 46561791 7872222176 3704933202 154 68522892 4288135297
======================
   8      48 sdd 123199633 19602 7379007234 583103360 12514725 46561805 7873538536 3705573039 139 68527895 4288772462
======================
   8      48 sdd 123199639 19602 7379007282 583104588 12516814 46561818 7874853224 3706198305 133 68532898 4289400769
======================
   8      48 sdd 123199644 19602 7379007322 583105750 12518906 46561830 7876170384 3706836004 60 68537900 4290039417
======================
   8      48 sdd 123199649 19602 7379007362 583106915 12520992 46561843 7877483152 3707452900 83 68542903 4290661873
======================
   8      48 sdd 123199655 19602 7379007410 583108228 12523085 46561856 7878800144 3708061505 99 68547906 4291271744
======================
   8      48 sdd 123199660 19602 7379007450 583109550 12525177 46561868 7880116112 3708667325 117 68552909 4291882594
======================
   8      48 sdd 123199665 19602 7379007490 583110940 12527267 46561872 7881431440 3709267764 132 68557912 4292484684
======================
   8      48 sdd 123199671 19602 7379007538 583112042 12529359 46561885 7882747792 3709884411 154 68562915 4293102158
======================
   8      48 sdd 123199676 19602 7379007578 583113164 12531451 46561897 7884063760 3710500342 138 68567919 4293720075
======================
   8      48 sdd 123199681 19602 7379007618 583114265 12533541 46561910 7885379088 3711123703 151 68572921 4294344311
======================
   8      48 sdd 123199687 19602 7379007666 583115520 12535632 46561923 7886694800 3711726964 134 68577923 4294948059
======================
   8      48 sdd 123199692 19602 7379007706 583116636 12537725 46561936 7888010784 3712348153 134 68582926 603055
======================
   8      48 sdd 123199697 19602 7379007746 583117849 12539815 46561949 7889326112 3712963675 136 68587930 1220146
======================
   8      48 sdd 123199703 19602 7379007794 583118913 12541906 46561962 7890642080 3713577657 145 68592932 1834945
======================
   8      48 sdd 123199708 19602 7379007834 583120164 12543999 46561974 7891958432 3714181809 158 68597935 2439920
======================
   8      48 sdd 123199713 19602 7379007874 583121326 12546089 46561988 7893273768 3714821685 137 68602938 3081461
======================
   8      48 sdd 123199719 19602 7379007922 583122582 12548180 46562001 7894589736 3715441826 153 68607941 3702923
======================
   8      48 sdd 123199724 19602 7379007962 583123753 12550273 46562013 7895906088 3716060136 144 68612944 4322332
======================
   8      48 sdd 123199729 19602 7379008002 583124996 12552363 46562026 7897221416 3716676529 136 68617947 4939764
======================
   8      48 sdd 123199735 19602 7379008050 583126127 12554453 46562039 7898536616 3717295520 156 68622950 5559825
======================
   8      48 sdd 123199740 19602 7379008090 583127290 12556545 46562051 7899852456 3717916881 137 68627953 6182481
======================
   8      48 sdd 123199745 19602 7379008130 583128550 12558618 46562064 7901157160 3718520607 134 68632956 6787659
======================
   8      48 sdd 123200305 19602 7379125892 583130116 12560020 46562087 7902031320 3718937347 2 68636791 7181218
======================
   8      48 sdd 123205110 19602 7380355460 583139653 12560023 46562089 7902031360 3718937347 0 68641819 7190746
======================
   8      48 sdd 123209577 19602 7381498500 583149137 12560023 46562089 7902031360 3718937347 2 68646815 7200227
======================
   8      48 sdd 123214062 19602 7382646660 583158712 12560023 46562089 7902031360 3718937347 2 68651819 7209796
======================
   8      48 sdd 123218953 19602 7383898500 583168216 12560023 46562089 7902031360 3718937347 2 68656822 7219294
======================
   8      48 sdd 123223842 19602 7385149828 583177706 12560023 46562089 7902031360 3718937347 2 68661825 7228778
======================
   8      48 sdd 123228728 19602 7386400388 583187238 12560023 46562089 7902031360 3718937347 2 68666829 7238297
started
======================
   8      48 sdd 123232626 19602 7387398020 583194832 12560023 46562089 7902031360 3718937347 0 68670815 7245884
======================
   8      48 sdd 123237265 19602 7388737676 583503743 12560025 46562089 7902031376 3718937348 63 68675732 7557449
======================
   8      48 sdd 123241982 19602 7390094244 583821919 12560025 46562089 7902031376 3718937348 64 68680744 7874977
======================
   8      48 sdd 123246700 19602 7391450564 584138696 12560025 46562089 7902031376 3718937348 63 68685747 8192225
======================
   8      48 sdd 123251441 19602 7392811604 584455357 12560025 46562089 7902031376 3718937348 63 68690750 8508398
======================
   8      48 sdd 123256155 19602 7394168148 584771166 12560025 46562089 7902031376 3718937348 65 68695753 8824897
======================
   8      48 sdd 123260925 19602 7395529556 585088788 12560025 46562089 7902031376 3718937348 64 68700757 9141786
======================
   8      48 sdd 123265657 19602 7396888660 585405312 12560025 46562089 7902031376 3718937348 63 68705762 9458453
======================
   8      48 sdd 123270407 19602 7398245460 585721952 12560025 46562089 7902031376 3718937348 61 68710766 9775048
======================
   8      48 sdd 123275144 19602 7399604308 586038298 12560025 46562089 7902031376 3718937348 64 68715769 10091292
======================
   8      48 sdd 123279871 19602 7400958548 586354745 12560025 46562089 7902031376 3718937348 62 68720772 10408178
======================
   8      48 sdd 123284634 19602 7402321996 586671505 12560025 46562089 7902031376 3718937348 63 68725775 10724382
======================
   8      48 sdd 123289378 19602 7403682636 586987876 12560025 46562089 7902031376 3718937348 62 68730778 11041011
======================
   8      48 sdd 123294148 19602 7405045708 587304571 12560025 46562089 7902031376 3718937348 61 68735790 11357648
======================
   8      48 sdd 123298881 19602 7406405068 587621361 12560025 46562089 7902031376 3718937348 64 68740794 11674434
======================
   8      48 sdd 123303625 19602 7407763916 587937708 12560025 46562089 7902031376 3718937348 62 68745798 11990999
======================
   8      48 sdd 123308359 19602 7409120820 588254646 12560025 46562089 7902031376 3718937348 64 68750802 12307526
======================
   8      48 sdd 123313103 19602 7410481972 588570033 12560025 46562089 7902031376 3718937348 64 68755805 12623243
======================
   8      48 sdd 123317875 19602 7411845684 588886713 12560025 46562089 7902031376 3718937348 62 68760809 12939522
======================
   8      48 sdd 123322604 19602 7413204412 589202887 12560025 46562089 7902031376 3718937348 64 68765813 13256061
======================
   8      48 sdd 123327363 19602 7414567868 589518922 12560025 46562089 7902031376 3718937348 63 68770816 13572149
======================
   8      48 sdd 123332139 19602 7415936188 589835270 12560025 46562089 7902031376 3718937348 65 68775820 13888147
======================
   8      48 sdd 123336863 19602 7417292988 590151200 12560025 46562089 7902031376 3718937348 64 68780823 14204298
======================
   8      48 sdd 123341609 19602 7418651836 590467570 12560025 46562089 7902031376 3718937348 63 68785827 14520498
======================
   8      48 sdd 123346336 19602 7420008892 590784064 12560025 46562089 7902031376 3718937348 63 68790831 14837165
======================
   8      48 sdd 123351081 19602 7421367228 591100569 12560025 46562089 7902031376 3718937348 62 68795835 15153697
======================
   8      48 sdd 123355817 19602 7422726076 591416757 12560025 46562089 7902031376 3718937348 62 68800838 15469636
======================
   8      48 sdd 123360572 19602 7424089276 591732875 12560025 46562089 7902031376 3718937348 62 68805841 15786099
======================
   8      48 sdd 123365343 19602 7425455292 592049762 12560025 46562089 7902031376 3718937348 64 68810844 16102568
======================
   8      48 sdd 123370070 19602 7426813916 592366430 12560025 46562089 7902031376 3718937348 63 68815848 16419492
======================
   8      48 sdd 123374829 19602 7428175108 592683101 12560025 46562089 7902031376 3718937348 62 68820851 16735987
======================
   8      48 sdd 123379557 19602 7429533700 592998676 12560025 46562089 7902031376 3718937348 64 68825855 17051693
======================
   8      48 sdd 123384297 19602 7430892548 593315519 12560025 46562089 7902031376 3718937348 65 68830858 17368658
======================
   8      48 sdd 123389033 19602 7432253700 593631233 12560025 46562089 7902031376 3718937348 64 68835861 17684175
======================
   8      48 sdd 123393781 19602 7433617188 593947522 12560025 46562089 7902031376 3718937348 63 68840864 18000666
======================
   8      48 sdd 123398555 19602 7434984740 594264169 12560025 46562089 7902031376 3718937348 62 68845868 18316993
======================
   8      48 sdd 123403279 19602 7436341284 594580531 12560025 46562089 7902031376 3718937348 62 68850871 18633550
======================
   8      48 sdd 123408018 19602 7437700132 594896874 12560025 46562089 7902031376 3718937348 61 68855874 18949720
======================
   8      48 sdd 123412748 19602 7439058980 595212927 12560025 46562089 7902031376 3718937348 64 68860877 19265889
======================
   8      48 sdd 123417473 19602 7440415268 595528786 12560025 46562089 7902031376 3718937348 61 68865880 19581869
======================
   8      48 sdd 123422191 19602 7441774116 595844601 12560025 46562089 7902031376 3718937348 64 68870884 19897613
======================
   8      48 sdd 123426923 19602 7443130588 596160439 12560025 46562089 7902031376 3718937348 63 68875887 20213599
======================
   8      48 sdd 123431667 19602 7444489436 596476607 12560025 46562089 7902031376 3718937348 62 68880890 20529357
======================
   8      48 sdd 123436394 19602 7445845980 596791617 12560025 46562089 7902031376 3718937348 63 68885893 20844513
======================
   8      48 sdd 123441115 19602 7447200476 597107217 12560025 46562089 7902031376 3718937348 63 68890896 21160161
======================
   8      48 sdd 123445824 19602 7448554796 597422600 12560025 46562089 7902031376 3718937348 65 68895900 21475527
======================
   8      48 sdd 123450565 19602 7449913132 597738724 12560025 46562089 7902031376 3718937348 61 68900903 21791665
======================
   8      48 sdd 123455304 19602 7451271980 598054061 12560025 46562089 7902031376 3718937348 65 68905906 22107010
======================
   8      48 sdd 123460064 19602 7452640044 598369459 12560025 46562089 7902031376 3718937348 62 68910909 22422523
======================
   8      48 sdd 123464792 19602 7453996588 598684937 12560025 46562089 7902031376 3718937348 63 68915912 22738074
======================
   8      48 sdd 123469519 19602 7455353644 599000725 12560025 46562089 7902031376 3718937348 64 68920916 23053483
======================
   8      48 sdd 123474270 19602 7456717356 599316764 12560025 46562089 7902031376 3718937348 62 68925919 23369464
======================
   8      48 sdd 123478998 19602 7458075844 599632209 12560025 46562089 7902031376 3718937348 64 68930922 23685104
======================
   8      48 sdd 123483740 19602 7459436996 599947439 12560025 46562089 7902031376 3718937348 63 68935926 24000478
======================
   8      48 sdd 123488476 19602 7460795844 600262778 12560025 46562089 7902031376 3718937348 62 68940930 24315755
======================
   8      48 sdd 123493196 19602 7462152388 600578158 12560025 46562089 7902031376 3718937348 63 68945933 24630919
======================
   8      48 sdd 123497910 19602 7463506884 600893424 12560025 46562089 7902031376 3718937348 64 68950936 24946366
======================
   8      48 sdd 123502643 19602 7464865956 601208729 12560025 46562089 7902031376 3718937348 64 68955939 25261507
======================
   8      48 sdd 123507377 19602 7466225060 601524224 12560025 46562089 7902031376 3718937348 64 68960944 25577004
======================
   8      48 sdd 123512113 19602 7467581308 601840738 12560025 46562089 7902031376 3718937348 62 68965947 25893706
======================
   8      48 sdd 123516860 19602 7468944764 602156563 12560025 46562089 7902031376 3718937348 62 68970950 26209395
======================
   8      48 sdd 123521600 19602 7470306172 602471925 12560025 46562089 7902031376 3718937348 64 68975953 26524744
======================
   8      48 sdd 123526349 19602 7471669628 602787283 12560025 46562089 7902031376 3718937348 63 68980957 26840055
======================
   8      48 sdd 123531089 19602 7473029756 603103315 12560025 46562089 7902031376 3718937348 64 68985965 27155932
======================
   8      48 sdd 123535830 19602 7474388348 603418399 12560025 46562089 7902031376 3718937348 64 68990969 27471343
======================
   8      48 sdd 123540583 19602 7475751572 603733548 12560025 46562089 7902031376 3718937348 62 68995972 27786213
======================
   8      48 sdd 123545309 19602 7477110420 604048917 12560025 46562089 7902031376 3718937348 63 69000975 28101604
======================
   8      48 sdd 123550067 19602 7478476180 604363158 12560025 46562089 7902031376 3718937348 63 69005978 28415953
======================
   8      48 sdd 123554791 19602 7479833748 604678184 12560025 46562089 7902031376 3718937348 63 69010982 28730894
======================
   8      48 sdd 123559513 19602 7481190292 604993105 12560025 46562089 7902031376 3718937348 63 69015985 29045844
======================
   8      48 sdd 123564268 19602 7482555628 605308093 12560025 46562089 7902031376 3718937348 64 69020989 29361043
======================
   8      48 sdd 123568996 19602 7483912436 605623319 12560025 46562089 7902031376 3718937348 63 69025993 29676061
======================
   8      48 sdd 123573748 19602 7485274932 605939881 12560025 46562089 7902031376 3718937348 61 69030999 29992435
======================
   8      48 sdd 123578489 19602 7486635060 606254629 12560025 46562089 7902031376 3718937348 62 69036003 30307300
======================
   8      48 sdd 123583228 19602 7487995884 606569441 12560025 46562089 7902031376 3718937348 62 69041006 30621972
======================
   8      48 sdd 123587955 19602 7489352524 606883634 12560025 46562089 7902031376 3718937348 64 69046010 30936319
======================
   8      48 sdd 123592689 19602 7490711156 607198961 12560025 46562089 7902031376 3718937348 59 69051013 31251627
======================
   8      48 sdd 123597419 19602 7492068724 607513269 12560025 46562089 7902031376 3718937348 63 69056023 31565982
======================
   8      48 sdd 123602138 19602 7493423220 607829387 12560025 46562089 7902031376 3718937348 64 69061026 31882115
======================
   8      48 sdd 123606865 19602 7494777636 608145231 12560025 46562089 7902031376 3718937348 60 69066029 32197793
======================
   8      48 sdd 123611599 19602 7496136740 608460252 12560025 46562089 7902031376 3718937348 62 69071033 32513003
======================
   8      48 sdd 123616335 19602 7497494820 608775991 12560025 46562089 7902031376 3718937348 58 69076036 32828592
======================
   8      48 sdd 123621077 19602 7498853716 609091293 12560025 46562089 7902031376 3718937348 62 69081039 33143865
======================
   8      48 sdd 123625808 19602 7500210044 609406832 12560025 46562089 7902031376 3718937348 62 69086042 33459584
======================
   8      48 sdd 123630553 19602 7501571188 609722172 12560025 46562089 7902031376 3718937348 64 69091045 33775040
======================
   8      48 sdd 123635291 19602 7502928044 610037096 12560025 46562089 7902031376 3718937348 62 69096049 34089589
======================
   8      48 sdd 123640015 19602 7504284332 610351672 12560025 46562089 7902031376 3718937348 64 69101052 34404310
======================
   8      48 sdd 123644758 19602 7505645740 610666597 12560025 46562089 7902031376 3718937348 59 69106055 34719154
======================
   8      48 sdd 123649486 19602 7507002140 610981649 12560025 46562089 7902031376 3718937348 63 69111059 35034151
======================
   8      48 sdd 123654213 19602 7508358044 611296439 12560025 46562089 7902031376 3718937348 62 69116062 35349151
======================
   8      48 sdd 123658937 19602 7509712540 611611734 12560025 46562089 7902031376 3718937348 65 69121065 35664436
======================
   8      48 sdd 123663677 19602 7511071444 611927031 12560025 46562089 7902031376 3718937348 63 69126068 35979455
======================
   8      48 sdd 123668413 19602 7512432596 612241079 12560025 46562089 7902031376 3718937348 64 69131072 36293795
======================
   8      48 sdd 123673162 19602 7513793860 612556431 12560025 46562089 7902031376 3718937348 60 69136076 36608944
======================
   8      48 sdd 123677898 19602 7515155188 612871123 12560025 46562089 7902031376 3718937348 64 69141079 36923623
======================
   8      48 sdd 123682631 19602 7516511444 613186131 12560025 46562089 7902031376 3718937348 61 69146082 37238756
======================
   8      48 sdd 123687353 19602 7517865684 613498428 12560025 46562089 7902031376 3718937348 62 69151085 37550994
======================
   8      48 sdd 123692092 19602 7519222484 613776609 12560025 46562089 7902031376 3718937348 34 69156089 37827612
