247.665
2269.049
887.614
591.854
2081.923
1367.628
852.716
896.706
1001.404
1698.191
1640.061
854.811
239.051
2319.662
1701.706
851.834
91.780
2557.133
941.833
849.359
852.059
1098.164
2233.172
866.033
1693.521
7.498
2498.330
827.337
844.740
844.664
982.607
1639.902
1338.530
423.535
197.471
2977.437
0.000
837.683
833.486
52.492
3188.116
9.898
899.870
747.799
752.010
2511.330
837.422
150.666
99.978
2793.176
824.628
822.618
161.064
1954.943
1358.919
837.130
827.235
19.195
2506.368
826.525
1065.468
156.367
2260.980
1113.351
832.739
832.425
3.399
2485.923
912.906
799.821
128.371
2705.258
365.720
1196.178
603.367
99.979
3100.540
0.300
1004.204
694.239
499.791
2490.534
828.529
828.808
152.165
1298.879
1584.815
817.361
897.225
99.979
2099.641
799.853
1456.434
244.149
103.479
2486.347
831.674
1441.182
335.453
1569.193
1034.762
1543.385
151.979
100.886
2493.381
905.268
799.888
103.684
2478.972
829.271
887.487
799.881
470.830
2533.247
827.122
828.639
139.267
899.816
1599.789
1346.424
353.519
99.977
2495.730
827.524
829.913
147.269
2032.762
1286.840
830.548
47.390
1099.817
1585.955
828.946
884.528
100.879
1698.829
1613.362
831.487
830.990
24.196
1001.267
2125.471
845.421
832.718
94.577
2483.452
830.522
830.623
155.365
2493.392
829.122
829.428
830.322
17.896
2492.644
824.334
879.610
101.277
2500.390
837.478
831.378
328.741
1028.001
1645.481
1264.048
607.309
154.275
2478.930
864.869
834.863
121.272
917.311
1681.677
1332.456
1063.577
0.000
1036.711
1466.255
899.810
799.831
101.478
2202.647
1115.578
781.357
16.197
775.698
1793.558
844.237
867.821
501.198
101.377
2625.040
