======================
   8      16 sdb 26459 0 211378 5220378 17269081 21797117 5778778032 3974685189 1 31317509 3979850727
======================
   8      16 sdb 26551 0 212114 5222461 17271307 21797117 5780180912 3975167935 140 31322380 3980358090
======================
   8      16 sdb 26557 0 212162 5224117 17273719 21797150 5781691192 3975775213 138 31327382 3980964651
======================
   8      16 sdb 26564 0 212218 5226217 17276155 21797165 5783224392 3976302284 146 31332384 3981493781
======================
   8      16 sdb 26570 0 212266 5227944 17278564 21797179 5784740184 3976897330 129 31337387 3982088422
======================
   8      16 sdb 26576 0 212314 5229369 17280966 21797194 5786251880 3977499237 147 31342388 3982689866
======================
   8      16 sdb 26582 0 212362 5230982 17283376 21797209 5787768952 3978074088 113 31347390 3983269436
======================
   8      16 sdb 26588 0 212410 5232438 17285784 21797224 5789284488 3978661125 152 31352392 3983858460
======================
   8      16 sdb 26595 0 212466 5234705 17288180 21797239 5790792600 3979183757 132 31357394 3984374851
======================
   8      16 sdb 26600 0 212506 5235982 17290544 21797253 5792279848 3979792397 1 31362398 3984973767
======================
   8      16 sdb 26606 0 212554 5237626 17293003 21797268 5793827768 3980388646 41 31367401 3985582420
======================
   8      16 sdb 26613 0 212610 5239616 17295429 21797284 5795354200 3980923486 115 31372406 3986127284
======================
   8      16 sdb 26619 0 212658 5240944 17297841 21797299 5796872296 3981512105 146 31377408 3986719224
======================
   8      16 sdb 26625 0 212706 5242867 17300125 21797314 5798309752 3982050263 1 31382411 3987238363
======================
   8      16 sdb 26632 0 212762 5244940 17302668 21797328 5799910024 3982593689 144 31387414 3987799855
======================
   8      16 sdb 26638 0 212810 5246785 17305083 21797343 5801430040 3983150601 132 31392416 3988354626
======================
   8      16 sdb 26644 0 212858 5248869 17307454 21797358 5802922408 3983667180 144 31397419 3988881038
======================
   8      16 sdb 26650 0 212906 5250467 17309860 21797373 5804436920 3984265193 152 31402421 3989485590
======================
   8      16 sdb 26656 0 212954 5252060 17312289 21797388 5805965640 3984854367 159 31407423 3990066439
======================
   8      16 sdb 26662 0 213002 5253381 17314679 21797402 5807469272 3985433608 1 31412425 3990632377
======================
   8      16 sdb 26668 0 213050 5255361 17317126 21797416 5809009504 3985993214 53 31417428 3991207185
======================
   8      16 sdb 26675 0 213106 5257322 17319528 21797429 5810521440 3986506710 124 31422431 3991728677
======================
   8      16 sdb 26681 0 213154 5258878 17321949 21797444 5812044032 3987077485 152 31427434 3992303920
======================
   8      16 sdb 26687 0 213202 5260543 17324381 21797459 5813574928 3987646032 155 31432436 3992873094
======================
   8      16 sdb 26694 0 213258 5263045 17326735 21797473 5815055776 3988157120 148 31437438 3993368874
======================
   8      16 sdb 26699 0 213298 5264398 17329124 21797488 5816559664 3988738423 111 31442440 3993969171
======================
   8      16 sdb 26706 0 213354 5266676 17331335 21797503 5817951168 3989258358 150 31447442 3994471898
======================
   8      16 sdb 26712 0 213402 5268260 17333848 21797516 5819532232 3989834177 155 31452446 3995068031
======================
   8      16 sdb 26717 0 213442 5269750 17336242 21797529 5821039048 3990408862 75 31457448 3995641087
======================
   8      16 sdb 26724 0 213498 5271990 17338579 21797543 5822509528 3990923581 152 31462449 3996165913
======================
   8      16 sdb 26730 0 213546 5273909 17340973 21797558 5824016360 3991490395 159 31467452 3996725405
======================
   8      16 sdb 26736 0 213594 5275784 17343369 21797573 5825524472 3992064589 133 31472455 3997299031
======================
   8      16 sdb 26742 0 213642 5277824 17345725 21797588 5827007840 3992555957 149 31477456 3997801626
======================
   8      16 sdb 26748 0 213690 5279516 17348121 21797597 5828514672 3993131193 151 31482457 3998378260
======================
   8      16 sdb 26755 0 213746 5281424 17350488 21797615 5830003872 3993695731 154 31487460 3998931522
======================
   8      16 sdb 26760 0 213786 5282961 17352882 21797625 5831511296 3994263186 98 31492463 3999511570
======================
   8      16 sdb 26766 0 213834 5284728 17355272 21797640 5833015568 3994834595 138 31497466 4000085552
======================
   8      16 sdb 26773 0 213890 5286918 17357621 21797654 5834494104 3995343656 134 31502467 4000590306
======================
   8      16 sdb 26779 0 213938 5288475 17360012 21797667 5835998368 3995935744 147 31507471 4001177519
======================
   8      16 sdb 26784 0 213978 5289839 17362374 21797681 5837485224 3996529954 147 31512473 4001775838
======================
   8      16 sdb 26789 0 214018 5291296 17364731 21797696 5838968632 3997120596 152 31517476 4002359697
======================
   8      16 sdb 26794 0 214058 5292770 17367091 21797709 5840453312 3997699733 1 31522479 4002937428
======================
   8      16 sdb 26801 0 214114 5294573 17369416 21797724 5841916752 3998241976 154 31527482 4003483930
======================
   8      16 sdb 26807 0 214162 5296347 17371786 21797738 5843407208 3998815484 151 31532485 4004064675
======================
   8      16 sdb 26812 0 214202 5297525 17374150 21797743 5844896280 3999438513 23 31537487 4004687295
======================
   8      16 sdb 26819 0 214258 5299743 17376452 21797758 5846345256 3999949134 135 31542489 4005211258
======================
   8      16 sdb 26825 0 214306 5301216 17378823 21797770 5847836968 4000533611 136 31547492 4005792771
======================
   8      16 sdb 26830 0 214346 5302845 17381170 21797785 5849314232 4001088526 85 31552496 4006353558
======================
   8      16 sdb 26837 0 214402 5304930 17383490 21797800 5850774472 4001630106 140 31557499 4006900366
======================
   8      16 sdb 26842 0 214442 5306350 17385836 21797815 5852250840 4002231383 1 31562502 4007482754
======================
   8      16 sdb 26849 0 214498 5308264 17388189 21797830 5853731944 4002770737 147 31567504 4008044565
======================
   8      16 sdb 26855 0 214546 5310211 17390532 21797842 5855205992 4003306438 156 31572506 4008572977
======================
   8      16 sdb 26861 0 214594 5311845 17392892 21797857 5856691320 4003890790 154 31577510 4009155990
======================
   8      16 sdb 26867 0 214642 5313982 17395230 21797872 5858163080 4004401209 156 31582513 4009680406
======================
   8      16 sdb 26872 0 214682 5315178 17397502 21797886 5859591584 4005026335 1 31587516 4010286582
======================
   8      16 sdb 26878 0 214730 5317242 17399835 21797899 5861060128 4005557045 150 31592518 4010842834
======================
   8      16 sdb 26885 0 214786 5319387 17402122 21797913 5862498864 4006099967 128 31597521 4011372240
======================
   8      16 sdb 26890 0 214826 5320891 17404418 21797926 5863943856 4006655107 141 31602524 4011942485
======================
   8      16 sdb 26897 0 214882 5322938 17406708 21797941 5865385280 4007180459 154 31607526 4012472201
======================
   8      16 sdb 26902 0 214922 5324409 17408994 21797953 5866823360 4007750764 128 31612528 4013041202
======================
   8      16 sdb 26908 0 214970 5326301 17411296 21797968 5868272336 4008316524 138 31617531 4013595862
======================
   8      16 sdb 26914 0 215018 5327916 17413570 21797984 5869702768 4008881098 129 31622533 4014174424
======================
   8      16 sdb 26920 0 215066 5329726 17415873 21797996 5871151728 4009444001 147 31627536 4014728457
======================
   8      16 sdb 26925 0 215106 5331238 17418196 21798011 5872613888 4010015875 86 31632539 4015311567
======================
   8      16 sdb 26932 0 215162 5333409 17420440 21798026 5874024992 4010545044 144 31637540 4015846951
======================
   8      16 sdb 26937 0 215202 5334799 17422763 21798039 5875486880 4011122594 103 31642542 4016423881
======================
   8      16 sdb 26943 0 215250 5336752 17424948 21798054 5876862000 4011675145 1 31647543 4016956592
======================
   8      16 sdb 26949 0 215298 5338158 17427333 21798067 5878362680 4012278432 116 31652547 4017584367
======================
   8      16 sdb 26955 0 215346 5340435 17429655 21798080 5879824184 4012779860 145 31657549 4018083955
======================
   8      16 sdb 26961 0 215394 5342441 17431920 21798095 5881249736 4013304967 111 31662550 4018614425
======================
   8      16 sdb 26967 0 215442 5343992 17434210 21798107 5882690376 4013876601 151 31667552 4019189498
======================
   8      16 sdb 26972 0 215482 5345678 17436502 21798122 5884132952 4014454647 112 31672556 4019767088
======================
   8      16 sdb 26979 0 215538 5347734 17438742 21798135 5885542744 4014961761 133 31677558 4020278384
======================
   8      16 sdb 26984 0 215578 5349482 17441034 21798150 5886985320 4015537043 142 31682561 4020855402
======================
   8      16 sdb 26989 0 215618 5350939 17443278 21798163 5888397416 4016105635 1 31687564 4021401414
======================
   8      16 sdb 26996 0 215674 5353402 17445581 21798178 5889845768 4016609765 149 31692566 4021932236
======================
   8      16 sdb 27001 0 215714 5355065 17447862 21798191 5891281288 4017159128 1 31697569 4022458964
======================
   8      16 sdb 27008 0 215770 5357154 17449962 21798206 5892603032 4017703611 148 31702572 4023007725
======================
   8      16 sdb 27013 0 215810 5358388 17452286 21798218 5894065176 4018289012 141 31707574 4023616305
======================
   8      16 sdb 27018 0 215850 5359578 17454512 21798233 5895466024 4018903003 17 31712577 4024211865
======================
   8      16 sdb 27025 0 215906 5362168 17456697 21798246 5896841128 4019364707 152 31717580 4024685473
======================
   8      16 sdb 27030 0 215946 5363598 17458931 21798258 5898246440 4019936817 131 31722582 4025268247
======================
   8      16 sdb 27035 0 215986 5365249 17461153 21798273 5899644984 4020529203 42 31727584 4025849767
======================
   8      16 sdb 27042 0 216042 5367197 17463372 21798286 5901041592 4021057520 155 31732586 4026393276
======================
   8      16 sdb 27047 0 216082 5368698 17465601 21798301 5902444360 4021649610 152 31737590 4026984347
======================
   8      16 sdb 27052 0 216122 5370237 17467823 21798319 5903841032 4022221899 40 31742594 4027546838
started
======================
   8      16 sdb 27178 0 217124 5371924 17469071 21798332 5904619352 4022499711 0 31745436 4027815974
======================
   8      16 sdb 27183 0 217164 5371930 17472869 21798332 5904650008 4022795757 151 31747592 4028124920
======================
   8      16 sdb 27183 0 217164 5371930 17477264 21798332 5904685560 4023512668 140 31752595 4028842677
======================
   8      16 sdb 27183 0 217164 5371930 17481744 21798332 5904721744 4024230769 140 31757598 4029560502
======================
   8      16 sdb 27183 0 217164 5371930 17486247 21798332 5904758136 4024950382 149 31762601 4030277784
======================
   8      16 sdb 27183 0 217164 5371930 17490859 21798334 5904795520 4025668775 147 31767604 4030996433
======================
   8      16 sdb 27183 0 217164 5371930 17495513 21798335 5904833288 4026385747 135 31772607 4031714202
======================
   8      16 sdb 27183 0 217164 5371930 17500115 21798336 5904870600 4027104638 143 31777610 4032431866
======================
   8      16 sdb 27183 0 217164 5371930 17504712 21798337 5904907864 4027822214 156 31782613 4033149975
======================
   8      16 sdb 27183 0 217164 5371930 17509317 21798338 5904945224 4028542503 129 31787616 4033868731
======================
   8      16 sdb 27183 0 217164 5371930 17513834 21798339 5904981936 4029256992 158 31792618 4034586170
======================
   8      16 sdb 27183 0 217164 5371930 17518312 21798340 5905018200 4029975509 130 31797621 4035304110
======================
   8      16 sdb 27183 0 217164 5371930 17522796 21798341 5905054696 4030694300 160 31802624 4036022958
======================
   8      16 sdb 27183 0 217164 5371930 17527323 21798341 5905091496 4031413613 145 31807626 4036740321
======================
   8      16 sdb 27183 0 217164 5371930 17531860 21798342 5905128280 4032131973 154 31812629 4037458011
======================
   8      16 sdb 27183 0 217164 5371930 17536527 21798343 5905166080 4032851020 129 31817632 4038177642
======================
   8      16 sdb 27183 0 217164 5371930 17541072 21798344 5905203064 4033566958 130 31822635 4038895800
======================
   8      16 sdb 27183 0 217164 5371930 17545703 21798345 5905240664 4034286871 141 31827637 4039614866
======================
   8      16 sdb 27183 0 217164 5371930 17550331 21798346 5905278288 4035007032 155 31832642 4040333754
======================
   8      16 sdb 27183 0 217164 5371930 17554871 21798347 5905315336 4035726760 129 31837644 4041052803
======================
   8      16 sdb 27183 0 217164 5371930 17559438 21798348 5905352480 4036445538 140 31842647 4041771346
======================
   8      16 sdb 27183 0 217164 5371930 17564067 21798349 5905390056 4037161765 153 31847649 4042488146
======================
   8      16 sdb 27183 0 217164 5371930 17568640 21798350 5905427344 4037879721 158 31852652 4043205981
======================
   8      16 sdb 27183 0 217164 5371930 17573314 21798351 5905465304 4038597968 158 31857655 4043924625
======================
   8      16 sdb 27183 0 217164 5371930 17577790 21798351 5905501776 4039316126 130 31862657 4044643214
======================
   8      16 sdb 27183 0 217164 5371930 17582338 21798352 5905538896 4040030689 128 31867660 4045359748
======================
   8      16 sdb 27183 0 217164 5371930 17586971 21798353 5905576800 4040751842 137 31872663 4046078556
======================
   8      16 sdb 27183 0 217164 5371930 17591528 21798354 5905613840 4041469679 158 31877665 4046795869
======================
   8      16 sdb 27183 0 217164 5371930 17596158 21798355 5905651632 4042188303 138 31882669 4047514624
======================
   8      16 sdb 27183 0 217164 5371930 17600775 21798356 5905689320 4042904394 131 31887671 4048232702
======================
   8      16 sdb 27183 0 217164 5371930 17605273 21798357 5905726096 4043623555 147 31892674 4048951121
======================
   8      16 sdb 27183 0 217164 5371930 17609846 21798358 5905763416 4044343521 152 31897677 4049669704
======================
   8      16 sdb 27183 0 217164 5371930 17614375 21798359 5905800208 4045060417 137 31902680 4050388308
======================
   8      16 sdb 27183 0 217164 5371930 17619002 21798360 5905838008 4045779205 152 31907683 4051105619
======================
   8      16 sdb 27183 0 217164 5371930 17623560 21798361 5905875296 4046494928 140 31912686 4051824631
======================
   8      16 sdb 27183 0 217164 5371930 17628265 21798362 5905913656 4047215691 140 31917689 4052541963
======================
   8      16 sdb 27183 0 217164 5371930 17632689 21798362 5905949792 4047933792 133 31922692 4053261013
======================
   8      16 sdb 27183 0 217164 5371930 17637424 21798363 5905988432 4048651161 136 31927694 4053979318
======================
   8      16 sdb 27183 0 217164 5371930 17642038 21798364 5906026240 4049369014 132 31932697 4054697311
======================
   8      16 sdb 27183 0 217164 5371930 17646704 21798365 5906064248 4050087284 140 31937700 4055414850
======================
   8      16 sdb 27183 0 217164 5371930 17651326 21798366 5906102064 4050806245 128 31942702 4056131812
======================
   8      16 sdb 27183 0 217164 5371930 17656002 21798367 5906140248 4051524084 158 31947706 4056850477
======================
   8      16 sdb 27183 0 217164 5371930 17660650 21798368 5906178296 4052239161 152 31952709 4057567912
======================
   8      16 sdb 27183 0 217164 5371930 17665324 21798369 5906216632 4052958895 152 31957711 4058285320
======================
   8      16 sdb 27183 0 217164 5371930 17670050 21798370 5906255440 4053676706 132 31962715 4059002070
======================
   8      16 sdb 27183 0 217164 5371930 17674695 21798371 5906293608 4054390058 129 31967718 4059721244
======================
   8      16 sdb 27183 0 217164 5371930 17679242 21798372 5906330816 4055111922 128 31972721 4060440118
======================
   8      16 sdb 27183 0 217164 5371930 17684001 21798373 5906369936 4055832495 139 31977724 4061158260
======================
   8      16 sdb 27183 0 217164 5371930 17688648 21798374 5906407840 4056550182 134 31982727 4061876216
======================
   8      16 sdb 27183 0 217164 5371930 17693479 21798375 5906447544 4057267502 137 31987729 4062593828
======================
   8      16 sdb 27183 0 217164 5371930 17698041 21798375 5906484784 4057984895 151 31992732 4063311763
======================
   8      16 sdb 27183 0 217164 5371930 17702531 21798376 5906521680 4058703469 143 31997735 4064029195
======================
   8      16 sdb 27183 0 217164 5371930 17707350 21798377 5906561264 4059419555 158 32002738 4064747702
======================
   8      16 sdb 27183 0 217164 5371930 17711966 21798378 5906599112 4060140872 152 32007741 4065466597
======================
   8      16 sdb 27183 0 217164 5371930 17716767 21798379 5906638672 4060857349 153 32012743 4066184125
======================
   8      16 sdb 27183 0 217164 5371930 17721510 21798380 5906677696 4061576435 148 32017746 4066902907
======================
   8      16 sdb 27183 0 217164 5371930 17726200 21798381 5906716264 4062295372 132 32022749 4067621602
======================
   8      16 sdb 27183 0 217164 5371930 17730898 21798382 5906754952 4063009702 140 32027752 4068338971
======================
   8      16 sdb 27183 0 217164 5371930 17735557 21798383 5906793128 4063729526 155 32032754 4069057510
======================
   8      16 sdb 27183 0 217164 5371930 17740376 21798384 5906832384 4064449663 138 32037757 4069775608
======================
   8      16 sdb 27183 0 217164 5371930 17745180 21798385 5906871632 4065165177 136 32042760 4070492994
======================
   8      16 sdb 27183 0 217164 5371930 17750071 21798386 5906911544 4065884669 143 32047762 4071211249
======================
   8      16 sdb 27183 0 217164 5371930 17754908 21798387 5906951232 4066603245 140 32052765 4071929601
======================
   8      16 sdb 27183 0 217164 5371930 17759819 21798388 5906991384 4067320573 159 32057768 4072647332
======================
   8      16 sdb 27183 0 217164 5371930 17764676 21798389 5907031056 4068039087 136 32062771 4073365859
======================
   8      16 sdb 27183 0 217164 5371930 17769652 21798390 5907071584 4068760920 154 32067793 4074086130
======================
   8      16 sdb 27183 0 217164 5371930 17774439 21798391 5907110824 4069475531 137 32072796 4074804494
======================
   8      16 sdb 27183 0 217164 5371930 17779356 21798392 5907151088 4070195468 150 32077799 4075522867
======================
   8      16 sdb 27183 0 217164 5371930 17784257 21798393 5907190928 4070915306 147 32082801 4076240441
======================
   8      16 sdb 27183 0 217164 5371930 17789093 21798394 5907230288 4071630375 145 32087805 4076958997
======================
   8      16 sdb 27183 0 217164 5371930 17793886 21798395 5907269320 4072348753 154 32092809 4077676690
======================
   8      16 sdb 27183 0 217164 5371930 17798692 21798396 5907308448 4073069002 149 32097812 4078394409
======================
   8      16 sdb 27183 0 217164 5371930 17803311 21798396 5907346096 4073785908 139 32102816 4079112434
======================
   8      16 sdb 27183 0 217164 5371930 17808121 21798397 5907385312 4074503693 131 32107819 4079830704
======================
   8      16 sdb 27183 0 217164 5371930 17812953 21798398 5907424848 4075224358 133 32112823 4080548864
======================
   8      16 sdb 27183 0 217164 5371930 17817543 21798399 5907462216 4075940905 153 32117826 4081267778
======================
   8      16 sdb 27183 0 217164 5371930 17822302 21798400 5907500912 4076659497 132 32122828 4081985604
======================
   8      16 sdb 27183 0 217164 5371930 17826916 21798401 5907538488 4077377124 128 32127831 4082702895
======================
   8      16 sdb 27183 0 217164 5371930 17831603 21798402 5907576760 4078095214 147 32132834 4083421795
======================
   8      16 sdb 27183 0 217164 5371930 17836346 21798403 5907615376 4078813653 142 32137836 4084140087
======================
   8      16 sdb 27183 0 217164 5371930 17841147 21798404 5907654680 4079530813 143 32142839 4084857796
======================
   8      16 sdb 27183 0 217164 5371930 17845773 21798405 5907692360 4080249304 159 32147842 4085576956
======================
   8      16 sdb 27183 0 217164 5371930 17850393 21798406 5907729960 4080965981 149 32152845 4086296028
======================
   8      16 sdb 27183 0 217164 5371930 17855093 21798407 5907768264 4081687287 155 32157848 4087014366
======================
   8      16 sdb 27183 0 217164 5371930 17859751 21798408 5907806232 4082407124 139 32162852 4087732616
======================
   8      16 sdb 27183 0 217164 5371930 17864510 21798409 5907845096 4083120581 150 32167854 4088451231
======================
   8      16 sdb 27183 0 217164 5371930 17869232 21798410 5907883560 4083842030 134 32172858 4089168858
======================
   8      16 sdb 27183 0 217164 5371930 17873861 21798410 5907921296 4084559058 145 32177861 4089886145
======================
   8      16 sdb 27183 0 217164 5371930 17878534 21798411 5907959384 4085277538 146 32182864 4090605145
======================
   8      16 sdb 27183 0 217164 5371930 17883228 21798412 5907997728 4085993847 158 32187866 4091323568
======================
   8      16 sdb 27183 0 217164 5371930 17887940 21798413 5908036272 4086711262 152 32192869 4092040999
======================
   8      16 sdb 27183 0 217164 5371930 17892637 21798414 5908074640 4087432784 129 32197872 4092758616
======================
   8      16 sdb 27183 0 217164 5371930 17897214 21798415 5908111992 4088149680 130 32202875 4093476108
======================
   8      16 sdb 27183 0 217164 5371930 17901700 21798416 5908148544 4088865694 158 32207879 4094193867
======================
   8      16 sdb 27183 0 217164 5371930 17906376 21798417 5908186696 4089585897 156 32212883 4094912404
======================
   8      16 sdb 27183 0 217164 5371930 17911035 21798418 5908224960 4090304052 139 32217886 4095631708
======================
   8      16 sdb 27183 0 217164 5371930 17915655 21798419 5908262816 4091024201 129 32222889 4096348961
======================
   8      16 sdb 27183 0 217164 5371930 17920399 21798420 5908301592 4091737416 155 32227893 4097066570
======================
   8      16 sdb 27183 0 217164 5371930 17924899 21798421 5908338264 4092456726 137 32232896 4097784522
======================
   8      16 sdb 27183 0 217164 5371930 17929444 21798422 5908375216 4093177463 138 32237898 4098502925
======================
   8      16 sdb 27183 0 217164 5371930 17934058 21798422 5908412976 4093893646 132 32242901 4099219254
======================
   8      16 sdb 27183 0 217164 5371930 17938536 21798423 5908449392 4094604850 136 32247904 4099936411
======================
   8      16 sdb 27183 0 217164 5371930 17943129 21798424 5908486920 4095328194 153 32252907 4100654790
======================
   8      16 sdb 27183 0 217164 5371930 17947700 21798425 5908524344 4096045779 128 32257910 4101373774
======================
   8      16 sdb 27183 0 217164 5371930 17952284 21798426 5908561784 4096763833 154 32262912 4102091444
======================
   8      16 sdb 27183 0 217164 5371930 17956878 21798427 5908599208 4097482924 138 32267915 4102810107
======================
   8      16 sdb 27183 0 217164 5371930 17961450 21798428 5908636688 4098201185 144 32272917 4103527931
======================
   8      16 sdb 27183 0 217164 5371930 17965985 21798429 5908673608 4098917793 155 32277920 4104245145
======================
   8      16 sdb 27183 0 217164 5371930 17970565 21798430 5908710968 4099632890 153 32282923 4104962226
======================
   8      16 sdb 27183 0 217164 5371930 17975211 21798431 5908748968 4100355263 149 32287926 4105680944
======================
   8      16 sdb 27183 0 217164 5371930 17979769 21798432 5908786160 4101071505 137 32292928 4106399336
======================
   8      16 sdb 27183 0 217164 5371930 17984378 21798433 5908823792 4101786669 137 32297932 4107115470
======================
   8      16 sdb 27183 0 217164 5371930 17988960 21798433 5908861192 4102504238 132 32302935 4107834407
======================
   8      16 sdb 27183 0 217164 5371930 17993605 21798434 5908899112 4103225132 129 32307938 4108552140
======================
   8      16 sdb 27183 0 217164 5371930 17998182 21798435 5908936480 4103942749 130 32312941 4109269778
======================
   8      16 sdb 27183 0 217164 5371930 18002809 21798436 5908974296 4104656951 145 32317945 4109985860
======================
   8      16 sdb 27183 0 217164 5371930 18007381 21798437 5909011472 4105377108 151 32322947 4110703410
======================
   8      16 sdb 27183 0 217164 5371930 18011941 21798438 5909048616 4106093866 137 32327951 4111421029
======================
   8      16 sdb 27183 0 217164 5371930 18016444 21798439 5909085320 4106811358 148 32332954 4112139022
======================
   8      16 sdb 27183 0 217164 5371930 18021081 21798440 5909123104 4107530801 153 32337957 4112858771
======================
   8      16 sdb 27183 0 217164 5371930 18025592 21798441 5909159912 4108249823 156 32342959 4113576521
======================
   8      16 sdb 27183 0 217164 5371930 18030155 21798442 5909197120 4108967175 139 32347962 4114294044
======================
   8      16 sdb 27183 0 217164 5371930 18034642 21798443 5909233688 4109684544 133 32352965 4115011988
======================
   8      16 sdb 27183 0 217164 5371930 18039188 21798443 5909270728 4110401746 132 32357968 4115730014
======================
   8      16 sdb 27183 0 217164 5371930 18043810 21798444 5909308504 4111122500 152 32362971 4116448025
======================
   8      16 sdb 27183 0 217164 5371930 18048593 21798445 5909347512 4111840210 139 32367974 4117165767
======================
   8      16 sdb 27183 0 217164 5371930 18053499 21798446 5909387576 4112558476 131 32372977 4117883934
======================
   8      16 sdb 27183 0 217164 5371930 18058359 21798447 5909427144 4113274240 137 32377980 4118602177
======================
   8      16 sdb 27183 0 217164 5371930 18063235 21798448 5909466984 4113990286 159 32382983 4119319014
======================
   8      16 sdb 27183 0 217164 5371930 18068164 21798449 5909507232 4114710542 128 32387986 4120036173
======================
   8      16 sdb 27183 0 217164 5371930 18073055 21798450 5909547104 4115428689 135 32392989 4120753920
======================
   8      16 sdb 27183 0 217164 5371930 18077996 21798451 5909587368 4116145180 156 32397992 4121472498
======================
   8      16 sdb 27183 0 217164 5371930 18082769 21798452 5909626416 4116864797 153 32402995 4122190371
======================
   8      16 sdb 27183 0 217164 5371930 18087700 21798453 5909666712 4117582387 152 32407998 4122907600
======================
   8      16 sdb 27183 0 217164 5371930 18092485 21798454 5909705888 4118299346 137 32413001 4123626073
======================
   8      16 sdb 27183 0 217164 5371930 18097402 21798455 5909746272 4119017263 150 32418003 4124344426
======================
   8      16 sdb 27183 0 217164 5371930 18102253 21798456 5909785824 4119737229 133 32423006 4125062815
======================
   8      16 sdb 27183 0 217164 5371930 18107062 21798457 5909825024 4120454407 158 32428009 4125780364
======================
   8      16 sdb 27183 0 217164 5371930 18111792 21798458 5909863632 4121170806 134 32433012 4126497760
======================
   8      16 sdb 27183 0 217164 5371930 18116425 21798459 5909901576 4121882010 143 32438014 4127215636
======================
   8      16 sdb 27183 0 217164 5371930 18121035 21798460 5909939176 4122606184 143 32443018 4127933163
======================
   8      16 sdb 27183 0 217164 5371930 18125829 21798460 5909978176 4123324594 149 32448021 4128650937
======================
   8      16 sdb 27183 0 217164 5371930 18130584 21798461 5910017008 4124040563 132 32453023 4129368615
======================
   8      16 sdb 27183 0 217164 5371930 18135253 21798462 5910055200 4124762110 137 32458028 4130087563
======================
   8      16 sdb 27183 0 217164 5371930 18140031 21798463 5910094136 4125479866 129 32463031 4130805686
======================
   8      16 sdb 27183 0 217164 5371930 18144870 21798464 5910133768 4126194435 156 32468033 4131523841
======================
   8      16 sdb 27183 0 217164 5371930 18149682 21798465 5910173000 4126915884 146 32473036 4132242175
======================
   8      16 sdb 27183 0 217164 5371930 18154461 21798466 5910212008 4127630068 137 32478039 4132960258
======================
   8      16 sdb 27183 0 217164 5371930 18159075 21798467 5910249688 4128354322 133 32483042 4133679285
======================
   8      16 sdb 27183 0 217164 5371930 18163711 21798468 5910287504 4129071467 139 32488044 4134397773
======================
   8      16 sdb 27183 0 217164 5371930 18168468 21798469 5910326384 4129788015 152 32493047 4135114832
======================
   8      16 sdb 27183 0 217164 5371930 18173148 21798470 5910364648 4130504514 146 32498050 4135832963
======================
   8      16 sdb 27183 0 217164 5371930 18177806 21798471 5910402656 4131226355 130 32503054 4136552211
======================
   8      16 sdb 27183 0 217164 5371930 18182397 21798472 5910440184 4131944610 149 32508056 4137271930
======================
   8      16 sdb 27183 0 217164 5371930 18187163 21798473 5910479120 4132661659 153 32513059 4137990846
======================
   8      16 sdb 27183 0 217164 5371930 18191839 21798474 5910517336 4133381891 152 32518062 4138708324
======================
   8      16 sdb 27183 0 217164 5371930 18196551 21798475 5910555864 4134099091 145 32523064 4139425811
======================
   8      16 sdb 27183 0 217164 5371930 18201345 21798476 5910595016 4134816916 152 32528067 4140144281
======================
   8      16 sdb 27183 0 217164 5371930 18206030 21798476 5910633232 4135535691 140 32533070 4140861304
======================
   8      16 sdb 27183 0 217164 5371930 18210616 21798477 5910670808 4136246621 132 32538073 4141578275
======================
   8      16 sdb 27183 0 217164 5371930 18215290 21798478 5910709032 4136969710 132 32543076 4142296369
======================
   8      16 sdb 27183 0 217164 5371930 18219870 21798479 5910746384 4137687595 130 32548078 4143014349
======================
   8      16 sdb 27183 0 217164 5371930 18224427 21798480 5910783624 4138405576 151 32553081 4143732668
======================
   8      16 sdb 27183 0 217164 5371930 18229125 21798481 5910822016 4139126054 159 32558084 4144450773
======================
   8      16 sdb 27183 0 217164 5371930 18233744 21798482 5910859816 4139843437 150 32563088 4145169536
======================
   8      16 sdb 27183 0 217164 5371930 18238324 21798483 5910897248 4140558971 148 32568091 4145888242
======================
   8      16 sdb 27183 0 217164 5371930 18242879 21798484 5910934416 4141279231 139 32573094 4146605895
======================
   8      16 sdb 27183 0 217164 5371930 18247599 21798485 5910973016 4141995013 157 32578097 4147323315
======================
   8      16 sdb 27183 0 217164 5371930 18252214 21798486 5911010608 4142710416 152 32583100 4148040583
======================
   8      16 sdb 27183 0 217164 5371930 18256847 21798487 5911048456 4143431663 129 32588103 4148758267
======================
   8      16 sdb 27183 0 217164 5371930 18261336 21798487 5911085160 4144149079 152 32593106 4149476743
======================
   8      16 sdb 27183 0 217164 5371930 18265887 21798488 5911122272 4144867958 147 32598109 4150195363
======================
   8      16 sdb 27183 0 217164 5371930 18270523 21798489 5911160008 4145585714 153 32603112 4150912938
======================
   8      16 sdb 27183 0 217164 5371930 18275044 21798490 5911196912 4146305993 146 32608115 4151632170
======================
   8      16 sdb 27183 0 217164 5371930 18279670 21798491 5911234736 4147025159 130 32613117 4152350119
======================
   8      16 sdb 27183 0 217164 5371930 18284257 21798492 5911272224 4147737606 153 32618120 4153066391
======================
   8      16 sdb 27183 0 217164 5371930 18288837 21798493 5911309648 4148458226 151 32623124 4153784700
======================
   8      16 sdb 27183 0 217164 5371930 18293325 21798494 5911346528 4149176732 145 32628126 4154502759
======================
   8      16 sdb 27183 0 217164 5371930 18297913 21798495 5911383792 4149894654 135 32633129 4155220925
======================
   8      16 sdb 27183 0 217164 5371930 18302618 21798496 5911422144 4150613406 136 32638132 4155939293
======================
   8      16 sdb 27183 0 217164 5371930 18307212 21798497 5911459664 4151329929 152 32643135 4156657171
======================
   8      16 sdb 27183 0 217164 5371930 18311733 21798498 5911496552 4152046305 144 32648138 4157375070
======================
   8      16 sdb 27183 0 217164 5371930 18316258 21798498 5911533432 4152767513 132 32653141 4158093635
======================
   8      16 sdb 27183 0 217164 5371930 18320866 21798499 5911571096 4153484244 134 32658144 4158811761
======================
   8      16 sdb 27183 0 217164 5371930 18325577 21798500 5911609648 4154204386 129 32663147 4159529655
======================
   8      16 sdb 27183 0 217164 5371930 18330034 21798501 5911646056 4154920083 154 32668150 4160247652
======================
   8      16 sdb 27183 0 217164 5371930 18334596 21798502 5911683256 4155636929 138 32673153 4160966318
======================
   8      16 sdb 27183 0 217164 5371930 18339110 21798503 5911720080 4156357527 138 32678157 4161684741
======================
   8      16 sdb 27183 0 217164 5371930 18343694 21798504 5911757328 4157075889 132 32683159 4162403157
======================
   8      16 sdb 27183 0 217164 5371930 18348254 21798505 5911794512 4157790853 150 32688162 4163121253
======================
   8      16 sdb 27183 0 217164 5371930 18352805 21798506 5911831552 4158511155 145 32693165 4163838871
======================
   8      16 sdb 27183 0 217164 5371930 18357475 21798507 5911869792 4159232130 149 32698168 4164558341
======================
   8      16 sdb 27183 0 217164 5371930 18362376 21798508 5911909792 4159950408 146 32703171 4165276340
======================
   8      16 sdb 27183 0 217164 5371930 18367222 21798509 5911949368 4160668902 134 32708173 4165994406
======================
   8      16 sdb 27183 0 217164 5371930 18372051 21798510 5911988704 4161385910 139 32713176 4166711744
======================
   8      16 sdb 27183 0 217164 5371930 18376961 21798511 5912028608 4162101869 158 32718179 4167429142
======================
   8      16 sdb 27183 0 217164 5371930 18381839 21798511 5912068400 4162820316 145 32723183 4168146941
======================
   8      16 sdb 27183 0 217164 5371930 18386705 21798512 5912107976 4163537672 145 32728186 4168864784
======================
   8      16 sdb 27183 0 217164 5371930 18391557 21798513 5912147552 4164257209 159 32733189 4169583453
======================
   8      16 sdb 27183 0 217164 5371930 18396504 21798514 5912187856 4164974804 142 32738192 4170301704
======================
   8      16 sdb 27183 0 217164 5371930 18401361 21798515 5912227600 4165694660 151 32743195 4171019873
======================
   8      16 sdb 27183 0 217164 5371930 18406040 21798516 5912265800 4166411286 146 32748198 4171736675
======================
   8      16 sdb 27183 0 217164 5371930 18410714 21798517 5912304056 4167125957 146 32753201 4172455254
======================
   8      16 sdb 27183 0 217164 5371930 18415567 21798518 5912343592 4167846887 159 32758204 4173172942
======================
   8      16 sdb 27183 0 217164 5371930 18420381 21798519 5912382968 4168563962 147 32763207 4173891168
======================
   8      16 sdb 27183 0 217164 5371930 18425201 21798520 5912422232 4169282367 129 32768210 4174609292
======================
   8      16 sdb 27183 0 217164 5371930 18429965 21798521 5912461096 4170002426 135 32773213 4175326458
======================
   8      16 sdb 27183 0 217164 5371930 18434648 21798522 5912499368 4170719420 158 32778216 4176045265
======================
   8      16 sdb 27183 0 217164 5371930 18439427 21798523 5912538392 4171436601 149 32783220 4176763817
======================
   8      16 sdb 27183 0 217164 5371930 18444294 21798524 5912578192 4172155758 148 32788223 4177481836
======================
   8      16 sdb 27183 0 217164 5371930 18449064 21798525 5912617120 4172870023 148 32793226 4178199577
======================
   8      16 sdb 27183 0 217164 5371930 18453890 21798526 5912656552 4173590785 156 32798229 4178916995
======================
   8      16 sdb 27183 0 217164 5371930 18458519 21798527 5912694216 4174311114 137 32803231 4179635828
======================
   8      16 sdb 27183 0 217164 5371930 18463280 21798528 5912733232 4175028072 146 32808234 4180353912
======================
   8      16 sdb 27183 0 217164 5371930 18468000 21798529 5912771696 4175748053 132 32813238 4181072781
======================
   8      16 sdb 27183 0 217164 5371930 18472679 21798530 5912809912 4176459940 159 32818241 4181790103
======================
   8      16 sdb 27183 0 217164 5371930 18477441 21798531 5912848888 4177181257 134 32823245 4182508849
======================
   8      16 sdb 27183 0 217164 5371930 18482126 21798531 5912887232 4177901689 154 32828248 4183226054
======================
   8      16 sdb 27183 0 217164 5371930 18486968 21798532 5912926744 4178619871 146 32833251 4183944111
======================
   8      16 sdb 27183 0 217164 5371930 18491812 21798533 5912966224 4179335851 136 32838254 4184662107
======================
   8      16 sdb 27183 0 217164 5371930 18496579 21798534 5913005208 4180055044 139 32843258 4185380036
======================
   8      16 sdb 27183 0 217164 5371930 18501352 21798535 5913044208 4180772629 136 32848261 4186098710
======================
   8      16 sdb 27183 0 217164 5371930 18506036 21798536 5913082328 4181490528 158 32853264 4186816009
======================
   8      16 sdb 27183 0 217164 5371930 18510698 21798537 5913120448 4182205616 138 32858267 4187533213
======================
   8      16 sdb 27183 0 217164 5371930 18515331 21798538 5913158264 4182925669 147 32863269 4188251024
======================
   8      16 sdb 27183 0 217164 5371930 18519942 21798539 5913195872 4183645268 146 32868272 4188970550
======================
   8      16 sdb 27183 0 217164 5371930 18524519 21798540 5913233160 4184360786 147 32873276 4189688688
======================
   8      16 sdb 27183 0 217164 5371930 18529094 21798541 5913270472 4185081973 150 32878278 4190406968
======================
   8      16 sdb 27183 0 217164 5371930 18533768 21798542 5913308648 4185799225 150 32883281 4191124784
======================
   8      16 sdb 27183 0 217164 5371930 18538279 21798543 5913345336 4186514046 153 32888284 4191842426
======================
   8      16 sdb 27183 0 217164 5371930 18542769 21798544 5913381976 4187231696 144 32893287 4192560487
======================
   8      16 sdb 27183 0 217164 5371930 18547313 21798544 5913419160 4187952589 145 32898290 4193279575
======================
   8      16 sdb 27183 0 217164 5371930 18551891 21798545 5913456504 4188669601 145 32903293 4193996868
======================
   8      16 sdb 27183 0 217164 5371930 18556499 21798546 5913494024 4189386330 147 32908296 4194714571
======================
   8      16 sdb 27183 0 217164 5371930 18561000 21798547 5913530640 4190106389 128 32913300 4195432134
======================
   8      16 sdb 27183 0 217164 5371930 18565583 21798548 5913568184 4190822210 155 32918303 4196149746
======================
   8      16 sdb 27183 0 217164 5371930 18570177 21798549 5913605840 4191538500 139 32923307 4196867835
======================
   8      16 sdb 27183 0 217164 5371930 18574751 21798550 5913643176 4192257854 143 32928309 4197585748
======================
   8      16 sdb 27183 0 217164 5371930 18579214 21798551 5913679688 4192974689 130 32933313 4198304076
======================
   8      16 sdb 27183 0 217164 5371930 18583802 21798552 5913717208 4193694541 152 32938316 4199022627
======================
   8      16 sdb 27183 0 217164 5371930 18588401 21798553 5913754712 4194413908 131 32943320 4199741141
======================
   8      16 sdb 27183 0 217164 5371930 18592934 21798554 5913791664 4195128127 143 32948323 4200458656
======================
   8      16 sdb 27183 0 217164 5371930 18597546 21798554 5913829344 4195844861 140 32953327 4201176308
======================
   8      16 sdb 27183 0 217164 5371930 18602123 21798555 5913866656 4196568792 141 32958330 4201894107
======================
   8      16 sdb 27183 0 217164 5371930 18606704 21798556 5913904008 4197285122 138 32963333 4202611538
======================
   8      16 sdb 27183 0 217164 5371930 18611334 21798557 5913941680 4198004196 150 32968336 4203329921
======================
   8      16 sdb 27183 0 217164 5371930 18615828 21798558 5913978416 4198720007 138 32973339 4204047169
======================
   8      16 sdb 27183 0 217164 5371930 18620356 21798559 5914015360 4199437508 156 32978341 4204764304
======================
   8      16 sdb 27183 0 217164 5371930 18624901 21798560 5914052416 4200155245 157 32983344 4205481428
======================
   8      16 sdb 27183 0 217164 5371930 18629546 21798561 5914090248 4200874421 154 32988347 4206199978
======================
   8      16 sdb 27183 0 217164 5371930 18634132 21798562 5914127608 4201592281 146 32993350 4206918602
======================
   8      16 sdb 27183 0 217164 5371930 18638707 21798563 5914164960 4202306705 149 32998352 4207636018
======================
   8      16 sdb 27183 0 217164 5371930 18643278 21798564 5914202264 4203027051 156 33003355 4208352929
======================
   8      16 sdb 27183 0 217164 5371930 18647750 21798564 5914238896 4203740620 132 33008358 4209071870
======================
   8      16 sdb 27183 0 217164 5371930 18652359 21798565 5914276488 4204464505 133 33013361 4209789957
======================
   8      16 sdb 27183 0 217164 5371930 18656937 21798566 5914313744 4205180684 133 33018364 4210507482
======================
   8      16 sdb 27183 0 217164 5371930 18661531 21798567 5914351128 4205901903 149 33023367 4211226336
======================
   8      16 sdb 27183 0 217164 5371930 18666315 21798568 5914390064 4206618993 135 33028371 4211945283
======================
   8      16 sdb 27183 0 217164 5371930 18671188 21798569 5914429864 4207338861 128 33033375 4212663932
======================
   8      16 sdb 27183 0 217164 5371930 18676111 21798570 5914470168 4208056358 135 33038379 4213382463
======================
   8      16 sdb 27183 0 217164 5371930 18680937 21798571 5914509584 4208774841 143 33043382 4214100595
======================
   8      16 sdb 27183 0 217164 5371930 18685698 21798572 5914548488 4209491950 152 33048384 4214818456
======================
   8      16 sdb 27183 0 217164 5371930 18690477 21798573 5914587640 4210210113 143 33053387 4215536437
======================
   8      16 sdb 27183 0 217164 5371930 18695337 21798574 5914627448 4210928722 149 33058390 4216255116
======================
   8      16 sdb 27183 0 217164 5371930 18700143 21798575 5914666696 4211646101 145 33063393 4216972619
======================
   8      16 sdb 27183 0 217164 5371930 18704995 21798576 5914706408 4212363077 159 33068395 4217690431
======================
   8      16 sdb 27183 0 217164 5371930 18709799 21798577 5914745680 4213083851 157 33073398 4218408693
======================
   8      16 sdb 27183 0 217164 5371930 18714754 21798578 5914786160 4213801324 132 33078402 4219127597
======================
   8      16 sdb 27183 0 217164 5371930 18719565 21798579 5914825608 4214517875 155 33083404 4219844086
======================
   8      16 sdb 27183 0 217164 5371930 18724511 21798580 5914865976 4215237452 139 33088408 4220562399
======================
   8      16 sdb 27183 0 217164 5371930 18729316 21798581 5914905080 4215952083 136 33093411 4221280354
======================
   8      16 sdb 27183 0 217164 5371930 18733957 21798582 5914942928 4216670159 137 33098414 4221999037
======================
   8      16 sdb 27183 0 217164 5371930 18738737 21798583 5914981872 4217387124 159 33103417 4222715774
======================
   8      16 sdb 27183 0 217164 5371930 18743333 21798583 5915019624 4218108109 139 33108420 4223433444
======================
   8      16 sdb 27183 0 217164 5371930 18748051 21798584 5915058200 4218825604 159 33113423 4224152567
======================
   8      16 sdb 27183 0 217164 5371930 18752701 21798585 5915096160 4219545564 151 33118425 4224871136
======================
   8      16 sdb 27183 0 217164 5371930 18757376 21798586 5915134264 4220260398 150 33123428 4225589207
======================
   8      16 sdb 27183 0 217164 5371930 18762024 21798587 5915172312 4220981526 144 33128431 4226307734
======================
   8      16 sdb 27183 0 217164 5371930 18766793 21798588 5915211256 4221699023 145 33133433 4227025604
======================
   8      16 sdb 27183 0 217164 5371930 18771478 21798589 5915249584 4222417512 134 33138436 4227743707
======================
   8      16 sdb 27183 0 217164 5371930 18776119 21798590 5915287456 4223136332 135 33143440 4228461341
======================
   8      16 sdb 27183 0 217164 5371930 18780800 21798591 5915325784 4223849194 128 33148442 4229178317
======================
   8      16 sdb 27183 0 217164 5371930 18785545 21798592 5915364504 4224571568 153 33153446 4229897778
======================
   8      16 sdb 27183 0 217164 5371930 18790068 21798593 5915401472 4225288986 144 33158449 4230615859
======================
   8      16 sdb 27183 0 217164 5371930 18794665 21798594 5915439072 4226001126 157 33163452 4231333378
======================
   8      16 sdb 27183 0 217164 5371930 18799318 21798595 5915476944 4226722177 146 33168456 4232051100
======================
   8      16 sdb 27183 0 217164 5371930 18804040 21798596 5915515528 4227441945 130 33173458 4232769154
======================
   8      16 sdb 27183 0 217164 5371930 18808774 21798597 5915554104 4228162254 133 33178461 4233487626
======================
   8      16 sdb 27183 0 217164 5371930 18813467 21798597 5915592336 4228881110 145 33183464 4234206324
======================
   8      16 sdb 27183 0 217164 5371930 18818143 21798598 5915630456 4229598111 143 33188468 4234924752
======================
   8      16 sdb 27183 0 217164 5371930 18822760 21798599 5915668128 4230316127 136 33193471 4235644384
======================
   8      16 sdb 27183 0 217164 5371930 18827322 21798600 5915705272 4231036095 152 33198473 4236361749
======================
   8      16 sdb 27183 0 217164 5371930 18832001 21798601 5915743320 4231754276 147 33203476 4237080025
======================
   8      16 sdb 27183 0 217164 5371930 18836569 21798602 5915780656 4232472109 157 33208479 4237798197
======================
   8      16 sdb 27183 0 217164 5371930 18841141 21798603 5915817888 4233189387 131 33213483 4238516052
