98.668	81.6537	17.0143
98.5431	81.3112	17.2319
98.4171	81.0804	17.3367
97.9146	80.6281	17.2864
98.2668	81.06	17.2067
98.7192	79.9347	18.7845
98.8209	81.8113	17.0095
98.8206	81.8821	16.9385
98.0648	83.0108	15.054
97.89	83.0445	14.8455
97.6412	80.9285	16.7127
97.9674	80.3513	17.6161
98.3187	79.5734	18.7453
98.7221	79.3285	19.3936
97.3109	82.0558	15.2551
97.1135	81.9528	15.1606
97.1364	80.9344	16.202
97.5659	79.3225	18.2434
97.2885	80.2661	17.0223
97.4906	80	17.4906
98.6971	78.5517	20.1453
96.3075	81.6629	14.6446
96.8389	81.4852	15.3537
97.4674	79.7141	17.7533
96.9583	80.1659	16.7924
97.2125	79.2567	17.9558
99.0738	73.4418	25.632
96.6884	82.1626	14.5258
96.4061	81.151	15.2551
96.1326	81.6675	14.4651
96.3093	80.3917	15.9177
96.9644	79.9799	16.9844
98.0692	79.1876	18.8816
97.1658	80.8377	16.3281
95.9819	81.9437	14.0382
95.8093	81.4304	14.3789
95.8804	81.1354	14.745
96.4824	80.0251	16.4573
97.3163	77.9784	19.3378
97.5163	79.5033	18.013
95.579	82.0397	13.5393
95.6565	81.8479	13.8087
95.4375	81.5743	13.8631
95.757	80.3163	15.4406
96.7612	79.7138	17.0475
98.3479	75.6696	22.6783
95.6565	81.5215	14.1351
95.6041	81.7885	13.8156
95.5332	81.606	13.9272
95.7078	80.6476	15.0602
96.2359	80.2008	16.0351
96.2823	80.4572	15.8252
98.3221	74.1798	24.1422
95.4591	81.3598	14.0993
95.4842	81.8866	13.5976
95.2788	81.994	13.2848
95.5539	80.9093	14.6446
96.1587	80.6678	15.4908
98.0687	77.0003	21.0685
96.009	81.6516	14.3574
95.2799	81.6219	13.658
95.2046	82.1491	13.0555
95.2776	81.1354	14.1422
95.7308	80.1858	15.545
97.1156	77.1507	19.9649
96.5396	81.0933	15.4463
94.799	81.9598	12.8392
94.8795	81.9528	12.9267
94.758	81.7407	13.0173
94.6061	80.9082	13.6979
95.8333	77.9869	17.8464
97.7705	79.6593	18.1112
94.0497	82.1491	11.9006
94.0261	82.1536	11.8725
93.9508	82.1536	11.7972
93.7531	81.4601	12.293
94.001	81.2751	12.7259
97.8729	76.8268	21.046
93.6966	82.2451	11.4515
93.2898	82.1815	11.1083
93.0151	82.2111	10.804
92.7514	82.2172	10.5342
94.8872	80.0752	14.812
94.2226	80.3567	13.8659
96.1413	76.0962	20.0451
94.6563	81.8866	12.7697
92.9539	82.2217	10.7322
93.1242	82.2334	10.8908
93.2012	81.7863	11.415
92.4505	82.3928	10.0577
94.4319	78.1038	16.3281
95.8438	79.4692	16.3746
92.5489	82.1626	10.3864
92.5276	82.1464	10.3811
92.6242	82.1124	10.5118
92.0551	82.5063	9.54887
92.8536	81.2939	11.5597
97.1192	79.3838	17.7355
92.3	82.3928	9.9072
92.4273	81.996	10.4313
92.2865	82.0686	10.2179
92.1785	82.1258	10.0526
91.995	82.133	9.86198
96.8445	80.1653	16.6792
92.0512	82.0963	9.95486
92.0993	82.167	9.93228
92.0181	82.1787	9.83936
91.8587	82.3898	9.46894
91.8465	82.5891	9.2574
96.5699	79.344	17.2258
91.4744	81.3691	10.1053
92.0261	82.2969	9.72919
91.8465	82.4134	9.43302
91.7503	82.2969	9.45336
91.6312	82.1599	9.47131
96.0912	79.3786	16.7126
91.698	82.1921	9.50589
91.4451	82.4887	8.95635
91.4035	82.1303	9.27318
91.4701	82.3633	9.10687
91.3011	82.4768	8.82427
94.8358	81.825	13.0108
92.4311	82.406	10.0251
91.1507	81.8752	9.27551
91.42	81.9619	9.4581
91.2738	82.5226	8.75125
91.5246	82.0211	9.50351
93.3116	79.3838	13.9279
93.5104	81.2829	12.2275
91.397	82.3175	9.07951
91.3283	82.1805	9.14787
91.2782	82.2556	9.02256
91.0504	82.3515	8.69892
92.2942	81.4006	10.8936
94.6142	79.6593	14.9549
91.0549	82.1849	8.86996
91.1529	82.0551	9.09774
90.9228	81.8455	9.07723
91.1942	82.3382	8.856
91.071	81.7908	9.28016
95.6195	78.1727	17.4468
91.0025	82.0301	8.97243
90.7611	82.3736	8.38758
90.9774	82.7318	8.24561
91.0732	82.1464	8.92678
90.9546	82.3603	8.59434
95.0413	79.1134	15.9279
90.8385	82.0776	8.76095
90.8294	82.235	8.59434
90.9797	82.21	8.76973
90.9957	82.3928	8.60296
90.8179	81.8113	9.00652
95.0188	79.3492	15.6696
90.7951	82.0918	8.70329
90.8043	81.9594	8.8449
91.0481	82.1214	8.92678
90.5764	82.4812	8.09524
90.5537	81.759	8.79479
94.9937	78.3229	16.6708
90.5741	81.4991	9.07496
90.7769	82.1805	8.59649
90.7997	82.5269	8.27275
90.5608	82.3986	8.16224
90.7041	81.9845	8.71962
93.6842	80.4762	13.208
92.011	81.3924	10.6186
90.5514	82.0301	8.5213
90.8452	81.9664	8.87886
90.6563	82.0641	8.59218
90.6971	82.3972	8.2999
92.3058	81.9549	10.3509
93.6874	81.1373	12.5501
90.8521	82.2306	8.62155
90.9205	82.2423	8.6782
90.7974	82.0712	8.72618
90.9729	82.3721	8.6008
90.8954	82.0166	8.87886
94.8133	81.5084	13.3049
90.8977	81.7954	9.10231
90.6587	82.0436	8.61508
90.9729	82.2467	8.72618
90.7041	82.0346	8.66951
90.9478	82.3972	8.55065
95.0639	78.9276	16.1363
90.7018	82.0301	8.67168
90.9	82.2512	8.64878
91.0777	81.5038	9.57393
90.6516	82.2556	8.39599
90.9752	82.3264	8.64878
94.9675	78.0921	16.8753
90.9774	82.0802	8.89724
90.9774	82.2556	8.7218
91.007	81.8136	9.19339
90.7974	82.3721	8.42528
90.9456	82.1921	8.75345
95.1391	78.9777	16.1614
91.1234	82.2718	8.85155
90.9478	82.1966	8.75125
91.1484	82.0211	9.12738
91.0459	82.2423	8.80361
91.1735	82.3972	8.77633
93.9348	79.2982	14.6366
92.4174	81.7568	10.6607
91.105	82.3102	8.79479
91.1028	82.3058	8.79699
91.2215	82.1169	9.10459
91.2716	82.2674	9.00426
92.6835	81.9594	10.7241
94.1869	79.7544	14.4325
91.3153	81.9528	9.36245
91.2716	82.4429	8.82869
91.2347	82.1688	9.06587
91.3741	81.7703	9.60381
91.6918	81.8524	9.83936
95.8938	78.1673	17.7266
91.2466	82.3426	8.90394
91.397	82.2674	9.12967
91.324	82.2969	9.02708
91.3218	82.2674	9.05443
91.6082	81.989	9.61924
96.4196	77.6415	18.7782
91.8444	82.2083	9.63614
91.6729	82.1921	9.48081
91.675	81.9208	9.75426
91.698	82.2423	9.45573
91.8465	82.3633	9.48319
96.016	79.2784	16.7377
91.698	81.8911	9.80687
91.744	82.1079	9.63614
91.7272	82.2512	9.47606
91.7252	81.7202	10.005
91.7063	82.21	9.49637
96.1914	76.7978	19.3936
91.8634	81.8433	10.0201
92.0742	82.0918	9.98244
91.7189	82.0075	9.71142
92.0221	82.0873	9.93477
92.3463	82.4341	9.91217
94.9348	80.3912	14.5436
93.1363	81.3377	11.7986
91.9468	82.1124	9.83442
92.0663	81.9734	10.0929
91.8066	81.8341	9.97244
91.9759	82.0211	9.95486
93.8801	80.2358	13.6443
94.758	81.2892	13.4688
92.3482	82.2127	10.1355
92.1264	82.2217	9.90471
92.1765	82.0211	10.1555
92.3482	82.0873	10.2609
92.8751	80.6573	12.2178
95.8156	75.5951	20.2205
92.3771	82.2217	10.1555
92.2961	81.8821	10.4141
92.1515	82.2718	9.87964
92.273	81.7361	10.5369
92.001	81.4193	10.5817
92.4774	81.1434	11.334
97.319	73.1145	24.2045
92.3521	82.322	10.0301
92.5396	82.6174	9.92213
92.3714	82.0577	10.3137
92.574	81.9368	10.6372
92.1205	82.2585	9.86198
96.8703	81.9229	14.9474
92.5508	81.8661	10.6847
92.3501	81.8661	10.4841
92.2537	82.0757	10.178
92.4987	82.3633	10.1355
92.1746	81.9915	10.1831
96.3705	81.2015	15.169
92.5257	82.5683	9.95736
92.4292	81.7749	10.6543
92.5527	82.0211	10.5316
92.4774	81.4193	11.0582
92.5703	82.2791	10.2912
95.4853	76.9752	18.5102
93.8862	81.4833	12.4029
92.5527	80.8676	11.6851
92.6456	81.6516	10.994
92.6958	81.7771	10.9187
92.798	81.5809	11.2171
94.2563	80.4113	13.845
95.5639	78.1704	17.3935
92.8016	81.4146	11.387
92.6762	81.841	10.8352
92.6994	81.5855	11.1139
92.7962	81.8524	10.9438
93.3283	81.2139	12.1144
96.3158	79.6491	16.6667
92.746	81.8775	10.8685
92.6205	82.505	10.1155
92.7282	82.2467	10.4814
92.7711	82.0532	10.7179
92.5527	81.4694	11.0832
97.2702	80.1402	17.13
92.7227	82.1581	10.5646
92.8786	82.2217	10.657
92.8016	82.0667	10.7349
92.9772	82.1921	10.7851
92.7656	82.1653	10.6004
97.795	79.0028	18.7923
92.8751	81.8364	11.0386
93.0454	81.7725	11.2729
92.9825	81.2531	11.7293
93.1727	81.8022	11.3705
92.6688	81.5717	11.0972
96.9447	78.4373	18.5074
93.8002	80.999	12.8012
92.8536	81.4193	11.4343
92.7765	82.0918	10.6847
93.0291	81.8455	11.1836
92.6242	81.6106	11.0135
95.686	78.1038	17.5821
94.7619	78.4461	16.3158
92.9719	81.3253	11.6466
93.0005	82.3131	10.6874
92.9521	81.7407	11.2114
93.1493	81.9573	11.192
94.4319	81.54	12.8919
95.9659	80.5061	15.4598
93.0308	82.4016	10.6292
92.8751	81.8615	11.0135
92.8321	81.9048	10.9273
93.151	82.4134	10.7376
93.1493	81.4304	11.7189
96.8969	77.7778	19.1191
93.1043	82.1214	10.9829
93.1242	82.3338	10.7905
93.0559	81.6746	11.3813
93.2229	82.4297	10.7932
92.9037	81.8706	11.0331
97.3704	79.0383	18.3321
93.1026	82.4429	10.6596
92.8804	81.8501	11.0303
93.2948	82.2702	11.0246
93.3551	81.5446	11.8104
93.0939	81.7931	11.3009
97.5445	75.094	22.4505
93.5088	82.1805	11.3283
93.2229	82.003	11.2199
93.4837	81.5288	11.9549
93.3233	81.752	11.5713
93.0454	81.8981	11.1474
96.4662	77.3935	19.0727
94.5363	81.1028	13.4336
93.2748	82.5345	10.7403
93.392	82.0101	11.3819
93.3317	81.7999	11.5317
94.1029	84.7177	9.38519
