3316.974
5264.617
5787.486
5531.850
5368.889
4045.759
4760.514
4931.425
5263.909
4900.588
4753.071
4762.364
5314.191
4986.510
4755.259
4810.430
4708.758
4764.918
5351.862
4948.808
4775.558
5083.027
4820.535
5038.516
5094.261
4614.338
4879.637
4673.256
5454.684
4837.295
4864.722
5391.264
4811.608
4766.416
5244.592
4770.982
4727.911
5109.609
4752.298
4793.540
5295.581
4766.968
4931.482
4959.329
4773.400
5426.846
5209.756
4571.840
4794.736
4686.738
4934.198
4990.764
5359.156
4433.420
4895.526
5371.945
4768.186
4770.562
5422.496
4794.023
4753.577
4876.424
4766.064
5285.357
4666.555
4981.635
4927.020
5047.203
5023.329
5085.514
4772.372
5105.108
4648.528
5334.982
4683.430
4937.228
4767.498
5525.325
4512.848
5131.038
4725.096
1365.771
