666.667		259
281.25		630
229.167		759
191.176		948
206.897		806
233.842		1192
333.333		546
196.97		931
218.182		799
250.403		2608
320		527
164.706		988
224.49		744
288.962		1389
229.167		757
203.125		882
437.5		459
203.353		1870
300		632
218.182		869
300.248		1316
206.897		827
281.25		598
262.903		1742
437.5		472
222.222		822
289.986		1023
214.286		841
363.636		494
314.317		1136
243.902		687
310.345		599
323.263		1277
206.897		850
263.158		676
307.789		1068
347.826		508
256.41		648
291.391		1146
310.345		614
337.848		879
263.158		698
409.091		513
309.198		1092
363.636		505
321.429		581
303.773		837
300		625
321.429		553
19.7229		985
500		391
303.03		633
305.338		761
300		594
363.636		553
270.295		733
461.538		369
-nan		0
363.636		545
305.15		1140
347.826		510
500		376
333.333		1028
437.5		452
466.667		444
319.094		815
363.636		486
388.889		399
327.508		926
411.765		447
500		438
329.207		626
400		500
666.667		380
294.074		573
388.889		455
545.455		341
320.553		805
411.765		464
538.462		396
327.718		891
388.889		419
538.462		398
315.903		922
411.765		435
461.538		366
333.787		802
538.462		416
666.667		346
319.305		721
437.5		427
666.667		297
288.564		491
411.765		399
833.333		287
323.508		767
500		370
500		348
336.134		789
538.462		395
833.333		267
309.628		461
666.667		355
714.286		313
305.151		436
466.667		401
625		254
322.034		490
545.455		385
555.556		312
335.709		725
500		396
545.455		331
320.87		821
466.667		399
545.455		377
318.72		874
583.333		390
555.556		308
341.848		692
833.333		307
545.455		375
326.998		571
833.333		308
545.455		349
320.988		617
833.333		258
500		332
344.985		565
600		355
666.667		350
342.972		569
411.765		414
600		337
340.237		727
666.667		331
600		341
312.631		884
500		356
636.364		376
331.568		721
666.667		356
545.455		381
317.302		780
600		361
411.765		431
272.727		616
461.538		367
466.667		401
339.466		811
666.667		376
437.5		439
309.061		810
500		342
411.765		400
311.101		742
-nan		0
545.455		359
309.322		792
388.889		436
500		411
323.123		813
437.5		435
538.462		406
324.953		914
538.462		442
356.71		604
428.571		495
338.043		676
388.889		459
500		371
318.75		886
347.826		514
545.455		373
332.13		949
388.889		436
500		430
322.917		986
347.826		521
500		422
326.557		939
347.826		499
437.5		460
318.063		917
437.5		424
411.765		413
335.761		953
363.636		474
391.304		503
266.039		777
538.462		436
297.308		580
437.5		407
500		433
334.442		664
388.889		425
538.462		418
315.188		707
437.5		396
388.634		706
538.462		405
335.142		574
500		375
351.4		595
437.5		419
-nan		0
343.019		786
600		379
411.765		407
314.828		771
411.765		425
750		323
317.46		744
437.5		472
470.588		423
333.333		760
411.765		407
600		331
328.325		743
437.5		448
545.455		394
293.693		821
545.455		394
583.333		398
306.574		810
411.765		461
461.538		378
315.825		797
538.462		418
388.889		442
325.496		877
428.571		386
500		342
349.064		811
466.667		445
600		369
317.343		862
833.333		316
466.667		409
334.084		914
437.5		415
750		342
326.15		756
411.765		423
461.538		359
337.215		684
500		361
411.765		453
337.218		936
750		318
538.462		410
337.191		978
600		365
437.5		460
318.947		1021
833.333		244
388.889		444
380.952		493
354.711		810
833.333		300
437.5		458
325.529		928
437.5		411
714.286		279
343.822		817
-nan		419
388.889		0
350.711		1007
800		236
411.765		431
350.04		927
437.5		442
437.5		447
344.204		938
625		273
388.889		430
340.246		989
466.667		450
625		297
318.426		938
466.667		404
400		474
336.683		809
583.333		396
411.765		473
336.813		976
777.778		309
428.571		391
330.335		973
466.667		401
500		362
308.351		986
437.5		419
380.952		479
312.227		979
666.667		358
411.765		437
330		1078
666.667		383
500		391
333.639		619
533.333		408
538.462		396
326.17		755
500		359
437.5		458
276.442		694
600		370
437.5		421
280.193		747
600		364
388.889		452
323.217		842
411.765		453
380.952		487
299.301		733
500		377
538.462		438
322.101		733
411.765		410
411.765		407
325.613		895
545.455		354
437.5		398
313.228		802
380.952		495
500		428
317.145		936
411.765		434
571.429		401
343.918		728
466.667		397
538.462		420
318.787		877
411.765		433
437.5		404
311.06		990
388.889		415
545.455		393
324.779		957
388.889		408
437.5		453
345.833		862
833.333		316
388.889		433
319.863		923
545.455		382
411.765		423
309.946		970
538.462		409
466.667		451
277.638		828
600		387
500		465
352.514		741
833.333		291
411.765		450
319.508		910
411.765		463
461.538		373
305.67		640
-nan		0
500		436
325		1002
833.333		313
380.952		430
340.426		961
388.889		449
545.455		348
340.547		891
466.667		397
363.636		488
323.569		793
437.5		399
347.826		480
346.51		1057
500		319
437.5		436
331.662		989
411.765		428
666.667		380
337.349		964
545.455		376
347.826		474
324.508		961
545.455		374
437.5		469
328.416		1025
437.5		425
388.889		473
333.333		893
470.588		424
466.667		424
322.755		1052
411.765		404
466.667		426
262.813		1031
380.952		509
411.765		435
245.46		645
437.5		445
343.523		742
500		375
326.19		618
411.765		434
380.952		474
324.242		773
411.765		430
411.765		441
284.58		826
411.765		440
500		417
342.977		858
400		478
600		369
323.2		883
500		437
437.5		426
315.75		881
388.889		455
500		393
285.775		846
666.667		348
411.765		434
317.802		714
600		381
538.462		395
307.995		764
466.667		395
321.716		712
538.462		403
306.452		698
437.5		401
293.713		728
466.667		396
538.462		433
305.573		1008
466.667		416
466.667		422
301.357		806
500		395
636.364		352
316.265		854
833.333		309
329.562		720
437.5		402
317.857		704
545.455		340
326.146		704
625		272
328.297		664
538.462		396
349.415		729
545.455		316
334.789		667
666.667		350
358.3		264
368.421		467
332.754		643
533.333		427
351.18		740
437.5		449
348.107		596
600		386
361.007		679
411.765		457
339.964		625
466.667		430
342.567		778
538.462		408
344.435		662
538.462		414
351.4		673
500		395
326.253		655
388.889		407
357.28		701
437.5		474
348.382		775
411.765		412
411.765		467
316.807		1011
428.571		383
437.5		420
313.553		854
411.765		439
500		395
293.882		860
533.333		444
421.053		491
309.758		1069
411.765		415
437.5		440
337.799		631
538.462		410
328.091		640
411.765		416
333.066		634
545.455		351
380.952		492
323.671		733
538.462		409
411.765		445
332.248		855
500		427
466.667		455
314.499		832
437.5		404
388.889		463
327.391		872
437.5		437
666.667		371
327.15		905
538.462		419
466.667		406
325.704		916
411.765		457
363.636		518
334.35		775
600		365
421.053		456
316.445		928
545.455		368
411.765		395
308.247		914
437.5		417
388.889		413
305.853		538
700		363
437.5		423
326.03		1020
466.667		420
356.139		578
437.5		467
411.765		408
288.339		1067
666.667		329
437.5		433
332.732		1047
411.765		442
500		456
243.852		659
500		345
538.462		429
381.339		794
388.889		464
340.728		640
388.889		439
344.797		645
411.765		397
372.045		642
411.765		422
354.927		642
411.765		466
350.386		720
388.889		466
355.456		748
500		354
363.977		677
400		474
357.587		728
600		381
362.197		691
500		398
600		384
323.529		910
380.952		496
538.462		403
284.746		925
500		407
437.5		462
311.639		926
388.889		460
334.184		754
500		411
358.882		727
833.333		282
466.667		466
348.354		859
437.5		440
545.455		337
316.119		879
411.765		440
421.053		474
330.008		956
538.462		442
777.778		340
314.397		876
461.538		382
388.889		459
287.966		931
466.667		398
437.5		444
333.913		962
388.889		399
411.765		472
306.122		876
600		372
437.5		445
329.382		914
833.333		292
411.765		464
328.455		950
615.385		439
600		388
362.474		870
461.538		393
363.636		489
311.798		814
600		389
380.952		481
298.108		893
500		410
466.667		447
304.233		801
545.455		367
363.636		483
303.078		961
437.5		452
371.35		282
