======================
   8      48 sdd 12096162 13759 3023153914 27282544 5053413 19727207 3179805280 1493520111 0 24220185 1520759066
======================
   8      48 sdd 12096174 13759 3023154010 27283156 5055358 19727207 3181031136 1493962347 58 24223730 1521214829
======================
   8      48 sdd 12096180 13759 3023154058 27284479 5057461 19727241 3182347112 1494594825 144 24228734 1521841311
======================
   8      48 sdd 12096186 13759 3023154106 27286097 5059539 19727254 3183654888 1495172650 96 24233737 1522415482
======================
   8      48 sdd 12096191 13759 3023154146 27287343 5061646 19727271 3184977840 1495778184 134 24238740 1523030158
======================
   8      48 sdd 12096196 13759 3023154186 27288749 5063736 19727285 3186292544 1496353796 158 24243744 1523623194
======================
   8      48 sdd 12096202 13759 3023154234 27289743 5065824 19727298 3187606336 1496993700 156 24248747 1524255369
======================
   8      48 sdd 12096207 13759 3023154274 27290573 5067919 19727313 3188923112 1497630884 156 24253750 1524900098
======================
   8      48 sdd 12096212 13759 3023154314 27291478 5070011 19727329 3190238352 1498260559 128 24258754 1525530157
======================
   8      48 sdd 12096218 13759 3023154362 27292771 5072100 19727344 3191552296 1498895288 155 24263756 1526165363
======================
   8      48 sdd 12096223 13759 3023154402 27293795 5074195 19727358 3192868808 1499543308 128 24268759 1526817508
======================
   8      48 sdd 12096228 13759 3023154442 27294964 5076286 19727375 3194183544 1500178499 154 24273762 1527454186
======================
   8      48 sdd 12096234 13759 3023154490 27296424 5078375 19727391 3195497624 1500772184 153 24278765 1528048680
======================
   8      48 sdd 12096239 13759 3023154530 27297607 5080471 19727407 3196813528 1501393965 151 24283768 1528672510
======================
   8      48 sdd 12096244 13759 3023154570 27298950 5082562 19727423 3198128128 1501999571 156 24288772 1529279054
======================
   8      48 sdd 12096250 13759 3023154618 27300488 5084644 19727437 3199437712 1502582470 144 24293775 1529863753
======================
   8      48 sdd 12096255 13759 3023154658 27301590 5086737 19727452 3200752448 1503204652 146 24298777 1530487160
======================
   8      48 sdd 12096260 13759 3023154698 27302704 5088827 19727468 3202066536 1503821280 156 24303781 1531104445
======================
   8      48 sdd 12096266 13759 3023154746 27304010 5090915 19727482 3203379960 1504431167 134 24308785 1531715860
======================
   8      48 sdd 12096271 13759 3023154786 27305126 5093008 19727497 3204694568 1505045505 142 24313786 1532331482
======================
   8      48 sdd 12096276 13759 3023154826 27305924 5095098 19727513 3206008528 1505692266 141 24318788 1532978951
======================
   8      48 sdd 12096282 13759 3023154874 27307329 5097186 19727527 3207321952 1506291858 152 24323791 1533580036
======================
   8      48 sdd 12096287 13759 3023154914 27308692 5099278 19727542 3208636048 1506879406 129 24328794 1534168556
======================
   8      48 sdd 12096292 13759 3023154954 27309832 5101369 19727558 3209950648 1507496503 151 24333797 1534787235
======================
   8      48 sdd 12096298 13759 3023155002 27310869 5103460 19727573 3211266000 1508135717 140 24338802 1535427356
======================
   8      48 sdd 12096303 13759 3023155042 27311818 5105545 19727586 3212576864 1508770930 141 24343804 1536064858
======================
   8      48 sdd 12096308 13759 3023155082 27312995 5107625 19727601 3213884544 1509408775 130 24348807 1536702540
======================
   8      48 sdd 12096314 13759 3023155130 27314266 5109708 19727619 3215193664 1510014071 146 24353808 1537309542
======================
   8      48 sdd 12096319 13759 3023155170 27315521 5111796 19727631 3216507712 1510632426 145 24358810 1537929036
======================
   8      48 sdd 12096324 13759 3023155210 27316766 5113896 19727647 3217827304 1511243597 147 24363812 1538540676
======================
   8      48 sdd 12096330 13759 3023155258 27318049 5115990 19727663 3219143952 1511847561 138 24368816 1539145940
======================
   8      48 sdd 12096335 13759 3023155298 27319059 5118084 19727676 3220460320 1512478294 129 24373819 1539777563
======================
   8      48 sdd 12096340 13759 3023155338 27320028 5120175 19727692 3221774416 1513115713 124 24378822 1540415507
======================
   8      48 sdd 12096346 13759 3023155386 27321203 5122265 19727708 3223088504 1513725487 119 24383825 1541026153
======================
   8      48 sdd 12096351 13759 3023155426 27322171 5124359 19727721 3224405000 1514360864 110 24388828 1541662107
======================
   8      48 sdd 12096356 13759 3023155466 27323299 5126450 19727737 3225719096 1514973602 92 24393831 1542273866
======================
   8      48 sdd 12096362 13759 3023155514 27324544 5128539 19727753 3227033688 1515578349 101 24398835 1542880655
======================
   8      48 sdd 12096367 13759 3023155554 27325675 5130636 19727767 3228350336 1516198826 90 24403839 1543501492
======================
   8      48 sdd 12096373 13759 3023155602 27326897 5132728 19727783 3229665072 1516809174 153 24408843 1544115066
======================
   8      48 sdd 12096379 13759 3023155650 27328012 5134816 19727799 3230978384 1517424289 129 24413845 1544729936
======================
   8      48 sdd 12096383 13759 3023155682 27328777 5136911 19727813 3232294896 1518071213 71 24418847 1545374266
======================
   8      48 sdd 12096388 13759 3023155722 27330168 5139003 19727830 3233609768 1518689629 65 24423850 1545993088
======================
   8      48 sdd 12096394 13759 3023155770 27331452 5141092 19727847 3234923728 1519288406 61 24428854 1546592458
======================
   8      48 sdd 12096399 13759 3023155810 27332620 5143187 19727861 3236239480 1519902077 52 24433857 1547205516
======================
   8      48 sdd 12096405 13759 3023155858 27334034 5145276 19727874 3237554296 1520516314 144 24438860 1547829930
======================
   8      48 sdd 12096411 13759 3023155906 27335278 5147364 19727887 3238868720 1521128314 149 24443864 1548442113
======================
   8      48 sdd 12096416 13759 3023155946 27336328 5149463 19727906 3240184928 1521774980 158 24448867 1549070010
======================
   8      48 sdd 12096421 13759 3023155986 27337445 5151552 19727919 3241500000 1522393292 150 24453870 1549690082
======================
   8      48 sdd 12096426 13759 3023156026 27338277 5153633 19727932 3242809560 1523002696 1 24458873 1550297194
======================
   8      48 sdd 12096432 13759 3023156074 27339527 5155744 19727952 3244133328 1523630110 135 24463884 1550932984
======================
   8      48 sdd 12096437 13759 3023156114 27340436 5157832 19727966 3245446752 1524243687 145 24468887 1551565275
======================
   8      48 sdd 12096443 13759 3023156162 27341609 5159922 19727979 3246762456 1524888443 151 24473891 1552210794
======================
   8      48 sdd 12096448 13759 3023156202 27342694 5162018 19727996 3248079128 1525535395 143 24478894 1552858974
======================
   8      48 sdd 12096453 13759 3023156242 27343945 5164111 19728015 3249393896 1526159349 143 24483898 1553483475
======================
   8      48 sdd 12096459 13759 3023156290 27345084 5166199 19728028 3250708448 1526798610 145 24488901 1554124708
======================
   8      48 sdd 12096464 13759 3023156330 27346331 5168295 19728044 3252025112 1527416216 145 24493905 1554741998
======================
   8      48 sdd 12096469 13759 3023156370 27347645 5170387 19728062 3253339736 1528026504 151 24498907 1555352948
======================
   8      48 sdd 12096475 13759 3023156418 27349061 5172475 19728075 3254653784 1528623932 134 24503910 1555953238
======================
   8      48 sdd 12096480 13759 3023156458 27350468 5174569 19728091 3255968912 1529229724 134 24508913 1556557194
======================
   8      48 sdd 12096485 13759 3023156498 27351808 5176660 19728109 3257283024 1529837061 128 24513916 1557166082
======================
   8      48 sdd 12096491 13759 3023156546 27352987 5178750 19728123 3258598232 1530446410 128 24518919 1557779464
======================
   8      48 sdd 12096496 13759 3023156586 27354270 5180847 19728139 3259915032 1531049473 129 24523925 1558383897
======================
   8      48 sdd 12096501 13759 3023156626 27355377 5182938 19728153 3261229488 1531668075 129 24528929 1559003362
======================
   8      48 sdd 12096507 13759 3023156674 27356661 5185028 19728170 3262544184 1532275464 128 24533932 1559612196
======================
   8      48 sdd 12096512 13759 3023156714 27357788 5187120 19728183 3263860696 1532879480 138 24538933 1560217546
======================
   8      48 sdd 12096517 13759 3023156754 27358900 5189208 19728203 3265173000 1533495606 134 24543935 1560834727
======================
   8      48 sdd 12096523 13759 3023156802 27360122 5191301 19728212 3266488096 1534105804 133 24548938 1561446061
======================
   8      48 sdd 12096528 13759 3023156842 27361215 5193394 19728229 3267804744 1534744778 137 24553940 1562086371
======================
   8      48 sdd 12096533 13759 3023156882 27362081 5195485 19728245 3269118840 1535403742 153 24558943 1562733164
======================
   8      48 sdd 12096539 13759 3023156930 27363289 5197578 19728259 3270434200 1536021032 140 24563949 1563347105
======================
   8      48 sdd 12096544 13759 3023156970 27364465 5199669 19728275 3271750592 1536649735 9 24568952 1563972851
======================
   8      48 sdd 12096549 13759 3023157010 27365785 5201760 19728291 3273062768 1537254451 155 24573955 1564578172
======================
   8      48 sdd 12096555 13759 3023157058 27367024 5203848 19728306 3274376744 1537867874 41 24578958 1565202550
======================
   8      48 sdd 12096560 13759 3023157098 27368193 5205943 19728322 3275693384 1538488126 58 24583962 1565827774
======================
   8      48 sdd 12096565 13759 3023157138 27369558 5208035 19728338 3277007368 1539082983 66 24588965 1566425345
======================
   8      48 sdd 12096571 13759 3023157186 27370651 5210126 19728352 3278321968 1539702237 73 24593967 1567046762
======================
   8      48 sdd 12096576 13759 3023157226 27371764 5212211 19728368 3279632832 1540317919 112 24598970 1567669466
======================
   8      48 sdd 12096581 13759 3023157266 27372997 5214286 19728384 3280936192 1540926163 124 24603973 1568278917
======================
   8      48 sdd 12096587 13759 3023157314 27374111 5216386 19728398 3282256552 1541546353 122 24608975 1568899916
======================
   8      48 sdd 12096592 13759 3023157354 27375145 5218484 19728401 3283575736 1542170293 130 24613979 1569525747
======================
   8      48 sdd 12096597 13759 3023157394 27376256 5220573 19728418 3284887800 1542779767 135 24618983 1570136756
======================
   8      48 sdd 12096603 13759 3023157442 27377403 5222663 19728434 3286201760 1543390225 143 24623986 1570748025
======================
   8      48 sdd 12096608 13759 3023157482 27378386 5224754 19728447 3287516464 1544015783 150 24628989 1571374897
======================
   8      48 sdd 12096613 13759 3023157522 27379470 5226845 19728465 3288829944 1544668043 139 24633992 1572028001
======================
   8      48 sdd 12096619 13759 3023157570 27380982 5228933 19728478 3290143992 1545270143 141 24638995 1572631323
======================
   8      48 sdd 12096624 13759 3023157610 27382005 5231028 19728494 3291459384 1545906779 134 24643999 1573268654
======================
   8      48 sdd 12096629 13759 3023157650 27383177 5233116 19728507 3292773176 1546525250 140 24649002 1573888378
======================
   8      48 sdd 12096635 13759 3023157698 27384642 5235208 19728524 3294087920 1547117753 137 24654004 1574482581
======================
   8      48 sdd 12096640 13759 3023157738 27385951 5237304 19728539 3295404576 1547728292 138 24659007 1575093747
======================
   8      48 sdd 12096645 13759 3023157778 27387347 5239391 19728552 3296717984 1548324038 134 24664009 1575691385
======================
   8      48 sdd 12096651 13759 3023157826 27388681 5241484 19728569 3298033240 1548916770 114 24669012 1576284514
======================
   8      48 sdd 12096656 13759 3023157866 27389654 5243578 19728584 3299349120 1549550957 119 24674016 1576919858
======================
   8      48 sdd 12096661 13759 3023157906 27390756 5245668 19728598 3300663696 1550173606 100 24679019 1577541952
======================
   8      48 sdd 12096667 13759 3023157954 27391916 5247762 19728616 3301979224 1550777917 106 24684022 1578147736
======================
   8      48 sdd 12096672 13759 3023157994 27393107 5249856 19728632 3303294984 1551394715 98 24689025 1578765283
======================
   8      48 sdd 12096678 13759 3023158042 27394551 5251947 19728647 3304609704 1551987665 135 24694029 1579359888
======================
   8      48 sdd 12096684 13759 3023158090 27395757 5254041 19728664 3305924968 1552586273 135 24699031 1579958962
======================
   8      48 sdd 12096688 13759 3023158122 27396453 5256135 19728680 3307240224 1553236647 78 24704034 1580607552
======================
   8      48 sdd 12096693 13759 3023158162 27397551 5258224 19728694 3308554288 1553855337 73 24709038 1581226643
======================
   8      48 sdd 12096699 13759 3023158210 27398616 5260318 19728712 3309869688 1554481564 66 24714041 1581852809
======================
   8      48 sdd 12096704 13759 3023158250 27399629 5262412 19728728 3311185704 1555131296 58 24719044 1582501901
======================
   8      48 sdd 12096709 13759 3023158290 27401018 5264501 19728744 3312499528 1555751051 53 24724047 1583122154
======================
   8      48 sdd 12096715 13759 3023158338 27402129 5266589 19728758 3313814216 1556375042 47 24729050 1583745610
started
======================
   8      48 sdd 12098818 13759 3023653980 27480342 5266964 19728775 3314040024 1556473482 43 24731788 1583909964
======================
   8      48 sdd 12103264 13759 3024791900 27696372 5266967 19728779 3314040080 1556473510 44 24736826 1584126052
======================
   8      48 sdd 12108412 13759 3026109532 27911217 5266967 19728779 3314040080 1556473510 42 24741829 1584340846
======================
   8      48 sdd 12113572 13759 3027430236 28126187 5266967 19728779 3314040080 1556473510 43 24746832 1584555849
======================
   8      48 sdd 12118758 13759 3028750188 28342130 5266967 19728779 3314040080 1556473510 44 24751835 1584771787
======================
   8      48 sdd 12123912 13759 3030069612 28557164 5266967 19728779 3314040080 1556473510 44 24756837 1584986776
======================
   8      48 sdd 12129065 13759 3031388780 28771881 5266967 19728779 3314040080 1556473510 43 24761841 1585201559
======================
   8      48 sdd 12134253 13759 3032708972 28987936 5266967 19728779 3314040080 1556473510 43 24766847 1585417636
======================
   8      48 sdd 12139415 13759 3034030188 29202908 5266969 19728781 3314040112 1556473510 44 24771856 1585632569
======================
   8      48 sdd 12144570 13759 3035349612 29417847 5266969 19728781 3314040112 1556473510 44 24776859 1585847531
======================
   8      48 sdd 12149732 13759 3036669548 29633104 5266969 19728781 3314040112 1556473510 43 24781862 1586062778
======================
   8      48 sdd 12154914 13759 3037989740 29849450 5266969 19728781 3314040112 1556473510 41 24786865 1586279085
======================
   8      48 sdd 12160070 13759 3039309420 30063797 5266969 19728781 3314040112 1556473510 44 24791868 1586493422
======================
   8      48 sdd 12165227 13759 3040629356 30278611 5266969 19728781 3314040112 1556473510 44 24796871 1586708211
======================
   8      48 sdd 12170417 13759 3041950316 30494906 5266969 19728781 3314040112 1556473510 43 24801875 1586924462
======================
   8      48 sdd 12175576 13759 3043271020 30709762 5266969 19728781 3314040112 1556473510 44 24806879 1587139408
======================
   8      48 sdd 12180732 13759 3044590956 30924115 5266969 19728781 3314040112 1556473510 44 24811882 1587353788
======================
   8      48 sdd 12185914 13759 3045910380 31139935 5266969 19728781 3314040112 1556473510 42 24816885 1587569570
======================
   8      48 sdd 12191070 13759 3047229548 31354740 5266969 19728781 3314040112 1556473510 43 24821888 1587784317
======================
   8      48 sdd 12196227 13759 3048549740 31569311 5266969 19728781 3314040112 1556473510 43 24826895 1587998892
======================
   8      48 sdd 12201396 13759 3049869172 31784443 5266969 19728781 3314040112 1556473510 43 24831899 1588214014
======================
   8      48 sdd 12206566 13759 3051188596 31999753 5266969 19728781 3314040112 1556473510 43 24836902 1588429351
======================
   8      48 sdd 12211721 13759 3052508276 32214618 5266969 19728781 3314040112 1556473510 44 24841905 1588644229
======================
   8      48 sdd 12216878 13759 3053828220 32429327 5266969 19728781 3314040112 1556473510 44 24846908 1588858973
======================
   8      48 sdd 12222065 13759 3055148412 32645610 5266969 19728781 3314040112 1556473510 44 24851911 1589075187
======================
   8      48 sdd 12227223 13759 3056468604 32860702 5266969 19728781 3314040112 1556473510 42 24856915 1589290283
======================
   8      48 sdd 12232381 13759 3057789052 33075850 5266969 19728781 3314040112 1556473510 44 24861919 1589505442
======================
   8      48 sdd 12237570 13759 3059109772 33292263 5266969 19728781 3314040112 1556473510 44 24866922 1589721838
======================
   8      48 sdd 12242731 13759 3060430476 33507014 5266969 19728781 3314040112 1556473510 43 24871925 1589936548
======================
   8      48 sdd 12247891 13759 3061751180 33721729 5266969 19728781 3314040112 1556473510 43 24876928 1590151221
======================
   8      48 sdd 12253053 13759 3063071884 33936428 5266969 19728781 3314040112 1556473510 43 24881931 1590365964
======================
   8      48 sdd 12258213 13759 3064391820 34151546 5266969 19728781 3314040112 1556473510 44 24886934 1590581016
======================
   8      48 sdd 12263368 13759 3065711500 34365829 5266969 19728781 3314040112 1556473510 41 24891938 1590795323
======================
   8      48 sdd 12268520 13759 3067030412 34580738 5266969 19728781 3314040112 1556473510 44 24896942 1591010262
======================
   8      48 sdd 12273673 13759 3068349068 34795285 5266969 19728781 3314040112 1556473510 44 24901945 1591224786
======================
   8      48 sdd 12278825 13759 3069667980 35009797 5266969 19728781 3314040112 1556473510 43 24906948 1591439299
======================
   8      48 sdd 12283978 13759 3070987148 35224433 5266969 19728781 3314040112 1556473510 42 24911951 1591653899
======================
   8      48 sdd 12289130 13759 3072305804 35439282 5266969 19728781 3314040112 1556473510 43 24916954 1591868758
======================
   8      48 sdd 12294284 13759 3073625228 35653588 5266969 19728781 3314040112 1556473510 43 24921958 1592083046
======================
   8      48 sdd 12299436 13759 3074944140 35868147 5266969 19728781 3314040112 1556473510 44 24926961 1592297623
======================
   8      48 sdd 12304591 13759 3076263564 36082593 5266969 19728781 3314040112 1556473510 44 24931964 1592512063
======================
   8      48 sdd 12309747 13759 3077583244 36297472 5266969 19728781 3314040112 1556473510 42 24936967 1592726928
======================
   8      48 sdd 12314902 13759 3078902932 36511804 5266969 19728781 3314040112 1556473510 42 24941970 1592941212
======================
   8      48 sdd 12320057 13759 3080222356 36726500 5266969 19728781 3314040112 1556473510 44 24946974 1593155945
======================
   8      48 sdd 12325127 13759 3081520276 36941235 5266969 19728781 3314040112 1556473510 43 24951978 1593370616
======================
   8      48 sdd 12330275 13759 3082838164 37156250 5266969 19728781 3314040112 1556473510 44 24956981 1593585649
======================
   8      48 sdd 12335416 13759 3084154004 37370987 5266969 19728781 3314040112 1556473510 43 24961984 1593800346
======================
   8      48 sdd 12340571 13759 3085473428 37586041 5266969 19728781 3314040112 1556473510 41 24966987 1594015390
======================
   8      48 sdd 12345725 13759 3086792860 37800673 5266969 19728781 3314040112 1556473510 43 24971991 1594230100
======================
   8      48 sdd 12350882 13759 3088112796 38015462 5266969 19728781 3314040112 1556473510 44 24976994 1594444867
======================
   8      48 sdd 12356038 13759 3089432732 38230530 5266969 19728781 3314040112 1556473510 44 24981998 1594659955
======================
   8      48 sdd 12361195 13759 3090752924 38445310 5266969 19728781 3314040112 1556473510 40 24987001 1594874719
======================
   8      48 sdd 12366355 13759 3092073892 38659559 5266969 19728781 3314040112 1556473510 44 24992004 1595088965
======================
   8      48 sdd 12371516 13759 3093394852 38874332 5266969 19728781 3314040112 1556473510 43 24997007 1595303666
======================
   8      48 sdd 12376675 13759 3094715300 39089179 5266969 19728781 3314040112 1556473510 43 25002010 1595518550
======================
   8      48 sdd 12381836 13759 3096036260 39304262 5266969 19728781 3314040112 1556473510 44 25007014 1595733715
======================
   8      48 sdd 12386994 13759 3097356708 39518997 5266969 19728781 3314040112 1556473510 44 25012018 1595948457
======================
   8      48 sdd 12392149 13759 3098676388 39733936 5266969 19728781 3314040112 1556473510 44 25017021 1596163383
======================
   8      48 sdd 12397301 13759 3099995300 39948960 5266969 19728781 3314040112 1556473510 43 25022024 1596378386
======================
   8      48 sdd 12402453 13759 3101313956 40163649 5266969 19728781 3314040112 1556473510 41 25027027 1596593016
======================
   8      48 sdd 12407606 13759 3102632868 40378237 5266969 19728781 3314040112 1556473510 44 25032030 1596807625
======================
   8      48 sdd 12412759 13759 3103952044 40592804 5266969 19728781 3314040112 1556473510 42 25037033 1597022190
======================
   8      48 sdd 12417917 13759 3105272492 40807644 5266969 19728781 3314040112 1556473510 44 25042042 1597237049
======================
   8      48 sdd 12423070 13759 3106591660 41022214 5266969 19728781 3314040112 1556473510 44 25047045 1597451596
======================
   8      48 sdd 12428223 13759 3107910828 41236909 5266969 19728781 3314040112 1556473510 42 25052049 1597666316
======================
   8      48 sdd 12433377 13759 3109229996 41451974 5266969 19728781 3314040112 1556473510 43 25057052 1597881366
======================
   8      48 sdd 12438529 13759 3110548908 41666615 5266969 19728781 3314040112 1556473510 43 25062055 1598096028
======================
   8      48 sdd 12443691 13759 3111869356 41881612 5266969 19728781 3314040112 1556473510 43 25067060 1598310917
======================
   8      48 sdd 12448845 13759 3113188788 42096211 5266969 19728781 3314040112 1556473510 38 25072064 1598525516
======================
   8      48 sdd 12453999 13759 3114508212 42310877 5266969 19728781 3314040112 1556473510 42 25077067 1598740320
======================
   8      48 sdd 12459156 13759 3115828404 42526084 5266969 19728781 3314040112 1556473510 39 25082070 1598955482
======================
   8      48 sdd 12464312 13759 3117148340 42740735 5266969 19728781 3314040112 1556473510 43 25087072 1599170082
======================
   8      48 sdd 12469468 13759 3118468140 42955651 5266969 19728781 3314040112 1556473510 42 25092075 1599385000
======================
   8      48 sdd 12474623 13759 3119787564 43170603 5266969 19728781 3314040112 1556473510 44 25097079 1599600034
======================
   8      48 sdd 12479785 13759 3121108012 43385727 5266969 19728781 3314040112 1556473510 43 25102085 1599815063
======================
   8      48 sdd 12484942 13759 3122427436 43600808 5266969 19728781 3314040112 1556473510 43 25107088 1600030179
======================
   8      48 sdd 12490099 13759 3123747380 43815659 5266969 19728781 3314040112 1556473510 43 25112091 1600244993
======================
   8      48 sdd 12495257 13759 3125067828 44029976 5266969 19728781 3314040112 1556473510 42 25117095 1600459311
======================
   8      48 sdd 12500444 13759 3126388020 44245973 5266969 19728781 3314040112 1556473510 41 25122097 1600675265
======================
   8      48 sdd 12505602 13759 3127708212 44460899 5266969 19728781 3314040112 1556473510 43 25127104 1600890243
======================
   8      48 sdd 12510755 13759 3129027124 44675683 5266969 19728781 3314040112 1556473510 42 25132107 1601105046
======================
   8      48 sdd 12515931 13759 3130346036 44891188 5266969 19728781 3314040112 1556473510 44 25137110 1601320550
======================
   8      48 sdd 12521089 13759 3131664948 45106132 5266969 19728781 3314040112 1556473510 42 25142113 1601535434
======================
   8      48 sdd 12526242 13759 3132983876 45320447 5266969 19728781 3314040112 1556473510 44 25147115 1601749808
======================
   8      48 sdd 12531399 13759 3134303300 45534911 5266969 19728781 3314040112 1556473510 42 25152118 1601964201
======================
   8      48 sdd 12536582 13759 3135622724 45750251 5266969 19728781 3314040112 1556473510 44 25157122 1602179595
======================
   8      48 sdd 12541738 13759 3136942404 45964933 5266969 19728781 3314040112 1556473510 44 25162125 1602394257
======================
   8      48 sdd 12546893 13759 3138261572 46180052 5266969 19728781 3314040112 1556473510 41 25167128 1602609336
======================
   8      48 sdd 12552077 13759 3139581252 46396044 5266969 19728781 3314040112 1556473510 43 25172131 1602825333
======================
   8      48 sdd 12557236 13759 3140901700 46611132 5266969 19728781 3314040112 1556473510 43 25177134 1603040412
======================
   8      48 sdd 12562397 13759 3142222148 46825821 5266969 19728781 3314040112 1556473510 44 25182137 1603255131
======================
   8      48 sdd 12567568 13759 3143542860 47040692 5266969 19728781 3314040112 1556473510 46 25187142 1603470054
======================
   8      48 sdd 12572739 13759 3144861772 47256277 5266969 19728781 3314040112 1556473510 43 25192145 1603685529
======================
   8      48 sdd 12577892 13759 3146180428 47471108 5266969 19728781 3314040112 1556473510 44 25197148 1603900389
======================
   8      48 sdd 12583048 13759 3147499084 47685708 5266969 19728781 3314040112 1556473510 42 25202150 1604115011
======================
   8      48 sdd 12588226 13759 3148818004 47893901 5266969 19728781 3314040112 1556473510 31 25207153 1604322787
