86.5009	85.7143	0.786602
86.8087	86.3014	0.507357
87.2718	86.6633	0.608519
88.2055	88.079	0.12655
86.6178	85.5553	1.06248
88.5823	88.4304	0.151899
88.2085	87.2976	0.910931
85.9782	84.1812	1.79701
85.562	84.4709	1.09109
87.2815	86.2934	0.988092
86.6295	85.9711	0.658395
87.2944	86.1301	1.16426
85.573	84.2292	1.34381
88.9142	88.3574	0.556821
86.94	86.7122	0.22779
87.0117	85.997	1.01471
88.1043	87.2437	0.860542
85.8122	85.6853	0.126904
85.2867	84.4749	0.811771
88.9563	88.2739	0.682335
85.8445	84.629	1.2155
88.9394	88.3081	0.631313
87.3072	87.0291	0.278129
87.8067	87.5791	0.227675
87.4715	86.0035	1.46798
87.8543	86.9433	0.910931
86.397	84.9305	1.4665
89.1134	88.4062	0.707249
85.537	85.2837	0.253293
85.7867	85.0773	0.7094
87.247	86.5132	0.733806
85.5806	84.2651	1.31546
87.4209	86.5097	0.911162
85.1758	84.3663	0.809512
87.1587	86.3498	0.808898
85.9494	85.7975	0.151899
85.689	84.4985	1.19048
87.3418	86.5823	0.759494
86.1842	85.1974	0.986842
89.2308	88.4994	0.7314
86.7662	86.5891	0.177126
88.2368	86.9972	1.23956
87.2847	86.9301	0.35461
86.1153	84.9519	1.16338
86.6548	86.3763	0.278552
84.943	84.0304	0.912548
86.6295	86.3763	0.253229
86.7882	86.0795	0.708681
85.4467	84.7634	0.683371
89.487	88.2992	1.18777
86.8695	85.7034	1.16603
89.6465	88.6111	1.03535
86.7342	86.4557	0.278481
88.1446	86.9818	1.16279
87.1899	86.9114	0.278481
86.6869	85.9023	0.784611
85.8844	85.5297	0.35479
87.674	86.2313	1.44267
87.1017	86.9499	0.151745
88.3827	88.079	0.303721
86.1737	85.3381	0.835655
88.7402	88.4625	0.277708
86.6903	84.3117	2.37854
86.5823	86.4304	0.151899
86.2453	85.7649	0.480405
85.8919	85.2068	0.685105
86.9653	86.2313	0.733991
85.7504	84.1559	1.59453
87.2851	86.4762	0.808898
88.0121	87.8604	0.151745
86.8641	85.5986	1.2655
86.7934	86.2357	0.557668
85.4867	84.6776	0.809102
89.6238	88.7402	0.883615
85.7829	84.5687	1.21427
89.4245	88.6673	0.757193
86.7595	86.481	0.278481
85.548	84.9152	0.632751
87.4241	86.3613	1.06275
85.5589	84.7749	0.784016
87.361	86.4762	0.884732
87.2314	86.1947	1.03666
87.5411	86.9345	0.60652
86.5132	86.2095	0.303644
87.1775	86.7223	0.455235
89.1469	88.7178	0.429076
86.4961	86.2681	0.228021
88.479	87.5695	0.90955
86.9246	86.3177	0.60698
87.6609	86.9291	0.731769
87.5505	86.8182	0.732323
86.4257	85.996	0.429727
87.6834	86.9246	0.758725
88.4032	88.2011	0.202122
86.0865	84.8217	1.26486
86.7948	86.3395	0.45535
85.7722	84.2025	1.56962
87.1302	86.4475	0.68268
85.1636	84.5042	0.659396
87.402	86.6431	0.758917
84.8531	84.2958	0.557244
89.3633	88.0495	1.31379
87.5253	86.7915	0.733806
86.0324	85.2986	0.733806
86.0041	85.8266	0.177485
85.3455	83.4725	1.87294
87.4083	86.3464	1.06195
88.5267	88.2487	0.277988
85.1533	82.3917	2.76159
87.674	86.6869	0.987092
85.4251	84.1599	1.26518
89.0179	88.715	0.302954
86.2383	85.7071	0.531242
86.0577	85.501	0.55668
85.8012	85.2688	0.532454
86.5331	86.3556	0.17753
86.9246	84.6485	2.27618
87.0347	86.7055	0.329197
86.0182	85.4863	0.531915
88.0283	87.6993	0.329031
86.4776	85.9711	0.506457
88.5743	87.5126	1.06168
86.4257	86.274	0.151668
87.2222	83.8131	3.40909
88.7207	88.1403	0.580368
85.6564	84.4653	1.19108
86.3475	86.1449	0.202634
86.0654	84.6972	1.36813
89.6543	89.0487	0.605602
85.6492	84.9152	0.733991
89.402	89.0739	0.328034
86.5706	86.2671	0.30349
85.1936	84.814	0.379651
86.4557	86.1266	0.329114
87.4589	85.8913	1.56764
85.9782	85.2189	0.759301
86.8641	83.9028	2.96128
86.8927	86.4879	0.404858
86.2934	85.6347	0.658728
86.6684	86.1371	0.531242
88.7569	88.2516	0.505306
86.0971	85.4904	0.606673
86.3475	85.5623	0.785208
85.2172	83.5916	1.6256
89.2308	88.8272	0.403531
86.7223	86.3429	0.379363
86.1055	84.432	1.67343
86.4626	86.3107	0.151822
85.9716	83.6377	2.33384
86.5132	86.2601	0.253036
86.6566	86.1006	0.555977
87.5791	85.4541	2.12497
89.3047	88.976	0.328698
85.8517	84.3078	1.54391
86.6279	86.5015	0.12639
86.0724	85.8952	0.17726
86.1807	85.2949	0.885852
86.2069	85.928	0.278905
85.5406	84.8569	0.683717
86.2889	85.6818	0.607134
86.52	86.2671	0.252908
85.9529	85.3455	0.607441
89.7604	87.7932	1.96721
86.9785	86.2958	0.68268
85.3955	84.9645	0.431034
86.5706	86.3429	0.227618
85.2621	84.1732	1.08888
86.6717	86.3935	0.278199
87.9737	85.7251	2.24861
86.4407	86.2889	0.151783
85.7071	84.9481	0.758917
86.3048	84.7578	1.54705
89.2956	89.1946	0.100985
86.0506	84.2532	1.79747
87.1204	86.4372	0.683198
85.1392	83.4177	1.72152
89.7753	89.1694	0.605908
85.9636	85.7865	0.177036
85.3387	84.5804	0.758342
86.7781	86.0182	0.759878
87.9707	87.3136	0.657063
86.481	86.2278	0.253165
88.0051	86.4646	1.5404
86.7695	86.3142	0.45535
88.8412	88.715	0.126231
85.3239	84.6407	0.683198
86.8927	86.3613	0.531377
85.1458	84.6895	0.456274
89.9041	89.1217	0.782433
86.0071	85.83	0.177126
85.393	84.7359	0.657063
86.7424	85.8838	0.858586
87.9454	87.2631	0.682335
88.7064	86.5589	2.14755
88.8608	88.5325	0.328366
85.9312	84.7166	1.21457
86.7796	86.1982	0.581395
86.2427	84.6466	1.59615
88.1223	86.5049	1.61739
85.3677	83.8767	1.49103
86.8335	86.2017	0.631792
84.5881	83.8276	0.760456
