19.5
18.9
15.3
14.5
16.2
16.8
16.7
15.3
15.7
15.9
14.6
15.2
14.4
14.2
14.5
15.4
15.6
16.3
15.6
15.0
14.3
14.0
16.5
16.0
15.9
13.5
14.7
14.6
16.1
15.2
14.6
13.9
15.9
15.9
16.3
14.0
15.6
14.0
14.5
15.8
16.1
14.9
14.9
14.4
14.3
14.4
14.6
14.4
15.6
16.0
16.3
14.7
15.5
15.9
13.6
16.4
14.8
16.5
15.3
16.0
14.2
14.6
15.4
15.0
15.8
14.2
14.9
16.0
15.3
15.8
16.1
14.4
16.1
13.9
16.3
16.0
15.3
14.1
15.9
16.4
16.4
15.4
13.9
16.4
16.0
15.3
16.1
13.9
16.0
15.2
15.8
14.4
15.2
15.0
16.1
14.7
16.3
13.5
14.3
14.9
15.8
14.1
