======================
   8      48 sdd 16816022 0 4279204480 137012258 244356001 105421152 23448994928 3702378189 0 111865552 3839071469
======================
   8      48 sdd 16816114 0 4279205216 137012935 244357309 105421152 23449819248 3702594505 128 111867578 3839312595
======================
   8      48 sdd 16816120 0 4279205264 137014201 244359407 105421181 23451132872 3703207266 145 111872580 3839927966
======================
   8      48 sdd 16816125 0 4279205304 137015358 244361499 105421194 23452449480 3703844671 143 111877583 3840565898
======================
   8      48 sdd 16816131 0 4279205352 137016838 244363588 105421207 23453763912 3704455220 138 111882586 3841178555
======================
   8      48 sdd 16816136 0 4279205392 137018075 244365677 105421220 23455078600 3705071963 128 111887589 3841795901
======================
   8      48 sdd 16816141 0 4279205432 137019120 244367774 105421233 23456398408 3705700290 136 111892608 3842424715
======================
   8      48 sdd 16816145 0 4279205464 137020132 244369860 105421246 23457711176 3706322607 107 111897611 3843047235
======================
   8      48 sdd 16816150 0 4279205504 137021079 244371952 105421259 23459027528 3706952203 98 111902615 3843676632
======================
   8      48 sdd 16816155 0 4279205544 137022452 244374038 105421272 23460340296 3707548595 95 111907618 3844274109
======================
   8      48 sdd 16816160 0 4279205584 137023769 244376130 105421286 23461656280 3708160361 61 111912620 3844881794
======================
   8      48 sdd 16816166 0 4279205632 137025357 244378221 105421299 23462971992 3708757486 157 111917622 3845479428
======================
   8      48 sdd 16816170 0 4279205664 137026451 244380308 105421312 23464285400 3709388475 49 111922626 3846109712
======================
   8      48 sdd 16816176 0 4279205712 137027671 244382400 105421325 23465600744 3710000860 42 111927630 3846721586
======================
   8      48 sdd 16816181 0 4279205752 137028917 244384489 105421338 23466915432 3710616744 36 111932633 3847337606
======================
   8      48 sdd 16816187 0 4279205800 137030353 244386575 105421351 23468228200 3711221717 143 111937636 3847956617
======================
   8      48 sdd 16816193 0 4279205848 137031650 244388667 105421363 23469543912 3711854838 152 111942639 3848570212
======================
   8      48 sdd 16816198 0 4279205888 137032545 244390757 105421376 23470859240 3712470383 129 111947642 3849208268
======================
   8      48 sdd 16816203 0 4279205928 137033905 244392845 105421389 23472173288 3713088682 148 111952646 3849807824
======================
   8      48 sdd 16816209 0 4279205976 137035142 244394937 105421401 23473489256 3713692482 140 111957650 3850415344
======================
   8      48 sdd 16816214 0 4279206016 137036181 244397026 105421414 23474803688 3714315967 153 111962653 3851044530
======================
   8      48 sdd 16816219 0 4279206056 137037324 244399111 105421427 23476115816 3714934890 158 111967656 3851663080
======================
   8      48 sdd 16816225 0 4279206104 137038259 244401202 105421439 23477431144 3715557996 141 111972660 3852291796
======================
   8      48 sdd 16816230 0 4279206144 137039588 244403292 105421453 23478746480 3716187180 137 111977663 3852922915
======================
   8      48 sdd 16816235 0 4279206184 137040775 244405380 105421466 23480060528 3716811645 159 111982666 3853555158
======================
   8      48 sdd 16816241 0 4279206232 137042043 244407472 105421479 23481375616 3717416487 153 111987669 3854162165
======================
   8      48 sdd 16816246 0 4279206272 137043373 244409561 105421492 23482690304 3718023344 143 111992672 3854767483
======================
   8      48 sdd 16816251 0 4279206312 137044779 244411648 105421505 23484003712 3718619708 134 111997675 3855366624
======================
   8      48 sdd 16816257 0 4279206360 137045990 244413738 105421517 23485318400 3719228351 148 112002677 3855978467
======================
   8      48 sdd 16816262 0 4279206400 137047114 244415826 105421530 23486632320 3719850485 149 112007681 3856601297
======================
   8      48 sdd 16816267 0 4279206440 137048259 244417885 105421543 23487927936 3720469139 144 112012684 3857217690
======================
   8      48 sdd 16816273 0 4279206488 137049545 244419973 105421555 23489241344 3721070006 154 112017687 3857822686
======================
   8      48 sdd 16816278 0 4279206528 137050650 244422069 105421568 23490560512 3721691512 141 112022689 3858446434
======================
   8      48 sdd 16816283 0 4279206568 137051802 244424167 105421581 23491880704 3722301134 143 112027691 3859057441
======================
   8      48 sdd 16816289 0 4279206616 137052967 244426260 105421593 23493197312 3722898373 147 112032692 3859655083
======================
   8      48 sdd 16816294 0 4279206656 137054150 244428349 105421608 23494512016 3723530335 135 112037696 3860289731
======================
   8      48 sdd 16816299 0 4279206696 137055348 244430436 105421621 23495825168 3724147468 132 112042698 3860907684
======================
   8      48 sdd 16816305 0 4279206744 137056455 244432531 105421634 23497142432 3724771577 146 112047704 3861532477
======================
   8      48 sdd 16816310 0 4279206784 137057799 244434620 105421647 23498457120 3725381382 138 112052707 3862144543
======================
   8      48 sdd 16816315 0 4279206824 137059214 244436708 105421660 23499771168 3725973943 159 112057710 3862737922
======================
   8      48 sdd 16816321 0 4279206872 137060165 244438801 105421672 23501087520 3726602466 147 112062714 3863368006
======================
   8      48 sdd 16816326 0 4279206912 137061415 244440891 105421685 23502402848 3727214938 157 112067717 3863980963
======================
   8      48 sdd 16816331 0 4279206952 137062575 244442978 105421698 23503716128 3727832402 134 112072720 3864599547
======================
   8      48 sdd 16816337 0 4279207000 137063653 244445069 105421710 23505032824 3728450553 130 112077725 3865218953
======================
   8      48 sdd 16816342 0 4279207040 137064874 244447162 105421723 23506348576 3729062622 138 112082728 3865832557
======================
   8      48 sdd 16816347 0 4279207080 137066004 244449250 105421736 23507663224 3729677827 151 112087732 3866448732
======================
   8      48 sdd 16816353 0 4279207128 137067238 244451342 105421750 23508978608 3730297595 151 112092736 3867069809
======================
   8      48 sdd 16816358 0 4279207168 137068490 244453431 105421759 23510293640 3730922517 148 112097738 3867690605
======================
   8      48 sdd 16816363 0 4279207208 137069679 244455519 105421772 23511607688 3731543231 137 112102741 3868308683
======================
   8      48 sdd 16816369 0 4279207256 137070903 244457611 105421786 23512924304 3732162102 135 112107746 3868921438
======================
   8      48 sdd 16816374 0 4279207296 137072406 244459700 105421798 23514238912 3732762171 7 112112749 3869517356
======================
   8      48 sdd 16816379 0 4279207336 137073467 244461788 105421811 23515552960 3733387490 28 112117752 3870149976
======================
   8      48 sdd 16816385 0 4279207384 137074679 244463880 105421824 23516869312 3733997798 19 112122756 3870759009
======================
   8      48 sdd 16816390 0 4279207424 137075805 244465965 105421836 23518180800 3734612824 18 112127759 3871375060
======================
   8      48 sdd 16816395 0 4279207464 137076934 244468048 105421849 23519491648 3735228705 70 112132761 3872004754
======================
   8      48 sdd 16816401 0 4279207512 137078036 244470141 105421862 23520808896 3735842124 86 112137765 3872620977
======================
   8      48 sdd 16816406 0 4279207552 137079183 244472230 105421874 23522122944 3736456581 107 112142768 3873239307
======================
   8      48 sdd 16816411 0 4279207592 137080180 244474315 105421887 23523434816 3737076800 132 112147772 3873862607
======================
   8      48 sdd 16816417 0 4279207640 137081525 244476407 105421900 23524751432 3737710026 123 112152774 3874495852
======================
   8      48 sdd 16816422 0 4279207680 137082788 244478495 105421904 23526065472 3738351494 117 112157777 3875138265
======================
   8      48 sdd 16816427 0 4279207720 137084203 244480577 105421917 23527375680 3738965546 118 112162779 3875754848
======================
   8      48 sdd 16816433 0 4279207768 137085628 244482669 105421931 23528691664 3739585871 110 112167782 3876375567
======================
   8      48 sdd 16816439 0 4279207816 137087191 244484760 105421944 23530007376 3740184815 143 112172786 3876977008
======================
   8      48 sdd 16816443 0 4279207848 137088179 244486848 105421957 23531321424 3740812531 97 112177788 3877603375
======================
   8      48 sdd 16816450 0 4279207904 137089598 244488941 105421970 23532638672 3741409879 132 112182792 3878203836
======================
   8      48 sdd 16816454 0 4279207936 137090161 244491029 105421983 23533952720 3742070616 56 112187795 3878856701
======================
   8      48 sdd 16816459 0 4279207976 137091305 244493116 105421996 23535265872 3742686710 52 112192797 3879473057
======================
   8      48 sdd 16816465 0 4279208024 137092516 244495210 105422009 23536583760 3743295605 41 112197800 3880080662
======================
   8      48 sdd 16816470 0 4279208064 137093700 244497298 105422022 23537897808 3743909458 36 112202804 3880694118
======================
   8      48 sdd 16816475 0 4279208104 137094954 244499386 105422037 23539211240 3744529537 6 112207807 3881306996
======================
   8      48 sdd 16816482 0 4279208160 137096566 244501478 105422049 23540526952 3745135438 134 112212811 3881928197
======================
   8      48 sdd 16816487 0 4279208200 137097975 244503567 105422062 23541841640 3745761871 158 112217814 3882540987
======================
   8      48 sdd 16816492 0 4279208240 137099160 244505641 105422075 23543146728 3746377631 1 112222817 3883157065
======================
   8      48 sdd 16816498 0 4279208288 137100375 244507749 105422088 23544472312 3746988158 143 112227820 3883774509
======================
   8      48 sdd 16816503 0 4279208328 137101627 244509839 105422101 23545787384 3747604290 132 112232823 3884394740
======================
   8      48 sdd 16816509 0 4279208376 137102778 244511926 105422114 23547100792 3748227428 140 112237832 3885014067
======================
   8      48 sdd 16816514 0 4279208416 137104035 244514018 105422126 23548416760 3748833252 139 112242834 3885632593
======================
   8      48 sdd 16816519 0 4279208456 137105311 244516106 105422139 23549730808 3749440022 143 112247836 3886239732
======================
   8      48 sdd 16816525 0 4279208504 137106445 244518194 105422152 23551044600 3750059991 157 112252840 3886855190
======================
   8      48 sdd 16816530 0 4279208544 137107333 244520288 105422164 23552361848 3750684306 143 112257849 3887496375
======================
   8      48 sdd 16816535 0 4279208584 137108460 244522377 105422177 23553676536 3751302145 131 112262852 3888115052
======================
   8      48 sdd 16816541 0 4279208632 137109845 244524464 105422190 23554989944 3751906728 138 112267855 3888710901
======================
   8      48 sdd 16816546 0 4279208672 137110993 244526532 105422202 23556290552 3752518389 144 112272858 3889323274
======================
   8      48 sdd 16816551 0 4279208712 137111897 244528625 105422215 23557607800 3753150803 155 112277862 3889960230
======================
   8      48 sdd 16816557 0 4279208760 137113100 244530727 105422229 23558930560 3753789980 154 112282864 3890600223
======================
   8      48 sdd 16816562 0 4279208800 137114361 244532821 105422242 23560247184 3754418481 154 112287871 3891235502
======================
   8      48 sdd 16816567 0 4279208840 137115614 244534910 105422255 23561561872 3755036128 146 112292874 3891855237
======================
   8      48 sdd 16816573 0 4279208888 137117026 244537004 105422268 23562879504 3755634074 128 112297887 3892451649
======================
   8      48 sdd 16816578 0 4279208928 137118208 244539095 105422280 23564194832 3756246402 147 112302889 3893069412
======================
   8      48 sdd 16816583 0 4279208968 137119485 244541183 105422293 23565508880 3756856617 152 112307892 3893680740
======================
   8      48 sdd 16816589 0 4279209016 137120707 244543271 105422306 23566822800 3757465440 145 112312894 3894289019
======================
   8      48 sdd 16816594 0 4279209056 137121839 244545365 105422318 23568139920 3758075557 156 112317902 3894901787
======================
   8      48 sdd 16816599 0 4279209096 137122961 244547453 105422331 23569453968 3758699681 139 112322904 3895527389
======================
   8      48 sdd 16816605 0 4279209144 137124141 244549540 105422344 23570767376 3759306693 158 112327908 3896134541
======================
   8      48 sdd 16816610 0 4279209184 137125279 244551634 105422356 23572084368 3759920581 128 112332911 3896749733
======================
   8      48 sdd 16816615 0 4279209224 137126450 244553722 105422370 23573398424 3760562225 146 112337914 3897393195
======================
   8      48 sdd 16816621 0 4279209272 137127799 244555809 105422383 23574712464 3761174920 135 112342917 3898007047
started
======================
   8      48 sdd 16818552 0 4279670994 137131641 244556022 105422398 23574836744 3761242431 2 112345528 3898054046
======================
   8      48 sdd 16822934 0 4280792018 137140919 244556025 105422400 23574836784 3761242431 2 112350561 3898063296
======================
   8      48 sdd 16827749 0 4282024402 137150023 244556025 105422400 23574836784 3761242431 2 112355560 3898072393
======================
   8      48 sdd 16832568 0 4283257810 137159168 244556025 105422400 23574836784 3761242431 2 112360562 3898081529
======================
   8      48 sdd 16837385 0 4284490962 137168246 244556025 105422400 23574836784 3761242431 2 112365559 3898090595
======================
   8      48 sdd 16842206 0 4285724626 137177347 244556025 105422400 23574836784 3761242431 2 112370554 3898099685
======================
   8      48 sdd 16847020 0 4286957010 137186414 244556025 105422400 23574836784 3761242431 2 112375549 3898108738
======================
   8      48 sdd 16851808 0 4288182482 137195509 244556025 105422400 23574836784 3761242431 2 112380543 3898117827
======================
   8      48 sdd 16856473 0 4289376722 137204598 244556027 105422400 23574836800 3761242431 2 112385530 3898126905
======================
   8      48 sdd 16861150 0 4290573778 137213724 244556027 105422400 23574836800 3761242431 2 112390523 3898136026
======================
   8      48 sdd 16865847 0 4291775954 137222821 244556027 105422400 23574836800 3761242431 1 112395506 3898145114
======================
   8      48 sdd 16870521 0 4292972434 137231804 244556027 105422400 23574836800 3761242431 2 112400492 3898154088
======================
   8      48 sdd 16875217 0 4294174130 137240810 244556027 105422400 23574836800 3761242431 1 112405487 3898163089
======================
   8      48 sdd 16880051 0 4295411378 137249799 244556027 105422400 23574836800 3761242431 2 112410477 3898172069
======================
   8      48 sdd 16884899 0 4296652466 137258788 244556027 105422400 23574836800 3761242431 2 112415482 3898181047
======================
   8      48 sdd 16889736 0 4297890994 137267945 244556027 105422400 23574836800 3761242431 1 112420470 3898190190
======================
   8      48 sdd 16894582 0 4299131314 137277123 244556027 105422400 23574836800 3761242431 2 112425469 3898199355
======================
   8      48 sdd 16899431 0 4300372658 137286287 244556027 105422400 23574836800 3761242431 2 112430477 3898208502
======================
   8      48 sdd 16904270 0 4301611442 137295420 244556027 105422400 23574836800 3761242431 2 112435470 3898217623
======================
   8      48 sdd 16909107 0 4302848866 137304432 244556027 105422400 23574836800 3761242431 2 112440466 3898226623
======================
   8      48 sdd 16913932 0 4304084066 137313486 244556027 105422400 23574836800 3761242431 2 112445449 3898235663
======================
   8      48 sdd 16918754 0 4305318498 137322515 244556027 105422400 23574836800 3761242431 2 112450444 3898244686
======================
   8      48 sdd 16923579 0 4306553698 137331475 244556027 105422400 23574836800 3761242431 2 112455441 3898253632
======================
   8      48 sdd 16928404 0 4307788322 137340379 244556027 105422400 23574836800 3761242431 1 112460440 3898262527
======================
   8      48 sdd 16933186 0 4309012514 137349284 244556027 105422400 23574836800 3761242431 2 112465429 3898271421
======================
   8      48 sdd 16937999 0 4310243826 137358240 244556027 105422400 23574836800 3761242431 2 112470422 3898280367
======================
   8      48 sdd 16942826 0 4311479282 137367231 244556027 105422400 23574836800 3761242431 1 112475409 3898289344
======================
   8      48 sdd 16947666 0 4312718322 137376313 244556027 105422400 23574836800 3761242431 2 112480417 3898298421
======================
   8      48 sdd 16952486 0 4313952242 137385370 244556027 105422400 23574836800 3761242431 2 112485405 3898307466
======================
   8      48 sdd 16957316 0 4315188386 137394398 244556027 105422400 23574836800 3761242431 2 112490405 3898316481
======================
   8      48 sdd 16962122 0 4316418194 137403395 244556027 105422400 23574836800 3761242431 2 112495392 3898325466
======================
   8      48 sdd 16966939 0 4317651346 137412318 244556027 105422400 23574836800 3761242431 2 112500382 3898334375
======================
   8      48 sdd 16971762 0 4318885778 137421351 244556027 105422400 23574836800 3761242431 2 112505382 3898343401
======================
   8      48 sdd 16976583 0 4320119954 137430362 244556027 105422400 23574836800 3761242431 2 112510381 3898352403
======================
   8      48 sdd 16981405 0 4321354386 137439450 244556027 105422400 23574836800 3761242431 2 112515379 3898361478
======================
   8      48 sdd 16986229 0 4322589330 137448552 244556027 105422400 23574836800 3761242431 2 112520370 3898370569
======================
   8      48 sdd 16991052 0 4323823250 137457702 244556027 105422400 23574836800 3761242431 1 112525361 3898379704
======================
   8      48 sdd 16995880 0 4325059474 137466862 244556027 105422400 23574836800 3761242431 2 112530367 3898388850
======================
   8      48 sdd 17000705 0 4326294418 137476006 244556027 105422400 23574836800 3761242431 2 112535370 3898397984
======================
   8      48 sdd 17005521 0 4327527314 137485121 244556027 105422400 23574836800 3761242431 2 112540354 3898407088
======================
   8      48 sdd 17010342 0 4328761490 137494272 244556027 105422400 23574836800 3761242431 2 112545348 3898416225
======================
   8      48 sdd 17015171 0 4329997714 137503447 244556027 105422400 23574836800 3761242431 1 112550344 3898425390
======================
   8      48 sdd 17020011 0 4331236498 137512588 244556027 105422400 23574836800 3761242431 2 112555355 3898434530
======================
   8      48 sdd 17024841 0 4332472546 137521606 244556027 105422400 23574836800 3761242431 2 112560350 3898443539
======================
   8      48 sdd 17029654 0 4333704498 137530542 244556027 105422400 23574836800 3761242431 2 112565345 3898452463
======================
   8      48 sdd 17034495 0 4334943538 137539641 244556027 105422400 23574836800 3761242431 1 112570340 3898461551
======================
   8      48 sdd 17039331 0 4336181554 137548727 244556027 105422400 23574836800 3761242431 2 112575327 3898470623
======================
   8      48 sdd 17044145 0 4337413762 137557699 244556027 105422400 23574836800 3761242431 2 112580324 3898479588
======================
   8      48 sdd 17048958 0 4338644354 137566724 244556027 105422400 23574836800 3761242431 1 112585320 3898488600
======================
   8      48 sdd 17053793 0 4339882114 137575855 244556027 105422400 23574836800 3761242431 1 112590315 3898497718
======================
   8      48 sdd 17058602 0 4341113218 137584991 244556027 105422400 23574836800 3761242431 2 112595310 3898506847
======================
   8      48 sdd 17063414 0 4342344834 137594175 244556027 105422400 23574836800 3761242431 2 112600306 3898516019
======================
   8      48 sdd 17068255 0 4343584130 137603247 244556027 105422400 23574836800 3761242431 1 112605309 3898525081
======================
   8      48 sdd 17073075 0 4344818050 137612267 244556027 105422400 23574836800 3761242431 1 112610296 3898534097
======================
   8      48 sdd 17077890 0 4346050434 137621242 244556027 105422400 23574836800 3761242431 2 112615291 3898543055
======================
   8      48 sdd 17082706 0 4347283330 137630367 244556027 105422400 23574836800 3761242431 2 112620291 3898552168
======================
   8      48 sdd 17087523 0 4348516210 137639495 244556027 105422400 23574836800 3761242431 2 112625283 3898561287
======================
   8      48 sdd 17092367 0 4349755506 137648618 244556027 105422400 23574836800 3761242431 2 112630297 3898570398
======================
   8      48 sdd 17097199 0 4350992242 137657782 244556027 105422400 23574836800 3761242431 2 112635297 3898579548
======================
   8      48 sdd 17102026 0 4352227954 137666896 244556027 105422400 23574836800 3761242431 2 112640286 3898588653
======================
   8      48 sdd 17106867 0 4353467250 137676059 244556027 105422400 23574836800 3761242431 2 112645289 3898597803
======================
   8      48 sdd 17111685 0 4354700402 137685148 244556027 105422400 23574836800 3761242431 2 112650271 3898606882
======================
   8      48 sdd 17116501 0 4355933074 137694295 244556027 105422400 23574836800 3761242431 2 112655264 3898616019
======================
   8      48 sdd 17121320 0 4357166738 137703446 244556027 105422400 23574836800 3761242431 1 112660265 3898625154
======================
   8      48 sdd 17126148 0 4358402450 137712607 244556027 105422400 23574836800 3761242431 2 112665263 3898634303
======================
   8      48 sdd 17130978 0 4359638418 137721676 244556027 105422400 23574836800 3761242431 2 112670267 3898643362
======================
   8      48 sdd 17135814 0 4360876098 137730700 244556027 105422400 23574836800 3761242431 2 112675265 3898652379
======================
   8      48 sdd 17140718 0 4362129986 137739774 244556027 105422400 23574836800 3761242431 2 112680262 3898661443
======================
   8      48 sdd 17145610 0 4363381570 137748758 244556027 105422400 23574836800 3761242431 2 112685250 3898670421
======================
   8      48 sdd 17150470 0 4364625458 137757650 244556027 105422400 23574836800 3761242431 2 112690250 3898679307
======================
   8      48 sdd 17155291 0 4365859202 137766709 244556027 105422400 23574836800 3761242431 2 112695244 3898688353
======================
   8      48 sdd 17160113 0 4367093634 137775785 244556027 105422400 23574836800 3761242431 2 112700241 3898697416
======================
   8      48 sdd 17164927 0 4368325770 137784920 244556027 105422400 23574836800 3761242431 1 112705233 3898706542
======================
   8      48 sdd 17169741 0 4369557898 137794025 244556027 105422400 23574836800 3761242431 2 112710227 3898715643
======================
   8      48 sdd 17174553 0 4370789770 137803107 244556027 105422400 23574836800 3761242431 2 112715215 3898724713
======================
   8      48 sdd 17179375 0 4372024458 137812213 244556027 105422400 23574836800 3761242431 2 112720213 3898733805
======================
   8      48 sdd 17184173 0 4373252746 137821154 244556027 105422400 23574836800 3761242431 1 112725201 3898742732
======================
   8      48 sdd 17188976 0 4374482010 137830116 244556027 105422400 23574836800 3761242431 2 112730204 3898751684
======================
   8      48 sdd 17193790 0 4375714394 137839072 244556027 105422400 23574836800 3761242431 2 112735198 3898760630
======================
   8      48 sdd 17198601 0 4376946010 137848065 244556027 105422400 23574836800 3761242431 2 112740193 3898769611
======================
   8      48 sdd 17203478 0 4378193482 137857002 244556027 105422400 23574836800 3761242431 2 112745175 3898778533
======================
   8      48 sdd 17208366 0 4379444298 137866031 244556027 105422400 23574836800 3761242431 2 112750161 3898787553
======================
   8      48 sdd 17213265 0 4380698442 137875012 244556027 105422400 23574836800 3761242431 1 112755166 3898796522
======================
   8      48 sdd 17218094 0 4381933418 137883980 244556027 105422400 23574836800 3761242431 2 112760162 3898805484
======================
   8      48 sdd 17222921 0 4383168858 137892870 244556027 105422400 23574836800 3761242431 1 112765158 3898814366
======================
   8      48 sdd 17227720 0 4384396714 137901946 244556027 105422400 23574836800 3761242431 2 112770148 3898823434
======================
   8      48 sdd 17232515 0 4385624234 137911053 244556027 105422400 23574836800 3761242431 2 112775142 3898832538
======================
   8      48 sdd 17237314 0 4386852778 137920167 244556027 105422400 23574836800 3761242431 2 112780138 3898841639
======================
   8      48 sdd 17242121 0 4388082730 137929214 244556027 105422400 23574836800 3761242431 2 112785133 3898850671
======================
   8      48 sdd 17246912 0 4389308970 137938205 244556027 105422400 23574836800 3761242431 2 112790121 3898859653
======================
   8      48 sdd 17251709 0 4390537002 137947245 244556027 105422400 23574836800 3761242431 1 112795118 3898868679
======================
   8      48 sdd 17256513 0 4391766826 137956376 244556027 105422400 23574836800 3761242431 2 112800113 3898877805
======================
   8      48 sdd 17261318 0 4392996906 137965449 244556027 105422400 23574836800 3761242431 2 112805103 3898886871
======================
   8      48 sdd 17266121 0 4394226154 137974429 244556027 105422400 23574836800 3761242431 2 112810094 3898895837
======================
   8      48 sdd 17270944 0 4395460842 137983404 244556027 105422400 23574836800 3761242431 2 112815082 3898904807
======================
   8      48 sdd 17275755 0 4396692458 137992467 244556027 105422400 23574836800 3761242431 2 112820077 3898913861
======================
   8      48 sdd 17280557 0 4397921514 138001495 244556027 105422400 23574836800 3761242431 2 112825061 3898922884
======================
   8      48 sdd 17285387 0 4399157994 138010555 244556027 105422400 23574836800 3761242431 2 112830073 3898931933
======================
   8      48 sdd 17290206 0 4400391914 138019638 244556027 105422400 23574836800 3761242431 2 112835065 3898941002
======================
   8      48 sdd 17295040 0 4401629162 138028721 244556027 105422400 23574836800 3761242431 2 112840063 3898950074
======================
   8      48 sdd 17299861 0 4402862314 138037789 244556027 105422400 23574836800 3761242431 2 112845059 3898959133
======================
   8      48 sdd 17304671 0 4404093674 138046876 244556027 105422400 23574836800 3761242431 2 112850051 3898968205
======================
   8      48 sdd 17308367 0 4405039450 138052323 244556027 105422400 23574836800 3761242431 0 112853141 3898973639
