40.9
41.0
19.7
26.4
25.5
16.4
27.7
18.5
18.1
22.8
17.4
15.3
22.3
14.1
17.1
24.8
16.6
14.3
24.1
15.6
19.1
23.7
11.1
18.2
23.2
15.6
22.6
20.7
15.8
20.9
20.1
15.8
20.2
19.8
17.6
19.5
19.4
17.5
19.7
18.0
18.3
16.8
20.6
17.6
18.8
21.2
18.2
17.2
20.0
18.5
17.2
21.8
19.2
19.8
19.8
17.9
24.1
16.2
23.6
21.7
16.5
19.6
24.6
11.2
20.4
22.6
12.7
18.1
20.5
15.6
16.0
22.2
11.3
16.3
23.3
15.7
12.4
23.1
21.9
9.8
22.4
19.9
11.9
17.3
21.2
11.4
16.2
21.9
10.4
22.8
16.9
7.7
21.2
23.1
12.7
15.7
22.7
13.7
12.6
23.6
17.3
10.2
21.8
23.0
11.7
17.1
21.5
16.0
20.1
20.0
8.5
21.8
23.3
11.0
14.1
