======================
   8      48 sdd 4431286 0 1132520726 9842350 1901290 7890005 1196415480 563328800 0 9130280 573155612
======================
   8      48 sdd 4431297 0 1132520814 9843356 1903380 7890005 1197732600 563900500 151 9134839 573754479
======================
   8      48 sdd 4431302 0 1132520854 9844586 1905483 7890030 1199051288 564540002 157 9139841 574393714
======================
   8      48 sdd 4431308 0 1132520902 9846012 1907575 7890043 1200367640 565147470 139 9144845 575002574
======================
   8      48 sdd 4431313 0 1132520942 9847179 1909668 7890055 1201684248 565763351 142 9149848 575619781
======================
   8      48 sdd 4431318 0 1132520982 9848187 1911765 7890068 1203003800 566407159 135 9154865 576264557
======================
   8      48 sdd 4431324 0 1132521030 9849439 1913857 7890081 1204320408 567019421 153 9159876 576877994
======================
   8      48 sdd 4431329 0 1132521070 9850328 1915951 7890093 1205637656 567662192 149 9164879 577521712
======================
   8      48 sdd 4431334 0 1132521110 9851440 1918042 7890106 1206953368 568280388 129 9169883 578140752
======================
   8      48 sdd 4431340 0 1132521158 9852829 1920132 7890119 1208268696 568872321 121 9174886 578733341
======================
   8      48 sdd 4431346 0 1132521206 9854164 1922225 7890132 1209585312 569512610 153 9179889 579375324
======================
   8      48 sdd 4431350 0 1132521238 9855002 1924316 7890145 1210901024 570171796 104 9184893 580033894
======================
   8      48 sdd 4431357 0 1132521294 9856543 1926408 7890158 1212217632 570782666 150 9189896 580646187
======================
   8      48 sdd 4431361 0 1132521326 9857689 1928505 7890171 1213536176 571395932 83 9194905 581258056
======================
   8      48 sdd 4431366 0 1132521366 9859076 1930595 7890184 1214851248 571997774 76 9199907 581859967
======================
   8      48 sdd 4431373 0 1132521422 9860551 1932685 7890197 1216166576 572607133 156 9204909 582471494
======================
   8      48 sdd 4431377 0 1132521454 9861690 1934779 7890209 1217483824 573221137 33 9209912 583077077
======================
   8      48 sdd 4431383 0 1132521502 9863170 1936868 7890222 1218798256 573822413 132 9214915 583693431
======================
   8      48 sdd 4431389 0 1132521550 9864461 1938958 7890235 1220113584 574434947 137 9219920 584302451
======================
   8      48 sdd 4431394 0 1132521590 9865604 1941051 7890247 1221430192 575065017 83 9224923 584918316
======================
   8      48 sdd 4431399 0 1132521630 9866773 1943137 7890260 1222742832 575681157 154 9229925 585536643
======================
   8      48 sdd 4431405 0 1132521678 9868191 1945226 7890273 1224057648 576271194 155 9234929 586125648
======================
   8      48 sdd 4431410 0 1132521718 9869547 1947318 7890285 1225373360 576863592 79 9239932 586717566
======================
   8      48 sdd 4431415 0 1132521758 9870565 1949406 7890298 1226687408 577483089 135 9244936 587345949
======================
   8      48 sdd 4431421 0 1132521806 9871731 1951495 7890312 1228002104 578099898 139 9249939 587980398
======================
   8      48 sdd 4431426 0 1132521846 9872897 1953588 7890325 1229317832 578729577 135 9254942 588602073
======================
   8      48 sdd 4431431 0 1132521886 9874056 1955677 7890338 1230632520 579345809 152 9259946 589222569
======================
   8      48 sdd 4431437 0 1132521934 9875455 1957765 7890351 1231946568 579954415 155 9264949 589836508
======================
   8      48 sdd 4431442 0 1132521974 9876619 1959859 7890363 1233263816 580576041 145 9269952 590456697
======================
   8      48 sdd 4431447 0 1132522014 9877778 1961950 7890376 1234579528 581193231 132 9274955 591076365
======================
   8      48 sdd 4431453 0 1132522062 9878905 1964040 7890389 1235894856 581808176 159 9279958 591695503
======================
   8      48 sdd 4431458 0 1132522102 9879955 1966133 7890401 1237211464 582436892 147 9284961 592324423
======================
   8      48 sdd 4431463 0 1132522142 9881129 1968224 7890414 1238527176 583055363 153 9289966 592943364
======================
   8      48 sdd 4431469 0 1132522190 9882110 1970311 7890427 1239840584 583687224 139 9294968 593579145
======================
   8      48 sdd 4431474 0 1132522230 9883206 1972406 7890439 1241158472 584310697 131 9299971 594202242
======================
   8      48 sdd 4431479 0 1132522270 9884329 1974495 7890452 1242473160 584924443 132 9304974 594817266
======================
   8      48 sdd 4431485 0 1132522318 9885477 1976585 7890465 1243788232 585536023 149 9309978 595430639
======================
   8      48 sdd 4431490 0 1132522358 9886636 1978680 7890479 1245105504 586171756 132 9314980 596066909
======================
   8      48 sdd 4431495 0 1132522398 9887876 1980766 7890492 1246418144 586800644 157 9319983 596697723
======================
   8      48 sdd 4431501 0 1132522446 9889067 1982856 7890505 1247733600 587409564 157 9324987 597307629
======================
   8      48 sdd 4431506 0 1132522486 9890228 1984947 7890517 1249048672 588030344 138 9329990 597929374
======================
   8      48 sdd 4431511 0 1132522526 9891540 1987036 7890530 1250363360 588635545 129 9334994 598536149
======================
   8      48 sdd 4431517 0 1132522574 9892773 1989127 7890543 1251679328 589243873 135 9339998 599145670
======================
   8      48 sdd 4431522 0 1132522614 9893794 1991221 7890555 1252996320 589872593 144 9345001 599775179
======================
   8      48 sdd 4431527 0 1132522654 9894989 1993311 7890568 1254311648 590485882 130 9350004 600389544
======================
   8      48 sdd 4431533 0 1132522702 9896251 1995402 7890581 1255627616 591095784 145 9355007 601001154
======================
   8      48 sdd 4431538 0 1132522742 9897372 1997492 7890593 1256942304 591713094 147 9360009 601619344
======================
   8      48 sdd 4431543 0 1132522782 9898514 1999559 7890606 1258242912 592330877 158 9365013 602237581
======================
   8      48 sdd 4431549 0 1132522830 9899596 2001658 7890619 1259564000 592949914 144 9370016 602858154
======================
   8      48 sdd 4431554 0 1132522870 9900720 2003762 7890632 1260886768 593558917 145 9375019 603468552
======================
   8      48 sdd 4431559 0 1132522910 9901657 2005852 7890646 1262202104 594198082 137 9380022 604108304
======================
   8      48 sdd 4431565 0 1132522958 9903053 2007942 7890659 1263517176 594822299 153 9385025 604733387
======================
   8      48 sdd 4431570 0 1132522998 9904396 2010016 7890672 1264822520 595432078 130 9390027 605345095
======================
   8      48 sdd 4431575 0 1132523038 9905792 2012094 7890685 1266130168 596041799 135 9395030 605956077
======================
   8      48 sdd 4431581 0 1132523086 9907353 2014192 7890698 1267450360 596629719 152 9400032 606545302
======================
   8      48 sdd 4431586 0 1132523126 9908739 2016294 7890711 1268774008 597232590 128 9405036 607149552
======================
   8      48 sdd 4431591 0 1132523166 9910122 2018386 7890724 1270089720 597827698 124 9410039 607745594
======================
   8      48 sdd 4431597 0 1132523214 9911286 2020476 7890737 1271405048 598441008 117 9415042 608360158
======================
   8      48 sdd 4431602 0 1132523254 9912307 2022567 7890750 1272721016 599068586 109 9420045 608987918
======================
   8      48 sdd 4431607 0 1132523294 9913430 2024656 7890763 1274035448 599690535 103 9425048 609610096
======================
   8      48 sdd 4431613 0 1132523342 9914679 2026748 7890777 1275351432 600299525 95 9430052 610219811
======================
   8      48 sdd 4431618 0 1132523382 9915799 2028841 7890790 1276668552 600913778 85 9435054 610833628
======================
   8      48 sdd 4431623 0 1132523422 9916923 2030930 7890803 1277983112 601530608 79 9440057 611450779
======================
   8      48 sdd 4431630 0 1132523478 9918229 2033020 7890816 1279298440 602135011 146 9445059 612060928
======================
   8      48 sdd 4431635 0 1132523518 9919399 2035113 7890830 1280615696 602778052 135 9450062 612702570
======================
   8      48 sdd 4431640 0 1132523558 9920565 2037202 7890843 1281930984 603398276 129 9455065 613323828
======================
   8      48 sdd 4431646 0 1132523606 9921774 2039294 7890855 1283246096 604010763 153 9460068 613937580
======================
   8      48 sdd 4431651 0 1132523646 9923013 2041385 7890868 1284562664 604629882 140 9465071 614553698
======================
   8      48 sdd 4431656 0 1132523686 9924404 2043476 7890882 1285877408 605237893 128 9470074 615155536
======================
   8      48 sdd 4431662 0 1132523734 9925568 2045567 7890894 1287192480 605839271 142 9475077 615773638
======================
   8      48 sdd 4431667 0 1132523774 9926801 2047662 7890907 1288511008 606460427 157 9480081 616394923
======================
   8      48 sdd 4431672 0 1132523814 9928037 2049748 7890920 1289824376 607076666 151 9485083 617011919
======================
   8      48 sdd 4431678 0 1132523862 9929393 2051841 7890933 1291139760 607684416 135 9490086 617618457
======================
   8      48 sdd 4431683 0 1132523902 9930784 2053935 7890946 1292457992 608283913 153 9495089 618216682
======================
   8      48 sdd 4431688 0 1132523942 9931896 2056023 7890959 1293771440 608898587 157 9500094 618839425
======================
   8      48 sdd 4431694 0 1132523990 9933078 2058112 7890968 1295086728 609512428 143 9505097 619454368
======================
   8      48 sdd 4431699 0 1132524030 9934186 2060206 7890980 1296403720 610130318 146 9510102 620073168
======================
   8      48 sdd 4431704 0 1132524070 9935309 2062295 7890993 1297718408 610749349 146 9515104 620693639
======================
   8      48 sdd 4431710 0 1132524118 9936524 2064386 7891009 1299034376 611357671 130 9520106 621302382
======================
   8      48 sdd 4431715 0 1132524158 9937720 2066479 7891018 1300350728 611976446 157 9525109 621922324
======================
   8      48 sdd 4431720 0 1132524198 9939128 2068568 7891031 1301665416 612597064 146 9530113 622543333
======================
   8      48 sdd 4431726 0 1132524246 9940348 2070656 7891044 1302979464 613232155 145 9535115 623179941
======================
   8      48 sdd 4431731 0 1132524286 9941507 2072743 7891056 1304292232 613868433 132 9540119 623815036
======================
   8      48 sdd 4431736 0 1132524326 9942676 2074829 7891069 1305606192 614510031 32 9545122 624446095
======================
   8      48 sdd 4431742 0 1132524374 9943901 2076917 7891083 1306919984 615119619 53 9550124 625061803
======================
   8      48 sdd 4431747 0 1132524414 9945069 2079009 7891095 1308235328 615740241 46 9555128 625681905
======================
   8      48 sdd 4431752 0 1132524454 9946309 2081096 7891108 1309548736 616358653 68 9560130 626306240
======================
   8      48 sdd 4431758 0 1132524502 9947943 2083185 7891121 1310863424 616928655 88 9565132 626881197
======================
   8      48 sdd 4431763 0 1132524542 9949505 2085276 7891133 1312178752 617517986 107 9570136 627474159
======================
   8      48 sdd 4431768 0 1132524582 9950556 2087363 7891146 1313491904 618145623 129 9575139 628103985
======================
   8      48 sdd 4431774 0 1132524630 9951716 2089452 7891159 1314806592 618755792 149 9580143 628715309
======================
   8      48 sdd 4431779 0 1132524670 9952842 2091545 7891162 1316123200 619371735 140 9585145 629332751
======================
   8      48 sdd 4431784 0 1132524710 9953959 2093634 7891175 1317437888 619988725 142 9590148 629951098
======================
   8      48 sdd 4431790 0 1132524758 9955225 2095725 7891188 1318753600 620589116 138 9595151 630552515
======================
   8      48 sdd 4431795 0 1132524798 9956362 2097818 7891200 1320070208 621203223 140 9600154 631167744
======================
   8      48 sdd 4431800 0 1132524838 9957559 2099907 7891213 1321384896 621813729 149 9605157 631779675
started
======================
   8      48 sdd 4431864 0 1132525344 9958149 2101306 7891238 1322257152 622224187 0 9608484 632165887
======================
   8      48 sdd 4435563 0 1133463368 9966972 2101306 7891238 1322257152 622224187 2 9613023 632174706
======================
   8      48 sdd 4440386 0 1134698056 9976615 2101309 7891240 1322257192 622224187 2 9618026 632184346
======================
   8      48 sdd 4445210 0 1135933000 9986244 2101309 7891240 1322257192 622224187 2 9623029 632193964
======================
   8      48 sdd 4450035 0 1137168200 9995891 2101309 7891240 1322257192 622224187 2 9628033 632203607
======================
   8      48 sdd 4454861 0 1138403656 10005533 2101309 7891240 1322257192 622224187 2 9633036 632213245
======================
   8      48 sdd 4459695 0 1139641160 10015172 2101309 7891240 1322257192 622224187 2 9638039 632222874
======================
   8      48 sdd 4464525 0 1140877640 10024807 2101309 7891240 1322257192 622224187 2 9643043 632232506
======================
   8      48 sdd 4469350 0 1142112840 10034450 2101309 7891240 1322257192 622224187 2 9648047 632242132
======================
   8      48 sdd 4474175 0 1143348040 10044093 2101311 7891240 1322257208 622224187 2 9653052 632251770
======================
   8      48 sdd 4479003 0 1144584008 10053729 2101311 7891240 1322257208 622224187 2 9658056 632261396
======================
   8      48 sdd 4483834 0 1145820744 10063357 2101311 7891240 1322257208 622224187 2 9663059 632271016
======================
   8      48 sdd 4488671 0 1147059016 10073003 2101311 7891240 1322257208 622224187 2 9668063 632280659
======================
   8      48 sdd 4493495 0 1148293960 10082633 2101311 7891240 1322257208 622224187 1 9673066 632290281
======================
   8      48 sdd 4498315 0 1149527880 10092269 2101311 7891240 1322257208 622224187 1 9678069 632299905
======================
   8      48 sdd 4503140 0 1150763080 10101889 2101311 7891240 1322257208 622224187 2 9683074 632309523
======================
   8      48 sdd 4507969 0 1151999304 10111533 2101311 7891240 1322257208 622224187 2 9688077 632319159
======================
   8      48 sdd 4512802 0 1153236552 10121159 2101311 7891240 1322257208 622224187 2 9693081 632328775
======================
   8      48 sdd 4517634 0 1154473544 10130796 2101311 7891240 1322257208 622224187 2 9698084 632338404
======================
   8      48 sdd 4522457 0 1155708232 10140433 2101311 7891240 1322257208 622224187 2 9703087 632348034
======================
   8      48 sdd 4527281 0 1156943176 10150055 2101311 7891240 1322257208 622224187 2 9708091 632357648
======================
   8      48 sdd 4532109 0 1158179144 10159692 2101311 7891240 1322257208 622224187 2 9713094 632367278
======================
   8      48 sdd 4536939 0 1159415624 10169322 2101311 7891240 1322257208 622224187 2 9718098 632376903
======================
   8      48 sdd 4541776 0 1160653896 10178954 2101311 7891240 1322257208 622224187 2 9723101 632386522
======================
   8      48 sdd 4546605 0 1161890120 10188590 2101311 7891240 1322257208 622224187 2 9728105 632396154
======================
   8      48 sdd 4551429 0 1163125064 10198234 2101311 7891240 1322257208 622224187 2 9733109 632405793
======================
   8      48 sdd 4556254 0 1164360264 10207867 2101311 7891240 1322257208 622224187 2 9738112 632415412
======================
   8      48 sdd 4561081 0 1165595976 10217493 2101311 7891240 1322257208 622224187 2 9743114 632425026
======================
   8      48 sdd 4565915 0 1166833480 10227113 2101311 7891240 1322257208 622224187 2 9748117 632434638
======================
   8      48 sdd 4570747 0 1168070472 10236743 2101311 7891240 1322257208 622224187 2 9753121 632444259
======================
   8      48 sdd 4575576 0 1169306696 10246395 2101311 7891240 1322257208 622224187 2 9758130 632453901
======================
   8      48 sdd 4580399 0 1170541384 10256023 2101311 7891240 1322257208 622224187 2 9763133 632463519
======================
   8      48 sdd 4585225 0 1171776840 10265654 2101311 7891240 1322257208 622224187 2 9768136 632473143
======================
   8      48 sdd 4590055 0 1173013320 10275292 2101311 7891240 1322257208 622224187 2 9773141 632482778
======================
   8      48 sdd 4594891 0 1174251336 10284929 2101311 7891240 1322257208 622224187 2 9778145 632492410
======================
   8      48 sdd 4599718 0 1175487048 10294546 2101311 7891240 1322257208 622224187 2 9783148 632502020
======================
   8      48 sdd 4604541 0 1176721736 10304163 2101311 7891240 1322257208 622224187 2 9788151 632511627
======================
   8      48 sdd 4609367 0 1177957192 10313789 2101311 7891240 1322257208 622224187 2 9793156 632521252
======================
   8      48 sdd 4614195 0 1179193160 10323420 2101311 7891240 1322257208 622224187 2 9798160 632530876
======================
   8      48 sdd 4619030 0 1180430920 10333038 2101311 7891240 1322257208 622224187 2 9803164 632540482
======================
   8      48 sdd 4623861 0 1181667656 10342658 2101311 7891240 1322257208 622224187 2 9808167 632550099
======================
   8      48 sdd 4628685 0 1182902600 10352290 2101311 7891240 1322257208 622224187 2 9813172 632559727
======================
   8      48 sdd 4633510 0 1184137800 10361929 2101311 7891240 1322257208 622224187 2 9818175 632569354
======================
   8      48 sdd 4638336 0 1185373256 10371551 2101311 7891240 1322257208 622224187 1 9823179 632578970
======================
   8      48 sdd 4643165 0 1186609480 10381181 2101311 7891240 1322257208 622224187 2 9828183 632588596
======================
   8      48 sdd 4648001 0 1187847496 10390813 2101311 7891240 1322257208 622224187 2 9833187 632598217
======================
   8      48 sdd 4652830 0 1189083720 10400461 2101311 7891240 1322257208 622224187 1 9838190 632607848
======================
   8      48 sdd 4657654 0 1190318664 10410093 2101311 7891240 1322257208 622224187 2 9843193 632617472
======================
   8      48 sdd 4662478 0 1191553608 10419732 2101311 7891240 1322257208 622224187 2 9848196 632627106
======================
   8      48 sdd 4667306 0 1192789576 10429360 2101311 7891240 1322257208 622224187 2 9853200 632636729
======================
   8      48 sdd 4672138 0 1194026568 10438975 2101311 7891240 1322257208 622224187 2 9858203 632646337
======================
   8      48 sdd 4676975 0 1195264840 10448610 2101311 7891240 1322257208 622224187 2 9863208 632655961
======================
   8      48 sdd 4681799 0 1196499784 10458243 2101311 7891240 1322257208 622224187 2 9868211 632665585
======================
   8      48 sdd 4686618 0 1197733448 10467869 2101311 7891240 1322257208 622224187 2 9873214 632675207
======================
   8      48 sdd 4691444 0 1198968904 10477511 2101311 7891240 1322257208 622224187 2 9878217 632684837
======================
   8      48 sdd 4696273 0 1200205128 10487124 2101311 7891240 1322257208 622224187 2 9883220 632694441
======================
   8      48 sdd 4701108 0 1201442888 10496755 2101311 7891240 1322257208 622224187 2 9888223 632704067
======================
   8      48 sdd 4705938 0 1202679368 10506393 2101311 7891240 1322257208 622224187 2 9893227 632713700
======================
   8      48 sdd 4710763 0 1203914568 10516026 2101311 7891240 1322257208 622224187 2 9898231 632723324
======================
   8      48 sdd 4715588 0 1205149768 10525661 2101311 7891240 1322257208 622224187 2 9903235 632732950
======================
   8      48 sdd 4720415 0 1206385480 10535290 2101311 7891240 1322257208 622224187 2 9908238 632742577
======================
   8      48 sdd 4725246 0 1207622216 10544912 2101311 7891240 1322257208 622224187 2 9913241 632752186
======================
   8      48 sdd 4730082 0 1208860232 10554545 2101311 7891240 1322257208 622224187 2 9918245 632761817
======================
   8      48 sdd 4734905 0 1210094920 10564160 2101311 7891240 1322257208 622224187 2 9923248 632771428
======================
   8      48 sdd 4739728 0 1211329608 10573795 2101311 7891240 1322257208 622224187 2 9928251 632781059
======================
   8      48 sdd 4744554 0 1212565064 10583416 2101311 7891240 1322257208 622224187 1 9933256 632790673
======================
   8      48 sdd 4749379 0 1213800264 10593063 2101311 7891240 1322257208 622224187 2 9938259 632800310
======================
   8      48 sdd 4754212 0 1215037512 10602708 2101311 7891240 1322257208 622224187 2 9943262 632809949
======================
   8      48 sdd 4759043 0 1216274248 10612337 2101311 7891240 1322257208 622224187 2 9948266 632819569
======================
   8      48 sdd 4763865 0 1217508680 10621962 2101311 7891240 1322257208 622224187 2 9953269 632829191
======================
   8      48 sdd 4768688 0 1218743368 10631606 2101311 7891240 1322257208 622224187 2 9958273 632838821
======================
   8      48 sdd 4773516 0 1219979336 10641238 2101311 7891240 1322257208 622224187 1 9963276 632848438
======================
   8      48 sdd 4778347 0 1221216072 10650864 2101311 7891240 1322257208 622224187 1 9968280 632858057
======================
   8      48 sdd 4783183 0 1222453840 10660490 2101311 7891240 1322257208 622224187 2 9973284 632867679
======================
   8      48 sdd 4788008 0 1223689040 10670136 2101311 7891240 1322257208 622224187 2 9978287 632877317
======================
   8      48 sdd 4792832 0 1224923984 10679764 2101311 7891240 1322257208 622224187 2 9983291 632886938
======================
   8      48 sdd 4797535 0 1226127952 10689409 2101311 7891240 1322257208 622224187 2 9988294 632896577
======================
   8      48 sdd 4802251 0 1227335248 10699028 2101311 7891240 1322257208 622224187 2 9993287 632906188
======================
   8      48 sdd 4806970 0 1228543312 10708595 2101311 7891240 1322257208 622224187 2 9998288 632915745
======================
   8      48 sdd 4811679 0 1229748816 10718166 2101311 7891240 1322257208 622224187 1 10003286 632925309
======================
   8      48 sdd 4816404 0 1230958416 10727762 2101311 7891240 1322257208 622224187 2 10008282 632934897
======================
   8      48 sdd 4821126 0 1232167248 10737356 2101311 7891240 1322257208 622224187 2 10013282 632944486
======================
   8      48 sdd 4825850 0 1233376592 10746989 2101311 7891240 1322257208 622224187 2 10018282 632954106
======================
   8      48 sdd 4830569 0 1234584656 10756589 2101311 7891240 1322257208 622224187 2 10023283 632963703
======================
   8      48 sdd 4835297 0 1235795024 10766177 2101311 7891240 1322257208 622224187 2 10028282 632973284
======================
   8      48 sdd 4840132 0 1237032784 10775793 2101311 7891240 1322257208 622224187 2 10033285 632982891
======================
   8      48 sdd 4844962 0 1238269264 10785434 2101311 7891240 1322257208 622224187 2 10038288 632992531
======================
   8      48 sdd 4849787 0 1239504464 10795070 2101311 7891240 1322257208 622224187 2 10043292 633002152
======================
   8      48 sdd 4854612 0 1240739664 10804693 2101311 7891240 1322257208 622224187 2 10048295 633011765
======================
   8      48 sdd 4859439 0 1241975376 10814322 2101311 7891240 1322257208 622224187 2 10053298 633021391
======================
   8      48 sdd 4864270 0 1243212112 10823966 2101311 7891240 1322257208 622224187 2 10058302 633031030
======================
   8      48 sdd 4869106 0 1244450128 10833589 2101311 7891240 1322257208 622224187 2 10063305 633040649
======================
   8      48 sdd 4873928 0 1245684560 10843227 2101311 7891240 1322257208 622224187 2 10068308 633050278
======================
   8      48 sdd 4878753 0 1246919760 10852862 2101311 7891240 1322257208 622224187 2 10073311 633059906
======================
   8      48 sdd 4883577 0 1248154704 10862487 2101311 7891240 1322257208 622224187 2 10078315 633069528
======================
   8      48 sdd 4888407 0 1249391184 10872128 2101311 7891240 1322257208 622224187 2 10083319 633079158
======================
   8      48 sdd 4893242 0 1250628944 10881756 2101311 7891240 1322257208 622224187 2 10088324 633088783
======================
   8      48 sdd 4898075 0 1251866192 10891395 2101311 7891240 1322257208 622224187 2 10093328 633098413
======================
   8      48 sdd 4902898 0 1253100880 10901027 2101311 7891240 1322257208 622224187 2 10098332 633108038
======================
   8      48 sdd 4907723 0 1254336080 10910652 2101311 7891240 1322257208 622224187 2 10103335 633117656
======================
   8      48 sdd 4912549 0 1255571536 10920267 2101311 7891240 1322257208 622224187 2 10108339 633127266
======================
   8      48 sdd 4917378 0 1256807760 10929889 2101311 7891240 1322257208 622224187 1 10113342 633136880
======================
   8      48 sdd 4923421 0 1258354768 10939034 2101311 7891240 1322257208 622224187 0 10118139 633146014
