======================
   8      48 sdd 7919531 1792 2013367730 17495613 3372225 13413855 2121995520 998540370 0 16212723 1016011512
======================
   8      48 sdd 7919555 1792 2013367922 17496760 3374317 13413855 2123313920 999099503 147 16217314 1016600358
======================
   8      48 sdd 7919560 1792 2013367962 17497848 3376427 13413880 2124636832 999752776 150 16222317 1017250932
======================
   8      48 sdd 7919566 1792 2013368010 17499293 3378515 13413893 2125950880 1000360245 134 16227321 1017859564
======================
   8      48 sdd 7919571 1792 2013368050 17500696 3380606 13413905 2127266208 1000959267 151 16232324 1018460306
======================
   8      48 sdd 7919576 1792 2013368090 17501701 3382699 13413918 2128583200 1001604146 134 16237340 1019106135
======================
   8      48 sdd 7919582 1792 2013368138 17502953 3384797 13413931 2129903648 1002218603 147 16242362 1019721655
======================
   8      48 sdd 7919587 1792 2013368178 17503996 3386890 13413943 2131220256 1002846714 144 16247365 1020350997
======================
   8      48 sdd 7919592 1792 2013368218 17505192 3388980 13413956 2132535328 1003463278 131 16252368 1020967885
======================
   8      48 sdd 7919598 1792 2013368266 17506586 3391069 13413969 2133850656 1004053071 119 16257371 1021558797
======================
   8      48 sdd 7919603 1792 2013368306 17507822 3393163 13413982 2135167912 1004695075 109 16262374 1022201600
======================
   8      48 sdd 7919608 1792 2013368346 17508828 3395252 13413995 2136481704 1005347434 103 16267377 1022854241
======================
   8      48 sdd 7919614 1792 2013368394 17510279 3397347 13414008 2137800232 1005958609 91 16272392 1023465346
======================
   8      48 sdd 7919619 1792 2013368434 17511521 3399442 13414021 2139117496 1006585347 81 16277395 1024091780
======================
   8      48 sdd 7919624 1792 2013368474 17512984 3401532 13414034 2140432568 1007181008 74 16282399 1024687899
======================
   8      48 sdd 7919631 1792 2013368530 17514629 3403621 13414047 2141747896 1007776073 154 16287402 1025279830
======================
   8      48 sdd 7919635 1792 2013368562 17515555 3405715 13414059 2143064504 1008396574 32 16292404 1025897231
======================
   8      48 sdd 7919640 1792 2013368602 17516784 3407805 13414072 2144379576 1009012375 25 16297407 1026512372
======================
   8      48 sdd 7919647 1792 2013368658 17518027 3409897 13414085 2145696184 1009620597 131 16302412 1027136601
======================
   8      48 sdd 7919651 1792 2013368690 17519091 3411991 13414097 2147013432 1010242647 6 16307417 1027738964
======================
   8      48 sdd 7919657 1792 2013368738 17520284 3414082 13414110 2148329144 1010880884 145 16312421 1028381531
======================
   8      48 sdd 7919663 1792 2013368786 17521452 3416170 13414123 2149643192 1011476072 143 16317425 1028996588
======================
   8      48 sdd 7919668 1792 2013368826 17522801 3418263 13414135 2150959800 1012089559 148 16322427 1029592000
======================
   8      48 sdd 7919673 1792 2013368866 17523817 3420353 13414148 2152275128 1012709819 154 16327429 1030220355
======================
   8      48 sdd 7919679 1792 2013368914 17524827 3422442 13414162 2153589568 1013331335 158 16332433 1030855828
======================
   8      48 sdd 7919684 1792 2013368954 17525993 3424535 13414175 2154905552 1013958519 155 16337437 1031478721
======================
   8      48 sdd 7919689 1792 2013368994 17527154 3426628 13414188 2156222800 1014576230 138 16342439 1032099462
======================
   8      48 sdd 7919695 1792 2013369042 17528274 3428718 13414201 2157537872 1015190626 134 16347443 1032718565
======================
   8      48 sdd 7919700 1792 2013369082 17529439 3430809 13414213 2158853200 1015813138 136 16352446 1033339327
======================
   8      48 sdd 7919705 1792 2013369122 17530596 3432901 13414226 2160169808 1016438397 153 16357449 1033966807
======================
   8      48 sdd 7919711 1792 2013369170 17531628 3434989 13414239 2161483856 1017059212 145 16362453 1034591680
======================
   8      48 sdd 7919716 1792 2013369210 17532710 3437082 13414251 2162800208 1017685192 158 16367456 1035217878
======================
   8      48 sdd 7919721 1792 2013369250 17534095 3439171 13414264 2164114896 1018284312 147 16372459 1035818519
======================
   8      48 sdd 7919727 1792 2013369298 17535378 3441261 13414277 2165430224 1018887223 156 16377462 1036422991
======================
   8      48 sdd 7919732 1792 2013369338 17536419 3443355 13414289 2166747216 1019510740 131 16382464 1037047092
======================
   8      48 sdd 7919737 1792 2013369378 17537525 3445443 13414302 2168061264 1020133279 157 16387467 1037670364
======================
   8      48 sdd 7919743 1792 2013369426 17538794 3447529 13414315 2169374032 1020740170 136 16392471 1038278812
======================
   8      48 sdd 7919748 1792 2013369466 17539917 3449622 13414328 2170690016 1021357035 137 16397473 1038897081
======================
   8      48 sdd 7919753 1792 2013369506 17541039 3451711 13414341 2172004448 1021978857 158 16402477 1039519360
======================
   8      48 sdd 7919759 1792 2013369554 17542031 3453801 13414354 2173319776 1022599397 148 16407481 1040141281
======================
   8      48 sdd 7919764 1792 2013369594 17543189 3455893 13414367 2174635752 1023244431 135 16412483 1040787745
======================
   8      48 sdd 7919769 1792 2013369634 17544506 3457982 13414380 2175950440 1023866945 158 16417487 1041411216
======================
   8      48 sdd 7919775 1792 2013369682 17545785 3460072 13414393 2177265512 1024471314 128 16422488 1042016415
======================
   8      48 sdd 7919780 1792 2013369722 17546950 3462163 13414405 2178580840 1025092753 143 16427492 1042639575
======================
   8      48 sdd 7919785 1792 2013369762 17548189 3464254 13414418 2179896808 1025711086 131 16432499 1043258642
======================
   8      48 sdd 7919791 1792 2013369810 17549419 3466344 13414431 2181212136 1026321886 134 16437502 1043871034
======================
   8      48 sdd 7919796 1792 2013369850 17550537 3468431 13414443 2182524648 1026946105 158 16442505 1044495908
======================
   8      48 sdd 7919801 1792 2013369890 17552035 3470505 13414456 2183829992 1027536479 128 16447509 1045087747
======================
   8      48 sdd 7919807 1792 2013369938 17553280 3472606 13414469 2185152104 1028149164 129 16452512 1045701898
======================
   8      48 sdd 7919812 1792 2013369978 17554391 3474709 13414482 2186474232 1028771531 147 16457515 1046325744
======================
   8      48 sdd 7919817 1792 2013370018 17555518 3476799 13414495 2187789560 1029389892 142 16462519 1046945246
======================
   8      48 sdd 7919823 1792 2013370066 17556608 3478889 13414508 2189104888 1030005647 131 16467522 1047561868
======================
   8      48 sdd 7919828 1792 2013370106 17557733 3480983 13414520 2190421880 1030617222 131 16472525 1048174283
======================
   8      48 sdd 7919833 1792 2013370146 17558840 3483071 13414533 2191735928 1031231794 126 16477528 1048789896
======================
   8      48 sdd 7919839 1792 2013370194 17560215 3485161 13414547 2193051264 1031855749 119 16482531 1049414677
======================
   8      48 sdd 7919844 1792 2013370234 17561404 3487251 13414560 2194366592 1032486636 112 16487535 1050046614
======================
   8      48 sdd 7919849 1792 2013370274 17562588 3489341 13414573 2195681664 1033106066 105 16492539 1050666433
======================
   8      48 sdd 7919855 1792 2013370322 17564091 3491431 13414586 2196996992 1033715426 98 16497541 1051276480
======================
   8      48 sdd 7919860 1792 2013370362 17565310 3493522 13414599 2198312960 1034329925 90 16502544 1051891247
======================
   8      48 sdd 7919865 1792 2013370402 17566875 3495612 13414612 2199628160 1034917113 83 16507551 1052479573
======================
   8      48 sdd 7919871 1792 2013370450 17568251 3497704 13414626 2200944016 1035513516 75 16512553 1053075408
======================
   8      48 sdd 7919876 1792 2013370490 17569674 3499791 13414639 2202257424 1036105833 71 16517556 1053668431
======================
   8      48 sdd 7919881 1792 2013370530 17570789 3501877 13414652 2203570192 1036727104 68 16522559 1054290839
======================
   8      48 sdd 7919887 1792 2013370578 17572168 3503966 13414665 2204884880 1037322252 62 16527562 1054886173
======================
   8      48 sdd 7919893 1792 2013370626 17573403 3506059 13414678 2206201872 1037943878 140 16532567 1055514879
======================
   8      48 sdd 7919897 1792 2013370658 17574221 3508143 13414691 2207513360 1038573254 25 16537571 1056130278
======================
   8      48 sdd 7919903 1792 2013370706 17575669 3510211 13414704 2208814864 1039159715 40 16542574 1056722418
======================
   8      48 sdd 7919908 1792 2013370746 17576831 3512295 13414717 2210126352 1039771960 39 16547578 1057335365
======================
   8      48 sdd 7919914 1792 2013370794 17578500 3514389 13414731 2211443616 1040370002 25 16552579 1057924062
======================
   8      48 sdd 7919920 1792 2013370842 17579572 3516490 13414745 2212765104 1040979142 147 16557584 1058557145
======================
   8      48 sdd 7919925 1792 2013370882 17580890 3518586 13414758 2214084656 1041595918 158 16562586 1059169282
======================
   8      48 sdd 7919930 1792 2013370922 17582057 3520674 13414771 2215398064 1042219277 132 16567590 1059801077
======================
   8      48 sdd 7919936 1792 2013370970 17583267 3522768 13414784 2216714560 1042831764 154 16572593 1060413968
======================
   8      48 sdd 7919941 1792 2013371010 17584426 3524858 13414797 2218030616 1043453536 141 16577596 1061038205
======================
   8      48 sdd 7919946 1792 2013371050 17585901 3526947 13414810 2219344448 1044048406 131 16582601 1061630933
======================
   8      48 sdd 7919952 1792 2013371098 17587138 3529039 13414822 2220661656 1044660536 150 16587605 1062241335
======================
   8      48 sdd 7919957 1792 2013371138 17588295 3531132 13414835 2221977664 1045276778 130 16592608 1062864784
======================
   8      48 sdd 7919962 1792 2013371178 17589495 3533221 13414844 2223292696 1045893269 135 16597615 1063482510
======================
   8      48 sdd 7919968 1792 2013371226 17590582 3535312 13414860 2224608664 1046516760 139 16602619 1064107224
======================
   8      48 sdd 7919973 1792 2013371266 17591713 3537403 13414869 2225923992 1047138961 145 16607622 1064730340
======================
   8      48 sdd 7919978 1792 2013371306 17592837 3539491 13414886 2227238040 1047757359 141 16612625 1065350088
======================
   8      48 sdd 7919982 1792 2013371338 17593632 3541581 13414895 2228553112 1048394484 152 16617629 1065987491
======================
   8      48 sdd 7919987 1792 2013371378 17594724 3543675 13414911 2229870360 1049007765 132 16622630 1066601463
======================
   8      48 sdd 7919992 1792 2013371418 17596112 3545765 13414920 2231185688 1049624674 141 16627634 1067220572
======================
   8      48 sdd 7919998 1792 2013371466 17597559 3547857 13414938 2232502056 1050233084 157 16632637 1067829565
======================
   8      48 sdd 7920003 1792 2013371506 17598732 3549950 13414947 2233818032 1050874659 151 16637641 1068451589
======================
   8      48 sdd 7920008 1792 2013371546 17599909 3552034 13414960 2235130712 1051494669 13 16642644 1069073515
======================
   8      48 sdd 7920014 1792 2013371594 17601230 3554125 13414973 2236446680 1052102792 31 16647648 1069688222
======================
   8      48 sdd 7920019 1792 2013371634 17602545 3556218 13414985 2237763032 1052707696 48 16652651 1070298454
======================
   8      48 sdd 7920024 1792 2013371674 17603951 3558307 13414998 2239077720 1053307017 68 16657653 1070903154
======================
   8      48 sdd 7920030 1792 2013371722 17605169 3560398 13415011 2240393560 1053919425 112 16662657 1071522440
======================
   8      48 sdd 7920035 1792 2013371762 17606298 3562491 13415023 2241710040 1054534890 116 16667661 1072139287
======================
   8      48 sdd 7920040 1792 2013371802 17607497 3564578 13415036 2243023448 1055149545 125 16672664 1072755730
======================
   8      48 sdd 7920046 1792 2013371850 17608698 3566664 13415040 2244336216 1055753835 138 16677667 1073361884
======================
   8      48 sdd 7920051 1792 2013371890 17609829 3568758 13415052 2245653464 1056370534 138 16682671 1073979434
======================
   8      48 sdd 7920056 1792 2013371930 17610732 3570845 13415065 2246966872 1057006682 129 16687674 1074616206
started
======================
   8      48 sdd 7920120 1792 2013372436 17611588 3572241 13415089 2247837200 1057422748 0 16690991 1075008981
======================
   8      48 sdd 7923782 1799 2014272580 17620189 3572241 13415089 2247837200 1057422748 2 16695382 1075017584
======================
   8      48 sdd 7928769 1810 2015506500 17629911 3572244 13415091 2247837240 1057422748 2 16700385 1075027305
======================
   8      48 sdd 7933766 1816 2016740420 17639645 3572244 13415091 2247837240 1057422748 2 16705387 1075037030
======================
   8      48 sdd 7938772 1817 2017974852 17649417 3572244 13415091 2247837240 1057422748 2 16710391 1075046807
======================
   8      48 sdd 7943779 1825 2019209028 17659200 3572244 13415091 2247837240 1057422748 2 16715393 1075056604
======================
   8      48 sdd 7948825 1835 2020443460 17669012 3572244 13415091 2247837240 1057422748 2 16720390 1075066418
======================
   8      48 sdd 7953803 1840 2021678148 17678744 3572244 13415091 2247837240 1057422748 2 16725393 1075076153
======================
   8      48 sdd 7958846 1852 2022914628 17688544 3572244 13415091 2247837240 1057422748 1 16730407 1075085947
======================
   8      48 sdd 7963932 1865 2024148180 17698404 3572246 13415091 2247837256 1057422748 1 16735410 1075095811
======================
   8      48 sdd 7969184 1881 2025386252 17708495 3572246 13415091 2247837256 1057422748 2 16740411 1075105924
======================
   8      48 sdd 7974364 1894 2026625036 17718450 3572246 13415091 2247837256 1057422748 2 16745414 1075115900
======================
   8      48 sdd 7979503 1906 2027861388 17728396 3572246 13415091 2247837256 1057422748 2 16750418 1075125843
======================
   8      48 sdd 7984694 1921 2029099148 17738356 3572246 13415091 2247837256 1057422748 1 16755422 1075135827
======================
   8      48 sdd 7989871 1938 2030336908 17748343 3572246 13415091 2247837256 1057422748 2 16760425 1075145837
======================
   8      48 sdd 7995030 1961 2031571972 17758253 3572246 13415091 2247837256 1057422748 2 16765429 1075155747
======================
   8      48 sdd 7999985 1969 2032797956 17767960 3572246 13415091 2247837256 1057422748 1 16770432 1075165475
======================
   8      48 sdd 8005098 1981 2034028948 17777876 3572246 13415091 2247837256 1057422748 2 16775435 1075175388
======================
   8      48 sdd 8010220 2000 2035263932 17787804 3572246 13415091 2247837256 1057422748 2 16780437 1075185314
======================
   8      48 sdd 8015092 2002 2036498108 17797352 3572246 13415091 2247837256 1057422748 2 16785440 1075194856
======================
   8      48 sdd 8019972 2006 2037732028 17806930 3572246 13415091 2247837256 1057422748 2 16790443 1075204445
======================
   8      48 sdd 8024854 2009 2038964668 17816504 3572246 13415091 2247837256 1057422748 2 16795446 1075214023
======================
   8      48 sdd 8029722 2010 2040198588 17826084 3572246 13415091 2247837256 1057422748 2 16800456 1075223601
======================
   8      48 sdd 8034601 2012 2041434044 17835652 3572246 13415091 2247837256 1057422748 2 16805460 1075233164
======================
   8      48 sdd 8039478 2014 2042668476 17845236 3572246 13415091 2247837256 1057422748 2 16810463 1075242747
======================
   8      48 sdd 8044354 2018 2043902652 17854795 3572246 13415091 2247837256 1057422748 2 16815467 1075252315
======================
   8      48 sdd 8049193 2020 2045136060 17864299 3572246 13415091 2247837256 1057422748 2 16820468 1075261818
======================
   8      48 sdd 8054054 2024 2046367932 17873854 3572246 13415091 2247837256 1057422748 2 16825471 1075271369
======================
   8      48 sdd 8059061 2029 2047607964 17883558 3572246 13415091 2247837256 1057422748 2 16830472 1075281081
======================
   8      48 sdd 8064185 2050 2048852988 17893465 3572246 13415091 2247837256 1057422748 2 16835485 1075291000
======================
   8      48 sdd 8069050 2053 2050089468 17903020 3572246 13415091 2247837256 1057422748 2 16840488 1075300552
======================
   8      48 sdd 8073912 2058 2051324412 17912536 3572246 13415091 2247837256 1057422748 2 16845491 1075310060
======================
   8      48 sdd 8078779 2062 2052558076 17922083 3572246 13415091 2247837256 1057422748 2 16850494 1075319602
======================
   8      48 sdd 8083670 2068 2053793788 17931704 3572246 13415091 2247837256 1057422748 2 16855497 1075329210
======================
   8      48 sdd 8088529 2071 2055027196 17941255 3572246 13415091 2247837256 1057422748 2 16860500 1075338752
======================
   8      48 sdd 8093401 2073 2056261116 17950829 3572246 13415091 2247837256 1057422748 2 16865503 1075348342
======================
   8      48 sdd 8098350 2080 2057497068 17960539 3572246 13415091 2247837256 1057422748 2 16870513 1075358050
======================
   8      48 sdd 8103565 2096 2058736364 17970578 3572246 13415091 2247837256 1057422748 2 16875518 1075368107
======================
   8      48 sdd 8108848 2113 2059993260 17980579 3572246 13415091 2247837256 1057422748 2 16880521 1075378141
======================
   8      48 sdd 8114218 2137 2061251500 17990717 3572246 13415091 2247837256 1057422748 2 16885523 1075388285
======================
   8      48 sdd 8119579 2157 2062509484 18000823 3572246 13415091 2247837256 1057422748 2 16890527 1075398414
======================
   8      48 sdd 8124869 2167 2063766956 18010850 3572246 13415091 2247837256 1057422748 2 16895530 1075408454
======================
   8      48 sdd 8130200 2187 2065025452 18020901 3572246 13415091 2247837256 1057422748 2 16900533 1075418561
======================
   8      48 sdd 8135510 2203 2066284460 18030948 3572246 13415091 2247837256 1057422748 2 16905538 1075428629
======================
   8      48 sdd 8140763 2218 2067537468 18040905 3572246 13415091 2247837256 1057422748 1 16910538 1075438605
======================
   8      48 sdd 8145629 2222 2068771260 18050452 3572246 13415091 2247837256 1057422748 2 16915541 1075448146
======================
   8      48 sdd 8150513 2226 2070005692 18060036 3572246 13415091 2247837256 1057422748 1 16920544 1075457726
======================
   8      48 sdd 8155375 2230 2071239612 18069582 3572246 13415091 2247837256 1057422748 2 16925548 1075467282
======================
   8      48 sdd 8160247 2234 2072471996 18079133 3572246 13415091 2247837256 1057422748 2 16930551 1075476824
======================
   8      48 sdd 8165140 2245 2073704124 18088724 3572246 13415091 2247837256 1057422748 2 16935554 1075486407
======================
   8      48 sdd 8170324 2257 2074954164 18098653 3572246 13415091 2247837256 1057422748 2 16940570 1075496325
======================
   8      48 sdd 8175542 2262 2076207028 18108576 3572246 13415091 2247837256 1057422748 2 16945574 1075506281
======================
   8      48 sdd 8180784 2274 2077459764 18118521 3572246 13415091 2247837256 1057422748 2 16950577 1075516239
======================
   8      48 sdd 8186055 2289 2078712628 18128559 3572246 13415091 2247837256 1057422748 2 16955580 1075526281
======================
   8      48 sdd 8191340 2309 2079965748 18138544 3572246 13415091 2247837256 1057422748 2 16960583 1075536330
======================
   8      48 sdd 8196541 2322 2081205764 18148506 3572246 13415091 2247837256 1057422748 2 16965584 1075546313
======================
   8      48 sdd 8201479 2325 2082431492 18158203 3572246 13415091 2247837256 1057422748 2 16970587 1075556015
======================
   8      48 sdd 8206435 2329 2083659780 18167956 3572246 13415091 2247837256 1057422748 2 16975601 1075565764
======================
   8      48 sdd 8211407 2334 2084889604 18177676 3572246 13415091 2247837256 1057422748 2 16980604 1075575486
======================
   8      48 sdd 8216418 2345 2086117380 18187463 3572246 13415091 2247837256 1057422748 2 16985609 1075585291
======================
   8      48 sdd 8221448 2355 2087345028 18197290 3572246 13415091 2247837256 1057422748 2 16990613 1075595115
======================
   8      48 sdd 8226570 2372 2088577100 18207227 3572246 13415091 2247837256 1057422748 2 16995614 1075605066
======================
   8      48 sdd 8231723 2386 2089811532 18217187 3572246 13415091 2247837256 1057422748 2 17000618 1075615039
======================
   8      48 sdd 8236871 2403 2091045708 18227134 3572246 13415091 2247837256 1057422748 2 17005621 1075624990
======================
   8      48 sdd 8242077 2423 2092283468 18237133 3572246 13415091 2247837256 1057422748 2 17010636 1075634989
======================
   8      48 sdd 8247210 2437 2093518924 18247056 3572246 13415091 2247837256 1057422748 4 17015639 1075644925
======================
   8      48 sdd 8252393 2458 2094751436 18257067 3572246 13415091 2247837256 1057422748 2 17020641 1075654940
======================
   8      48 sdd 8257535 2471 2095982796 18267018 3572246 13415091 2247837256 1057422748 2 17025644 1075664949
======================
   8      48 sdd 8262624 2486 2097214156 18276901 3572246 13415091 2247837256 1057422748 2 17030647 1075674844
======================
   8      48 sdd 8267739 2504 2098446028 18286841 3572246 13415091 2247837256 1057422748 2 17035650 1075684807
======================
   8      48 sdd 8272765 2513 2099677380 18296626 3572246 13415091 2247837256 1057422748 2 17040651 1075694599
======================
   8      48 sdd 8277752 2520 2100908740 18306368 3572246 13415091 2247837256 1057422748 2 17045656 1075704352
======================
   8      48 sdd 8282716 2528 2102142148 18316057 3572246 13415091 2247837256 1057422748 2 17050659 1075714035
======================
   8      48 sdd 8287733 2535 2103374796 18325826 3572246 13415091 2247837256 1057422748 2 17055663 1075723810
======================
   8      48 sdd 8292762 2543 2104603996 18335628 3572246 13415091 2247837256 1057422748 2 17060667 1075733610
======================
   8      48 sdd 8297944 2559 2105836636 18345633 3572246 13415091 2247837256 1057422748 2 17065670 1075743644
======================
   8      48 sdd 8303160 2583 2107070556 18355652 3572246 13415091 2247837256 1057422748 2 17070673 1075753694
======================
   8      48 sdd 8308259 2590 2108303940 18365537 3572246 13415091 2247837256 1057422748 2 17075676 1075763587
======================
   8      48 sdd 8313137 2592 2109544772 18375093 3572246 13415091 2247837256 1057422748 2 17080692 1075773134
======================
   8      48 sdd 8318005 2595 2110781252 18384632 3572246 13415091 2247837256 1057422748 2 17085696 1075782668
======================
   8      48 sdd 8322868 2597 2112016964 18394148 3572246 13415091 2247837256 1057422748 2 17090698 1075792177
======================
   8      48 sdd 8327756 2598 2113252676 18403720 3572246 13415091 2247837256 1057422748 2 17095702 1075801762
======================
   8      48 sdd 8332654 2599 2114489156 18413298 3572246 13415091 2247837256 1057422748 2 17100705 1075811329
======================
   8      48 sdd 8337820 2605 2115730676 18423208 3572246 13415091 2247837256 1057422748 2 17105708 1075821260
======================
   8      48 sdd 8343126 2619 2116972468 18433351 3572246 13415091 2247837256 1057422748 3 17110711 1075831442
======================
   8      48 sdd 8348431 2633 2118230452 18443398 3572246 13415091 2247837256 1057422748 2 17115715 1075841524
======================
   8      48 sdd 8353773 2653 2119488692 18453466 3572246 13415091 2247837256 1057422748 2 17120719 1075851632
======================
   8      48 sdd 8359116 2672 2120745140 18463525 3572246 13415091 2247837256 1057422748 2 17125722 1075861692
======================
   8      48 sdd 8364395 2680 2122001948 18473500 3572246 13415091 2247837256 1057422748 3 17130725 1075871680
======================
   8      48 sdd 8369746 2694 2123258548 18483608 3572246 13415091 2247837256 1057422748 2 17135728 1075881810
======================
   8      48 sdd 8374961 2714 2124482604 18493704 3572246 13415091 2247837256 1057422748 2 17140729 1075891940
======================
   8      48 sdd 8380153 2731 2125697260 18503722 3572246 13415091 2247837256 1057422748 1 17145722 1075901958
======================
   8      48 sdd 8385355 2752 2126918188 18513779 3572246 13415091 2247837256 1057422748 2 17150724 1075912066
======================
   8      48 sdd 8390433 2771 2128138308 18523670 3572246 13415091 2247837256 1057422748 2 17155721 1075921962
======================
   8      48 sdd 8395482 2789 2129348604 18533508 3572246 13415091 2247837256 1057422748 2 17160709 1075931842
======================
   8      48 sdd 8400658 2807 2130560444 18543513 3572246 13415091 2247837256 1057422748 4 17165698 1075941865
======================
   8      48 sdd 8405810 2829 2131778180 18553513 3572246 13415091 2247837256 1057422748 2 17170697 1075951902
======================
   8      48 sdd 8410868 2843 2132992116 18563329 3572246 13415091 2247837256 1057422748 2 17175694 1075961761
======================
   8      48 sdd 8415885 2856 2134206292 18573087 3572246 13415091 2247837256 1057422748 2 17180691 1075971521
======================
   8      48 sdd 8421027 2875 2135422036 18583059 3572246 13415091 2247837256 1057422748 2 17185698 1075981496
======================
   8      48 sdd 8426168 2888 2136654804 18592977 3572246 13415091 2247837256 1057422748 2 17190700 1075991481
======================
   8      48 sdd 8431307 2900 2137890260 18602912 3572246 13415091 2247837256 1057422748 1 17195703 1076001433
======================
   8      48 sdd 8436832 2915 2139201860 18611910 3572246 13415091 2247837256 1057422748 0 17200249 1076010484
