1025.880
332.445
324.838
325.735
355.337
357.738
337.942
351.147
322.539
363.948
337.240
346.742
385.130
320.244
353.235
341.636
339.236
326.337
388.531
364.655
334.763
362.858
329.463
347.118
340.360
381.854
388.849
353.041
308.350
376.538
346.541
347.149
365.735
360.934
341.253
352.843
369.451
314.042
361.644
368.449
303.750
396.137
363.955
306.144
349.662
358.596
392.927
349.039
213.166
495.647
341.564
351.358
369.846
309.838
408.332
228.956
414.916
379.231
357.490
292.146
400.831
239.653
328.438
418.719
408.922
367.142
327.140
283.247
287.844
447.521
330.435
391.932
302.748
299.338
390.627
423.725
270.047
440.250
322.446
335.940
447.824
222.662
346.534
416.816
205.359
510.610
181.063
387.143
377.130
448.523
380.631
145.335
465.112
281.344
375.822
387.321
363.830
260.850
355.728
505.416
255.155
411.832
236.954
435.821
423.728
352.138
423.425
226.558
305.436
458.305
439.333
316.938
251.255
368.527
433.921
312.738
254.854
507.211
230.166
115.876
582.908
409.555
177.679
557.041
265.659
345.133
423.825
272.347
230.553
303.146
531.907
364.133
380.140
338.138
388.530
274.252
337.044
427.129
88.838
