======================
   8      16 sdb 102301 0 818366 1141096 24127212 9103827 265848312 51751976 1 1040059 52905396
======================
   8      16 sdb 102390 0 819078 1141500 24140398 9103827 265953800 51777058 0 1040569 52930852
======================
   8      16 sdb 102404 0 819190 1141758 24196785 9111174 266463672 51879633 24 1041744 53033673
======================
   8      16 sdb 102414 0 819270 1142477 24274145 9122909 267176432 52002907 131 1043520 53157987
======================
   8      16 sdb 102426 0 819366 1143197 24344389 9135106 267835960 52127792 0 1045382 53283373
======================
   8      16 sdb 102435 0 819438 1143832 24420365 9160641 268648048 52334678 0 1047520 53490985
======================
   8      16 sdb 102445 0 819518 1145189 24494569 9178257 269382608 52575704 0 1050161 53733573
======================
   8      16 sdb 102454 0 819590 1145852 24553348 9203727 270056600 52707606 0 1051739 53866122
======================
   8      16 sdb 102464 0 819670 1146826 24618586 9211807 270643144 52816052 81 1053440 53975615
======================
   8      16 sdb 102473 0 819742 1147914 24666573 9234599 271209376 52909140 98 1055299 54069869
======================
   8      16 sdb 102483 0 819822 1148807 24743551 9256354 271999240 53045877 0 1057347 54207886
======================
   8      16 sdb 102493 0 819902 1149459 24812832 9278330 272729296 53169000 0 1059113 54331975
======================
   8      16 sdb 102503 0 819982 1150284 24880082 9300635 273445736 53256335 132 1061013 54420294
======================
   8      16 sdb 102513 0 820062 1150983 24944621 9322829 274139600 53363203 0 1062827 54527650
======================
   8      16 sdb 102523 0 820142 1152276 25023411 9352791 275009616 53519364 0 1065430 54685079
======================
   8      16 sdb 102533 0 820222 1152738 25067011 9374367 275531024 53667309 0 1066851 54833454
======================
   8      16 sdb 102537 0 820254 1153370 25137365 9400363 276301888 53847940 0 1069537 55014684
started
======================
   8      16 sdb 110465 0 883672 1199939 25137371 9400363 276301936 53847941 3 1072915 55061464
======================
   8      16 sdb 128331 0 1026600 1267857 25137379 9400822 276305672 53847957 1 1077900 55129182
======================
   8      16 sdb 141474 0 1131744 1318136 25137391 9401658 276312456 53848013 1 1082813 55179514
======================
   8      16 sdb 150236 0 1201840 1350760 25137406 9402694 276320864 53848101 1 1087718 55212224
======================
   8      16 sdb 155458 0 1243616 1370089 25137422 9403810 276329920 53848199 1 1092628 55231648
======================
   8      16 sdb 158296 0 1266320 1387396 25140982 9405368 276370864 53862253 1 1097562 55263004
======================
   8      16 sdb 161269 0 1290104 1398971 25140995 9406303 276378448 53862323 1 1102435 55274650
======================
   8      16 sdb 162520 0 1300112 1405851 25141009 9407298 276386520 53862403 1 1107372 55281607
======================
   8      16 sdb 164486 0 1315840 1413341 25141023 9408280 276394488 53862483 31 1112226 55289206
======================
   8      16 sdb 165614 0 1324872 1418898 25144795 9409923 276437808 53875407 1 1117146 55307655
======================
   8      16 sdb 166474 0 1331744 1424325 25144804 9410525 276442696 53875439 1 1122068 55313112
======================
   8      16 sdb 167916 0 1343280 1429425 25144821 9411789 276452944 53875561 1 1126966 55318335
======================
   8      16 sdb 169305 0 1354392 1434889 25147159 9413246 276483304 53882883 1 1131864 55331112
======================
   8      16 sdb 170734 0 1365824 1440062 25147177 9414554 276493912 53883011 1 1136750 55336410
======================
   8      16 sdb 171530 0 1372192 1444998 25147191 9415549 276501984 53883091 1 1141686 55341426
======================
   8      16 sdb 172565 0 1380472 1449917 25150447 9416843 276538384 53893604 1 1146608 55356854
======================
   8      16 sdb 173921 0 1391320 1454810 25150465 9418160 276549064 53893743 1 1151499 55361882
======================
   8      16 sdb 174741 0 1397880 1459732 25150479 9419168 276557240 53893827 1 1156420 55366887
======================
   8      16 sdb 175835 0 1406632 1464633 25153581 9420267 276590848 53903619 1 1161320 55381573
======================
   8      16 sdb 176616 0 1412880 1469558 25153594 9421215 276598536 53903695 1 1166245 55386574
======================
   8      16 sdb 177986 0 1423840 1474428 25153612 9422537 276609256 53903834 1 1171114 55391582
======================
   8      16 sdb 179117 0 1432888 1479331 25156502 9423878 276643104 53913013 1 1176022 55405661
======================
   8      16 sdb 180320 0 1442512 1483599 25156502 9423878 276643104 53913013 1 1180903 55410542
======================
   8      16 sdb 181287 0 1450248 1489131 25156519 9425112 276653112 53913135 1 1185815 55415576
======================
   8      16 sdb 182359 0 1458824 1494018 25159686 9426481 276689400 53923336 1 1190710 55430663
======================
   8      16 sdb 183103 0 1464776 1498957 25159700 9427443 276697208 53923411 1 1195646 55435674
======================
   8      16 sdb 184501 0 1475960 1503817 25159716 9428507 276705848 53923496 1 1200507 55440616
======================
   8      16 sdb 185587 0 1484648 1508708 25162864 9430051 276743384 53933574 1 1205414 55455582
======================
   8      16 sdb 186321 0 1490520 1513652 25162874 9430737 276748952 53933612 1 1210352 55460558
======================
   8      16 sdb 187723 0 1501736 1518526 25162890 9431827 276757800 53933713 1 1215231 55465533
======================
   8      16 sdb 188877 0 1510968 1523422 25165787 9433375 276793360 53943169 1 1220126 55479875
======================
   8      16 sdb 189642 0 1517088 1528354 25165799 9434114 276799368 53943218 1 1225058 55484855
======================
   8      16 sdb 191103 0 1528776 1533321 25165816 9435282 276808848 53943332 1 1229944 55489940
======================
   8      16 sdb 192215 0 1537672 1538225 25168824 9436875 276845656 53952799 1 1234850 55504303
======================
   8      16 sdb 193006 0 1544000 1543161 25168834 9437503 276850760 53952833 1 1239786 55509273
======================
   8      16 sdb 194447 0 1555528 1548030 25168851 9438749 276860864 53952952 1 1244653 55514259
======================
   8      16 sdb 195557 0 1564408 1552935 25171842 9440341 276897528 53962960 1 1249568 55529166
======================
   8      16 sdb 196354 0 1570784 1557863 25171850 9440861 276901752 53962982 1 1254495 55534115
======================
   8      16 sdb 197773 0 1582136 1562750 25171869 9442179 276912448 53963119 1 1259389 55539141
======================
   8      16 sdb 199174 0 1593344 1567634 25173605 9443617 276937840 53968740 1 1264275 55549643
======================
   8      16 sdb 200560 0 1604432 1572486 25173625 9444993 276949008 53968890 1 1269131 55554642
======================
   8      16 sdb 201941 0 1615480 1577372 25173644 9446325 276959816 53969028 1 1274022 55559666
======================
   8      16 sdb 202618 0 1620896 1582278 25177274 9447936 277001744 54069712 1 1278963 55665251
======================
   8      16 sdb 204017 0 1632088 1587301 25177287 9448776 277008568 54069771 1 1283814 55670332
======================
   8      16 sdb 204700 0 1637552 1592233 25177299 9449608 277015320 54069831 1 1288743 55675321
======================
   8      16 sdb 205919 0 1647304 1597129 25179963 9450900 277046968 54078166 1 1293642 55688553
======================
   8      16 sdb 207305 0 1658392 1602008 25179981 9452233 277057776 54078298 1 1298514 55693557
======================
   8      16 sdb 208646 0 1669120 1606899 25179999 9453556 277068504 54078434 1 1303407 55698585
======================
   8      16 sdb 209473 0 1675736 1611362 25183376 9454947 277106648 54184599 1 1308324 55809662
======================
   8      16 sdb 210498 0 1683936 1616336 25183390 9455943 277114728 54184679 1 1313228 55814646
======================
   8      16 sdb 211427 0 1691368 1621634 25183390 9455943 277114728 54184679 1 1318142 55819560
======================
   8      16 sdb 212623 0 1700936 1626510 25186288 9457143 277147512 54194540 1 1323021 55834292
======================
   8      16 sdb 213779 0 1710184 1630678 25186305 9458306 277156952 54194653 1 1327907 55839281
======================
   8      16 sdb 214703 0 1717576 1636316 25186320 9459318 277165168 54194733 1 1332836 55844289
======================
   8      16 sdb 215806 0 1726400 1641213 25189492 9460829 277202632 54204786 1 1337736 55859231
======================
   8      16 sdb 217184 0 1737424 1646078 25189508 9461903 277211352 54204874 1 1342603 55864182
======================
   8      16 sdb 217930 0 1743392 1651012 25189523 9462940 277219768 54204962 1 1347536 55869203
======================
   8      16 sdb 219041 0 1752280 1655897 25192526 9464293 277254616 54214669 0 1352426 55883795
======================
   8      16 sdb 220395 0 1763112 1660764 25192542 9465371 277263368 54214761 1 1357299 55888755
======================
   8      16 sdb 221185 0 1769432 1665681 25192555 9466258 277270568 54214825 1 1362218 55893738
======================
   8      16 sdb 222324 0 1778544 1670565 25195559 9467826 277307144 54224268 1 1367102 55908054
======================
   8      16 sdb 223691 0 1789480 1675416 25195575 9468932 277316120 54224362 1 1371959 55913001
======================
   8      16 sdb 225032 0 1800208 1680277 25195595 9470279 277327056 54224513 1 1376823 55918011
======================
   8      16 sdb 226110 0 1808832 1684132 25199040 9471845 277367144 54330205 1 1381725 56028591
======================
   8      16 sdb 227075 0 1816552 1690097 25199051 9472507 277372528 54330245 1 1386651 56033555
======================
   8      16 sdb 227769 0 1822104 1695036 25199066 9473491 277380520 54330321 1 1391587 56038567
======================
   8      16 sdb 229049 0 1832344 1699622 25201749 9474899 277413248 54339592 1 1396469 56052708
======================
   8      16 sdb 229900 0 1839152 1704595 25201765 9476071 277422752 54339699 1 1401399 56057745
======================
   8      16 sdb 231165 0 1849272 1709730 25201778 9476889 277429400 54339755 1 1406288 56062686
======================
   8      16 sdb 232495 0 1859912 1714387 25204841 9478477 277466608 54349651 1 1411185 56077466
======================
   8      16 sdb 233632 0 1869008 1719496 25204857 9479528 277475144 54349737 1 1416063 56082426
======================
   8      16 sdb 234412 0 1875248 1724417 25204871 9480537 277483328 54349816 1 1420986 56087428
======================
   8      16 sdb 235764 0 1886064 1729264 25207871 9481924 277518424 54359204 1 1425864 56101684
======================
   8      16 sdb 236461 0 1891640 1734230 25207885 9482840 277525864 54359273 1 1430808 56106696
======================
   8      16 sdb 237707 0 1901608 1739137 25207902 9483967 277535016 54359385 1 1435712 56111707
======================
   8      16 sdb 239054 0 1912384 1744010 25209814 9485368 277561520 54365381 1 1440591 56122578
======================
   8      16 sdb 240427 0 1923368 1748869 25209833 9486706 277572376 54365524 1 1445453 56127577
======================
   8      16 sdb 241328 0 1930576 1753767 25209847 9487593 277579584 54365598 1 1450381 56132579
======================
   8      16 sdb 242560 0 1940432 1758618 25213027 9487828 277606904 54375713 1 1455270 56147578
======================
   8      16 sdb 243404 0 1947184 1762824 25213045 9489016 277616552 54375839 1 1460199 56152632
======================
   8      16 sdb 244392 0 1955088 1768536 25213058 9489843 277623272 54375894 1 1465113 56157600
======================
   8      16 sdb 245784 0 1966224 1773402 25213075 9491015 277632784 54375998 1 1469989 56162575
======================
   8      16 sdb 247163 0 1977256 1778266 25216069 9492688 277670040 54385269 130 1474853 56176853
======================
   8      16 sdb 248034 0 1984224 1783188 25217035 9493867 277687280 54388587 1 1479772 56184941
======================
   8      16 sdb 248752 0 1989968 1788052 25217049 9494773 277694640 54388727 1 1484710 56189946
======================
   8      16 sdb 250154 0 2001184 1792927 25217068 9496087 277705304 54388857 1 1489591 56194951
======================
   8      16 sdb 251526 0 2012160 1797813 25217088 9497441 277716296 54389005 1 1494481 56199983
======================
   8      16 sdb 252350 0 2018752 1802814 25221220 9498670 277759184 54404090 1 1499421 56220066
======================
   8      16 sdb 253735 0 2029832 1807697 25221239 9499962 277769672 54404219 1 1504309 56225077
======================
   8      16 sdb 254478 0 2035776 1812558 25221254 9500917 277777432 54404373 1 1509241 56230094
======================
   8      16 sdb 255858 0 2046816 1817441 25221273 9502238 277788152 54404509 1 1514128 56235110
======================
   8      16 sdb 256731 0 2053800 1822355 25225172 9503489 277829352 54416810 1 1519048 56252324
======================
   8      16 sdb 258109 0 2064824 1827241 25225191 9504813 277840096 54416956 1 1523928 56257350
======================
   8      16 sdb 258987 0 2071848 1831057 25225209 9506059 277850208 54417081 1 1528848 56262395
======================
   8      16 sdb 260263 0 2082056 1837037 25225223 9506982 277857704 54417143 1 1533727 56267332
======================
   8      16 sdb 261131 0 2089000 1841969 25229084 9508254 277898768 54429113 1 1538661 56284228
======================
   8      16 sdb 262498 0 2099936 1846829 25229103 9509540 277909208 54429242 1 1543527 56289218
======================
   8      16 sdb 263830 0 2110592 1851721 25229122 9510858 277919904 54429376 1 1548421 56294240
======================
   8      16 sdb 264315 0 2114472 1856682 25232316 9511539 277950904 54686695 0 1553380 56556511
======================
   8      16 sdb 265211 0 2121640 1861402 25232332 9512661 277960008 54686799 1 1558316 56561551
======================
   8      16 sdb 266473 0 2131736 1866500 25232347 9513685 277968320 54686878 1 1563201 56566510
======================
   8      16 sdb 267679 0 2141384 1871403 25234771 9515034 277998504 54694645 1 1568104 56579177
======================
   8      16 sdb 268301 0 2146360 1875325 25234783 9515752 278004344 54694693 1 1572061 56583182
======================
   8      16 sdb 269596 0 2156720 1880241 25234801 9516939 278013984 54694807 1 1576944 56588173
======================
   8      16 sdb 270724 0 2165744 1885142 25237696 9518260 278047712 54704238 1 1581847 56602504
======================
   8      16 sdb 271589 0 2172664 1889667 25237696 9518260 278047712 54704238 1 1586759 56607416
======================
   8      16 sdb 272886 0 2183040 1894941 25237709 9519132 278054792 54704308 1 1591645 56612372
======================
   8      16 sdb 274004 0 2191984 1899829 25240759 9520723 278091920 54713984 1 1596536 56626928
======================
   8      16 sdb 275091 0 2200680 1904431 25240774 9521801 278100664 54714082 1 1601426 56631916
======================
   8      16 sdb 276090 0 2208672 1909631 25240789 9522772 278108552 54714162 1 1606340 56636909
======================
   8      16 sdb 277216 0 2217680 1914544 25243689 9524108 278142440 54723478 1 1611254 56651135
======================
   8      16 sdb 278577 0 2228568 1919426 25243705 9525204 278151336 54723570 1 1616138 56656106
======================
   8      16 sdb 279369 0 2234904 1924337 25243723 9526413 278161152 54723674 1 1621049 56661121
======================
   8      16 sdb 280424 0 2243344 1929236 25247040 9527980 278200224 54734112 1 1625952 56676450
======================
   8      16 sdb 281122 0 2248928 1934182 25247051 9528753 278206496 54734162 1 1630898 56681446
======================
   8      16 sdb 282499 0 2259944 1939061 25247069 9529952 278216232 54734278 1 1635784 56686443
======================
   8      16 sdb 283864 0 2270864 1943926 25248934 9531369 278242488 54740221 1 1640646 56697244
======================
   8      16 sdb 285229 0 2281784 1948818 25248953 9532696 278253256 54740358 1 1645542 56702271
======================
   8      16 sdb 286620 0 2292912 1953689 25248972 9534039 278264152 54740494 1 1650409 56707274
======================
   8      16 sdb 287208 0 2297616 1957952 25252560 9535407 278303800 54814122 1 1655364 56785850
======================
   8      16 sdb 287846 0 2302720 1963591 25252568 9535954 278308240 54814146 1 1660310 56790820
======================
   8      16 sdb 289272 0 2314128 1968466 25252585 9537108 278317608 54814249 1 1665182 56795791
======================
   8      16 sdb 290439 0 2323464 1973367 25255141 9538458 278348856 54822447 1 1670088 56808890
======================
   8      16 sdb 291790 0 2334272 1978242 25255160 9539762 278359440 54822581 1 1674967 56813897
======================
   8      16 sdb 293159 0 2345224 1983115 25255178 9541058 278369952 54822712 0 1679837 56818898
======================
   8      16 sdb 293874 0 2350944 1987622 25258573 9542320 278407208 54948378 1 1684779 56949501
======================
   8      16 sdb 294596 0 2356720 1991784 25258573 9542320 278407208 54948378 1 1689720 56954442
======================
   8      16 sdb 295808 0 2366416 1997893 25258584 9543003 278412760 54948419 1 1694615 56959378
======================
   8      16 sdb 296954 0 2375584 2002776 25261309 9544466 278446264 54957670 1 1699495 56973504
======================
   8      16 sdb 298291 0 2386280 2007651 25261325 9545567 278455200 54957761 1 1704377 56978472
======================
   8      16 sdb 299012 0 2392048 2012589 25261342 9546785 278465080 54957881 1 1709311 56983526
======================
   8      16 sdb 300176 0 2401360 2017481 25264269 9547878 278497240 54967166 1 1714203 56997693
======================
   8      16 sdb 301485 0 2411832 2022365 25264286 9548996 278506320 54967274 1 1719092 57002685
======================
   8      16 sdb 302187 0 2417448 2027290 25264302 9550090 278515200 54967366 1 1724017 57007701
======================
   8      16 sdb 303277 0 2426168 2032167 25267284 9551309 278548808 54976664 1 1728898 57021868
======================
   8      16 sdb 304679 0 2437384 2037030 25267300 9552387 278557560 54976753 1 1733765 57026819
======================
   8      16 sdb 305393 0 2443096 2041958 25267314 9553405 278565816 54976834 1 1738694 57031829
======================
   8      16 sdb 306536 0 2452240 2046846 25270264 9554695 278599736 54986235 1 1743586 57046114
======================
   8      16 sdb 307861 0 2462840 2051722 25270280 9555774 278608496 54986328 1 1748466 57051083
======================
   8      16 sdb 308554 0 2468384 2056657 25270293 9556704 278616040 54986400 1 1753403 57056092
======================
   8      16 sdb 309416 0 2475280 2060565 25273094 9557904 278648048 54995130 1 1757315 57068725
======================
   8      16 sdb 310768 0 2486096 2065436 25273110 9558998 278656928 54995223 1 1762188 57073686
======================
   8      16 sdb 312102 0 2496768 2070313 25273128 9560320 278667648 54995360 1 1767064 57078698
======================
   8      16 sdb 312611 0 2500840 2075261 25276227 9561519 278702032 55005065 1 1772014 57093349
======================
   8      16 sdb 313289 0 2506264 2080193 25276238 9562286 278708256 55005108 1 1776945 57098323
======================
   8      16 sdb 314688 0 2517456 2085049 25276252 9563258 278716144 55005184 1 1781800 57103254
======================
   8      16 sdb 315826 0 2526560 2089935 25279132 9564835 278751800 55014492 1 1786686 57117444
======================
   8      16 sdb 317211 0 2537640 2094810 25279149 9565948 278760840 55014597 0 1791563 57122422
======================
   8      16 sdb 318537 0 2548248 2099672 25279167 9567272 278771576 55014728 1 1796426 57127414
======================
   8      16 sdb 319094 0 2552704 2104141 25282317 9568466 278806328 55029108 1 1801362 57146726
======================
   8      16 sdb 319817 0 2558488 2108937 25282328 9569170 278812048 55029148 1 1806280 57151684
======================
   8      16 sdb 321004 0 2567984 2114421 25282341 9570047 278819168 55029214 1 1811175 57156645
======================
   8      16 sdb 322204 0 2577584 2118671 25285079 9571575 278853296 55037908 1 1816057 57170218
======================
   8      16 sdb 323499 0 2587944 2124178 25285094 9572679 278862248 55038001 1 1820934 57175188
======================
   8      16 sdb 324836 0 2598640 2129024 25285114 9573977 278872792 55038145 1 1825786 57180173
======================
   8      16 sdb 325419 0 2603304 2133478 25288063 9574989 278904480 55047260 1 1830733 57194227
======================
   8      16 sdb 326137 0 2609048 2138885 25288074 9575715 278910376 55047306 1 1835665 57199205
======================
   8      16 sdb 327365 0 2618872 2143783 25288091 9576883 278919856 55047417 1 1840550 57204196
======================
   8      16 sdb 328740 0 2629872 2148667 25289903 9578296 278945656 55053364 1 1845433 57215026
======================
   8      16 sdb 330131 0 2641000 2153553 25289922 9579647 278956616 55053513 1 1850318 57220060
======================
   8      16 sdb 331496 0 2651920 2158427 25289941 9580979 278967424 55053654 1 1855199 57225076
======================
   8      16 sdb 332329 0 2658584 2163326 25293495 9582121 279004976 55066272 17 1860131 57250614
======================
   8      16 sdb 333059 0 2664424 2167233 25293511 9582121 279005120 55083630 1 1865063 57264907
======================
   8      16 sdb 333915 0 2671272 2173221 25293521 9582827 279010848 55083665 1 1869993 57269872
======================
   8      16 sdb 335274 0 2682144 2178091 25295456 9584032 279035920 55089642 130 1874867 57281008
======================
   8      16 sdb 336514 0 2692064 2182910 25295966 9585292 279050128 55091357 1 1879749 57287313
======================
   8      16 sdb 337204 0 2697584 2187919 25295982 9586331 279058568 55091453 1 1884692 57292352
======================
   8      16 sdb 338595 0 2708712 2192795 25295997 9587375 279067040 55091538 1 1889566 57297311
======================
   8      16 sdb 339638 0 2717056 2197618 25299019 9588678 279101640 55100919 1 1894472 57311595
======================
   8      16 sdb 340334 0 2722624 2202637 25299033 9589584 279109000 55100984 1 1899413 57316601
======================
   8      16 sdb 341779 0 2734184 2207518 25299048 9590688 279117952 55101070 1 1904291 57321565
======================
   8      16 sdb 342889 0 2743064 2212315 25301839 9592045 279151136 55109875 1 1909177 57335247
======================
   8      16 sdb 343601 0 2748760 2217339 25301852 9592936 279158368 55109942 1 1914115 57340252
======================
   8      16 sdb 345006 0 2760000 2222210 25301869 9594161 279168304 55110060 1 1918983 57345238
======================
   8      16 sdb 346070 0 2768512 2227123 25304820 9595467 279202360 55119499 1 1923895 57359585
======================
   8      16 sdb 346760 0 2774032 2232074 25304836 9596516 279210880 55119593 1 1928846 57364630
======================
   8      16 sdb 348147 0 2785128 2236951 25304851 9597598 279219656 55119682 1 1933727 57369600
======================
   8      16 sdb 349217 0 2793688 2241874 25307782 9598916 279253648 55129008 1 1938649 57383840
======================
   8      16 sdb 350569 0 2804504 2246725 25307800 9600185 279263944 55129141 1 1943499 57388823
======================
   8      16 sdb 351308 0 2810416 2251658 25307814 9601091 279271304 55129209 1 1948436 57393828
======================
   8      16 sdb 352380 0 2818992 2256554 25310839 9602265 279304896 55138555 1 1953321 57408055
======================
   8      16 sdb 353708 0 2829616 2261428 25310858 9603585 279315608 55138696 1 1958202 57413071
======================
   8      16 sdb 354433 0 2835416 2266368 25310873 9604593 279323792 55138784 1 1963140 57418097
======================
   8      16 sdb 355476 0 2843760 2271266 25313921 9605620 279356392 55148245 1 1968043 57432453
======================
   8      16 sdb 356836 0 2854640 2276149 25313939 9606923 279366960 55148376 1 1972927 57437468
======================
   8      16 sdb 357530 0 2860192 2281090 25313952 9607850 279374480 55148441 1 1977867 57442473
======================
   8      16 sdb 358624 0 2868944 2285998 25316780 9609018 279406448 55157355 1 1982777 57456289
======================
   8      16 sdb 359959 0 2879624 2290868 25316799 9610306 279416904 55157483 1 1987653 57461286
======================
   8      16 sdb 361357 0 2890808 2295730 25316818 9611627 279427624 55157614 1 1992523 57466281
======================
   8      16 sdb 361935 0 2895432 2300676 25320078 9612471 279460456 55278306 1 1997469 57591915
======================
   8      16 sdb 363290 0 2906272 2305532 25320097 9613764 279470952 55278444 1 2002326 57596903
======================
   8      16 sdb 364071 0 2912520 2309492 25320112 9614806 279479408 55278537 1 2007245 57601915
======================
   8      16 sdb 365086 0 2920640 2315356 25322834 9615756 279508784 55287495 1 2012156 57615770
======================
   8      16 sdb 365875 0 2926952 2319565 25322849 9616746 279516824 55287575 1 2017070 57620763
======================
   8      16 sdb 367140 0 2937072 2325144 25322864 9617781 279525224 55287664 1 2021941 57625723
======================
   8      16 sdb 368328 0 2946576 2330044 25325454 9619158 279556960 55295789 1 2026849 57638747
======================
   8      16 sdb 369669 0 2957304 2334921 25325472 9620469 279567592 55295934 1 2031727 57643768
======================
   8      16 sdb 371011 0 2968040 2339805 25325491 9621739 279577904 55296063 1 2036610 57648780
======================
   8      16 sdb 371472 0 2971728 2344765 25328913 9622543 279611712 55463911 1 2041570 57821579
======================
   8      16 sdb 372264 0 2978064 2348970 25328925 9623399 279618656 55463972 1 2046507 57826577
======================
   8      16 sdb 373546 0 2988320 2354586 25328926 9623399 279618664 55463972 1 2051390 57831460
======================
   8      16 sdb 374778 0 2998176 2359453 25331499 9624918 279651400 55472129 1 2056264 57844477
======================
   8      16 sdb 376055 0 3008392 2364241 25331515 9626063 279660688 55472227 1 2061159 57849469
======================
   8      16 sdb 376849 0 3014744 2369288 25331532 9627204 279669952 55472334 1 2066097 57854514
======================
   8      16 sdb 378033 0 3024216 2374386 25334465 9628337 279702480 55481622 1 2071000 57868893
======================
   8      16 sdb 379072 0 3032528 2378905 25334480 9629408 279711168 55481709 1 2075901 57873881
======================
   8      16 sdb 380169 0 3041304 2384196 25334492 9630233 279717864 55481769 1 2080809 57878849
======================
   8      16 sdb 381303 0 3050376 2389079 25337456 9631755 279753752 55491306 1 2085699 57893264
======================
   8      16 sdb 382581 0 3060600 2393762 25337471 9632799 279762224 55491396 1 2090584 57898238
======================
   8      16 sdb 383310 0 3066432 2398906 25337486 9633764 279770064 55491475 1 2095523 57903256
======================
   8      16 sdb 384475 0 3075752 2403793 25340339 9635019 279802928 55500437 1 2100418 57917103
======================
   8      16 sdb 385181 0 3081400 2408723 25340353 9635982 279810744 55500518 1 2105343 57922109
======================
   8      16 sdb 386584 0 3092624 2413599 25340368 9637017 279819144 55500600 1 2110217 57927064
======================
   8      16 sdb 387705 0 3101592 2418489 25343436 9638598 279856336 55510417 1 2115116 57941771
======================
   8      16 sdb 389067 0 3112488 2423361 25343452 9639645 279864840 55510506 1 2119989 57946729
======================
   8      16 sdb 389823 0 3118536 2428293 25343466 9640607 279872648 55510588 1 2124920 57951742
======================
   8      16 sdb 391200 0 3129552 2433165 25345357 9642004 279898952 55516445 1 2129796 57962462
======================
   8      16 sdb 391937 0 3135448 2438094 25345371 9643011 279907120 55516524 1 2134729 57967474
======================
   8      16 sdb 393325 0 3146552 2442979 25345388 9644150 279916368 55516626 1 2139620 57972457
======================
   8      16 sdb 394398 0 3155136 2447878 25348511 9645566 279952680 55526811 1 2144518 57987534
======================
   8      16 sdb 395437 0 3163448 2452766 25348530 9646883 279963368 55526946 1 2149415 57992566
======================
   8      16 sdb 396517 0 3172088 2457685 25348541 9647659 279969664 55526994 1 2154324 57997522
======================
   8      16 sdb 397596 0 3180720 2462582 25351528 9648962 280003984 55536558 1 2159231 58011980
======================
   8      16 sdb 398969 0 3191704 2467453 25351547 9650259 280014512 55536688 1 2164105 58016978
======================
   8      16 sdb 399754 0 3197984 2472379 25351561 9651244 280022504 55536767 1 2169030 58021982
======================
   8      16 sdb 400874 0 3206944 2477368 25354625 9652282 280055320 55546348 1 2173925 58036550
======================
   8      16 sdb 401929 0 3215384 2482139 25354643 9653523 280065392 55546469 1 2178837 58041583
======================
   8      16 sdb 403004 0 3223984 2487169 25354657 9654527 280073536 55546548 1 2183724 58046549
======================
   8      16 sdb 404135 0 3233032 2492013 25357448 9655856 280106496 55555370 1 2188609 58060244
======================
   8      16 sdb 405418 0 3243296 2496644 25357465 9657098 280116568 55555494 1 2193475 58065234
======================
   8      16 sdb 406256 0 3250000 2501847 25357466 9657098 280116576 55555494 1 2198404 58070163
======================
   8      16 sdb 407341 0 3258680 2506741 25360519 9658243 280150160 55565235 1 2203298 58084792
======================
   8      16 sdb 408355 0 3266792 2510822 25360535 9659291 280158672 55565321 1 2208208 58089784
======================
   8      16 sdb 409452 0 3275568 2516550 25360548 9660171 280165816 55565392 1 2213108 58094755
======================
   8      16 sdb 410551 0 3284360 2521437 25363498 9661701 280201656 55574925 1 2218007 58109170
======================
   8      16 sdb 411815 0 3294472 2526181 25363514 9662782 280210432 55575021 1 2222889 58114142
======================
   8      16 sdb 412675 0 3301352 2531252 25363528 9663753 280218312 55575094 1 2227824 58119150
======================
   8      16 sdb 413802 0 3310368 2536153 25366537 9665196 280253928 55584730 1 2232733 58133682
======================
   8      16 sdb 415122 0 3320928 2541000 25366552 9666261 280262568 55584816 1 2237614 58138649
======================
   8      16 sdb 415948 0 3327536 2545950 25366564 9667117 280269512 55584873 1 2242528 58143620
======================
   8      16 sdb 416840 0 3334672 2549869 25369313 9668346 280301336 55593612 1 2246447 58156272
======================
   8      16 sdb 417583 0 3340616 2554805 25369328 9669399 280309880 55593707 1 2251383 58161303
======================
   8      16 sdb 418991 0 3351880 2559679 25369342 9670308 280317264 55593774 1 2256259 58166242
======================
   8      16 sdb 420061 0 3360440 2564584 25372381 9671861 280354000 55603467 1 2261162 58180829
======================
   8      16 sdb 421430 0 3371392 2569446 25372396 9672904 280362464 55603554 1 2266025 58185778
======================
   8      16 sdb 422211 0 3377640 2574280 25372409 9673746 280369304 55603696 1 2270947 58190755
======================
   8      16 sdb 423317 0 3386488 2579188 25375367 9675280 280405240 55613131 1 2275850 58205091
======================
   8      16 sdb 424094 0 3392704 2584110 25375378 9676052 280411504 55613182 0 2280771 58210063
======================
   8      16 sdb 425463 0 3403656 2588972 25375398 9677395 280422408 55613324 1 2285641 58215069
======================
   8      16 sdb 426878 0 3414976 2593884 25377407 9678762 280449416 55619725 1 2290506 58226380
======================
   8      16 sdb 428253 0 3425976 2598759 25377426 9680068 280460016 55619864 1 2295384 58231391
======================
   8      16 sdb 429603 0 3436776 2603659 25377445 9681371 280470592 55619992 1 2300285 58236415
======================
   8      16 sdb 430518 0 3444096 2608168 25380912 9682792 280509696 55751529 1 2305181 58372841
======================
   8      16 sdb 431247 0 3449928 2612567 25380923 9683511 280515536 55751579 1 2310103 58377813
======================
   8      16 sdb 432271 0 3458120 2618390 25380923 9683511 280515536 55751579 1 2315014 58382724
======================
   8      16 sdb 433493 0 3467896 2623277 25383593 9684732 280546664 55760361 1 2319901 58396389
======================
   8      16 sdb 434460 0 3475632 2628185 25383609 9685889 280556048 55760466 1 2324809 58401402
======================
   8      16 sdb 435584 0 3484624 2633080 25383622 9686785 280563320 55760533 1 2329706 58406366
======================
   8      16 sdb 436753 0 3493976 2637611 25386723 9688342 280600584 55770862 1 2334598 58421566
======================
   8      16 sdb 437889 0 3503064 2642764 25386738 9689340 280608688 55770946 1 2339487 58426536
======================
   8      16 sdb 438759 0 3510024 2647762 25386752 9690339 280616792 55771027 1 2344401 58431531
======================
   8      16 sdb 439970 0 3519712 2651963 25389819 9691904 280653848 55781060 1 2349285 58446440
======================
   8      16 sdb 441183 0 3529416 2657534 25389835 9692960 280662424 55781159 1 2354181 58451431
======================
   8      16 sdb 441919 0 3535304 2662460 25389850 9693924 280670256 55781245 1 2359104 58456440
======================
   8      16 sdb 443133 0 3545016 2667350 25392893 9695491 280707136 55791033 1 2363994 58471114
======================
   8      16 sdb 444329 0 3554584 2672230 25392909 9696523 280715520 55791124 1 2368879 58476085
======================
   8      16 sdb 445080 0 3560592 2677096 25392923 9697465 280723168 55791263 1 2373811 58481091
======================
   8      16 sdb 446464 0 3571664 2681965 25392941 9698787 280733888 55791397 1 2378679 58486092
======================
   8      16 sdb 447692 0 3581488 2686404 25397079 9700509 280780768 55806833 1 2383579 58506415
======================
   8      16 sdb 447977 0 3583768 2691392 25397086 9700975 280784552 55806849 1 2388546 58511398
======================
   8      16 sdb 449315 0 3594472 2696718 25397086 9700975 280784552 55806849 1 2393433 58516285
======================
   8      16 sdb 450710 0 3605632 2701601 25397105 9702308 280795368 55806984 1 2398323 58521304
======================
   8      16 sdb 452009 0 3616024 2705994 25399976 9703835 280830552 55816200 1 2403197 58535383
======================
   8      16 sdb 453106 0 3624800 2711032 25399993 9705017 280840144 55816315 1 2408092 58540393
======================
   8      16 sdb 453945 0 3631512 2716306 25400009 9706089 280848848 55816399 1 2413029 58545414
======================
   8      16 sdb 455231 0 3641800 2720769 25402974 9707329 280882488 55825847 1 2417911 58559739
======================
   8      16 sdb 456259 0 3650024 2725678 25402989 9708378 280891000 55825933 1 2422832 58564745
======================
   8      16 sdb 457151 0 3657160 2731007 25403004 9709376 280899104 55826012 1 2427734 58569726
======================
   8      16 sdb 458448 0 3667536 2735721 25405922 9710733 280933304 55835483 1 2432617 58584069
