======================
   8      48 sdd 1725 0 13782 235373 430371 2366161 270835616 127315750 0 1025300 127548400
started
======================
   8      48 sdd 1730 0 13822 235375 430386 2366177 270835864 127315755 0 1025304 127548407
======================
   8      48 sdd 1737 0 13878 236037 432340 2366190 272067224 127742577 36 1028784 127986589
======================
   8      48 sdd 1743 0 13926 237011 434436 2366203 273383256 128393546 15 1033787 128628312
======================
   8      48 sdd 1749 0 13974 238507 436507 2366217 274686440 129002579 27 1038799 129238368
======================
   8      48 sdd 1754 0 14014 239687 438618 2366221 276014952 129616863 149 1043802 129878734
======================
   8      48 sdd 1759 0 14054 240955 440707 2366234 277329640 130239665 140 1048805 130492592
======================
   8      48 sdd 1765 0 14102 242345 442795 2366247 278643688 130832296 149 1053810 131089955
======================
   8      48 sdd 1770 0 14142 243675 444887 2366260 279960296 131428680 141 1058813 131694168
======================
   8      48 sdd 1775 0 14182 244982 446975 2366273 281274088 132030792 153 1063816 132295598
======================
   8      48 sdd 1781 0 14230 246204 449064 2366286 282588776 132637133 132 1068820 132901101
======================
   8      48 sdd 1786 0 14270 247395 451160 2366299 283908584 133242587 143 1073834 133511974
======================
   8      48 sdd 1791 0 14310 248514 453248 2366312 285221992 133856121 133 1078837 134126394
======================
   8      48 sdd 1797 0 14358 250031 455335 2366326 286535152 134447731 142 1083839 134719375
======================
   8      48 sdd 1802 0 14398 251059 457429 2366338 287851768 135088598 129 1088843 135360977
======================
   8      48 sdd 1807 0 14438 252310 459517 2366351 289165816 135714814 153 1093846 135988597
======================
   8      48 sdd 1813 0 14486 253758 461604 2366364 290479096 136308250 155 1098850 136583332
======================
   8      48 sdd 1818 0 14526 254828 463697 2366376 291795576 136944603 128 1103855 137220458
======================
   8      48 sdd 1823 0 14566 256163 465784 2366389 293108984 137544631 132 1108858 137822200
======================
   8      48 sdd 1829 0 14614 257570 467872 2366402 294423032 138133951 143 1113860 138413090
======================
   8      48 sdd 1834 0 14654 258830 469965 2366414 295739640 138750083 144 1118864 139030591
======================
   8      48 sdd 1839 0 14694 260244 472054 2366427 297054072 139345381 139 1123867 139627328
======================
   8      48 sdd 1845 0 14742 261690 474143 2366440 298368760 139932664 154 1128870 140215775
======================
   8      48 sdd 1850 0 14782 262723 476237 2366452 299686008 140563149 145 1133874 140847375
======================
   8      48 sdd 1855 0 14822 264073 478324 2366465 300999416 141162581 133 1138877 141448015
======================
   8      48 sdd 1861 0 14870 265025 480412 2366478 302313208 141788814 130 1143880 142074874
======================
   8      48 sdd 1866 0 14910 266212 482506 2366492 303629840 142423582 121 1148886 142710835
======================
   8      48 sdd 1871 0 14950 267623 484595 2366505 304944528 143041502 115 1153889 143329447
======================
   8      48 sdd 1877 0 14998 268948 486677 2366518 306254736 143644349 116 1158891 143933780
======================
   8      48 sdd 1882 0 15038 270363 488750 2366530 307558544 144250709 127 1163893 144542149
======================
   8      48 sdd 1887 0 15078 271540 490834 2366543 308870032 144864843 126 1168898 145158434
======================
   8      48 sdd 1893 0 15126 272835 492934 2366556 310191760 145476912 109 1173901 145769504
======================
   8      48 sdd 1899 0 15174 274297 495025 2366568 311506832 146073368 146 1178904 146368405
======================
   8      48 sdd 1903 0 15206 275220 497113 2366581 312820880 146703542 97 1183908 146997511
======================
   8      48 sdd 1910 0 15262 276674 499200 2366594 314134288 147299983 139 1188910 147596768
======================
   8      48 sdd 1914 0 15294 277543 501291 2366606 315449616 147937722 86 1193914 148232532
======================
   8      48 sdd 1919 0 15334 278862 503380 2366619 316764176 148540686 80 1198918 148836041
======================
   8      48 sdd 1926 0 15390 280269 505470 2366632 318079376 149140229 150 1203929 149439911
======================
   8      48 sdd 1931 0 15430 281468 507563 2366645 319395360 149744429 140 1208931 150046413
======================
   8      48 sdd 1935 0 15462 282490 509651 2366658 320709408 150367487 60 1213935 150662972
======================
   8      48 sdd 1942 0 15518 283804 511738 2366671 322022816 150967971 136 1218937 151271771
======================
   8      48 sdd 1946 0 15550 285025 513831 2366684 323339176 151593599 47 1223939 151888717
======================
   8      48 sdd 1951 0 15590 286192 515919 2366697 324653224 152221220 42 1228942 152516288
======================
   8      48 sdd 1958 0 15646 287685 518007 2366710 325967272 152812970 156 1233945 153119749
======================
   8      48 sdd 1962 0 15678 288608 520097 2366722 327281960 153448942 31 1238948 153743737
======================
   8      48 sdd 1968 0 15726 289862 522185 2366735 328595752 154065409 133 1243952 154375747
======================
   8      48 sdd 1974 0 15774 291195 524274 2366748 329910440 154666840 139 1248955 154977322
======================
   8      48 sdd 1979 0 15814 292092 526366 2366760 331226408 155299722 154 1253958 155612910
======================
   8      48 sdd 1984 0 15854 293418 528453 2366773 332539816 155919714 135 1258961 156217631
======================
   8      48 sdd 1990 0 15902 294375 530539 2366786 333852584 156530763 130 1263963 156846549
======================
   8      48 sdd 1995 0 15942 295458 532635 2366799 335170232 157162346 142 1268965 157464428
======================
   8      48 sdd 2000 0 15982 296327 534719 2366812 336481720 157786377 134 1273968 158104997
======================
   8      48 sdd 2006 0 16030 297482 536808 2366825 337796408 158393228 155 1278971 158712337
======================
   8      48 sdd 2011 0 16070 298882 538902 2366838 339113664 159026334 138 1283975 159337435
======================
   8      48 sdd 2016 0 16110 300064 540983 2366851 340423232 159656979 149 1288979 159967889
======================
   8      48 sdd 2022 0 16158 301256 543071 2366864 341737024 160273033 128 1293981 160595637
======================
   8      48 sdd 2027 0 16198 302678 545156 2366876 343049152 160878119 156 1298984 161195333
======================
   8      48 sdd 2032 0 16238 303920 547242 2366889 344361280 161490199 148 1303987 161810513
======================
   8      48 sdd 2038 0 16286 305156 549301 2366902 345657664 162090826 148 1308988 162417472
======================
   8      48 sdd 2043 0 16326 306403 551390 2366914 346971072 162719687 135 1313991 163038385
======================
   8      48 sdd 2048 0 16366 307629 553479 2366927 348285760 163335885 147 1318994 163653415
======================
   8      48 sdd 2054 0 16414 308964 555579 2366940 349607232 163927111 152 1323998 164257317
======================
   8      48 sdd 2059 0 16454 310128 557674 2366953 350924496 164543559 138 1329001 164875520
======================
   8      48 sdd 2064 0 16494 311408 559761 2366966 352237904 165153391 144 1334005 165481839
======================
   8      48 sdd 2070 0 16542 312417 561849 2366979 353551696 165766311 137 1339008 166099950
======================
   8      48 sdd 2075 0 16582 313530 563941 2366991 354867664 166381804 137 1344010 166712663
======================
   8      48 sdd 2080 0 16622 314708 566029 2367005 356181720 167020197 153 1349013 167356473
======================
   8      48 sdd 2086 0 16670 315960 568115 2367018 357494360 167645355 140 1354018 167982838
======================
   8      48 sdd 2091 0 16710 317279 570208 2367031 358811480 168261394 154 1359024 168599281
======================
   8      48 sdd 2096 0 16750 318678 572296 2367045 360125536 168862918 149 1364027 169202595
======================
   8      48 sdd 2102 0 16798 319832 574385 2367058 361439592 169471190 151 1369029 169812154
======================
   8      48 sdd 2107 0 16838 320925 576475 2367071 362754920 170095706 156 1374033 170437569
======================
   8      48 sdd 2112 0 16878 322019 578563 2367084 364068968 170717664 150 1379036 171061061
======================
   8      48 sdd 2118 0 16926 323234 580653 2367098 365383416 171326734 151 1384037 171670649
======================
   8      48 sdd 2123 0 16966 324523 582741 2367111 366697464 171924886 136 1389040 172270411
======================
   8      48 sdd 2128 0 17006 325742 584825 2367124 368009552 172540284 134 1394043 172887000
======================
   8      48 sdd 2134 0 17054 327088 586914 2367137 369323640 173135091 146 1399046 173483126
======================
   8      48 sdd 2139 0 17094 328264 589006 2367151 370640592 173749009 147 1404051 174098150
======================
   8      48 sdd 2144 0 17134 329447 591094 2367163 371954040 174389497 143 1409055 174739934
======================
   8      48 sdd 2150 0 17182 330788 593181 2367171 373268040 174996319 138 1414060 175348312
======================
   8      48 sdd 2155 0 17222 331972 595252 2367183 374570824 175634921 132 1419063 175987948
======================
   8      48 sdd 2160 0 17262 333365 597349 2367196 375891016 176249107 150 1424066 176603590
======================
   8      48 sdd 2166 0 17310 334593 599449 2367209 377211848 176866463 142 1429069 177212285
======================
   8      48 sdd 2171 0 17350 335902 601540 2367221 378527176 177477883 129 1434072 177819865
======================
   8      48 sdd 2176 0 17390 337146 603626 2367234 379839944 178095969 152 1439075 178432868
======================
   8      48 sdd 2182 0 17438 338307 605712 2367248 381153904 178717804 11 1444078 179055934
======================
   8      48 sdd 2187 0 17478 339408 607805 2367260 382469888 179343389 29 1449081 179688120
======================
   8      48 sdd 2192 0 17518 340596 609893 2367273 383783680 179959823 50 1454085 180310996
======================
   8      48 sdd 2198 0 17566 341721 611981 2367286 385097728 180574812 45 1459088 180926038
======================
   8      48 sdd 2203 0 17606 342845 614073 2367298 386413696 181190115 63 1464092 181546260
======================
   8      48 sdd 2208 0 17646 343939 616161 2367311 387727744 181812939 58 1469095 182169096
======================
   8      48 sdd 2214 0 17694 345082 618250 2367324 389042176 182427618 78 1474098 182788165
======================
   8      48 sdd 2219 0 17734 346352 620341 2367336 390357504 183034586 97 1479100 183399373
======================
   8      48 sdd 2224 0 17774 347605 622429 2367349 391671552 183640047 92 1484102 184005207
======================
   8      48 sdd 2230 0 17822 348557 624517 2367362 392985600 184268150 114 1489104 184636250
======================
   8      48 sdd 2235 0 17862 349785 626609 2367366 394301320 184910030 105 1494107 185278946
======================
   8      48 sdd 2240 0 17902 351173 628696 2367379 395614728 185523443 101 1499110 185893423
