19885.483
916.085
660.039
363.364
254.271
262.070
422.150
618.145
614.733
781.429
767.404
953.704
957.979
880.088
1025.306
944.332
845.498
1065.086
972.094
1010.822
745.624
1005.799
917.906
830.906
994.386
994.210
877.014
889.507
966.617
953.592
1021.915
870.005
932.676
955.277
1106.883
1208.870
757.095
972.190
930.007
1004.082
855.503
793.527
1196.026
820.082
845.305
1035.672
923.685
970.008
864.487
881.988
995.556
938.897
976.087
847.666
1034.381
972.074
878.696
856.507
969.545
970.926
708.093
1066.609
1116.250
703.589
1018.554
1160.684
935.605
1349.557
764.484
851.160
1108.443
821.597
883.698
1055.959
963.898
903.203
845.402
1031.291
859.860
947.549
968.077
945.910
978.754
835.418
872.706
1129.851
1017.301
1094.770
659.123
925.086
972.767
898.473
965.696
854.883
1048.192
904.402
1069.187
980.976
833.134
990.195
1432.171
818.013
1031.500
1002.856
1079.499
1128.270
872.715
1015.489
1051.748
954.799
873.273
863.375
888.288
687.606
1047.892
951.872
1015.881
943.517
943.899
802.975
1061.339
965.078
736.086
1030.278
842.018
1112.000
856.031
1010.405
1127.396
930.525
799.686
1114.109
1066.914
984.199
854.324
989.392
1085.265
986.912
722.524
987.909
1022.885
1056.045
826.985
1012.382
1237.381
1025.568
885.400
738.907
995.582
5.999
