257.677
299.177
298.267
299.874
258.067
299.454
293.844
293.350
296.865
290.271
292.772
287.969
288.646
283.449
291.855
280.948
283.754
279.950
278.253
280.762
277.053
269.362
280.257
274.574
265.469
250.973
264.273
269.070
272.270
267.473
267.071
265.669
270.372
270.159
271.750
262.949
265.961
268.271
266.561
267.155
263.058
265.167
266.455
258.762
256.674
252.678
256.473
254.472
256.473
254.465
256.061
259.764
253.759
248.460
247.057
257.156
248.558
250.566
250.960
255.566
256.862
255.658
257.063
258.060
255.072
251.271
253.573
264.157
257.657
262.754
257.057
258.657
254.251
253.357
257.761
253.053
262.558
257.162
253.357
250.161
250.154
257.754
252.260
253.158
252.158
256.362
253.469
255.458
249.557
249.655
246.951
247.860
252.757
247.663
250.754
250.363
243.757
249.963
239.656
252.162
250.659
241.460
240.054
250.952
243.756
245.655
246.757
251.055
255.862
256.359
249.059
251.478
249.070
249.770
257.672
253.470
253.074
255.976
248.674
251.974
252.976
250.367
247.568
253.469
247.064
254.372
250.781
250.068
257.073
255.468
257.475
252.181
260.171
256.378
258.274
258.072
251.880
252.573
252.053
248.756
254.851
262.053
250.870
255.973
249.872
249.767
249.157
255.746
252.854
253.855
248.955
255.260
255.169
253.071
255.669
255.072
250.769
255.666
253.059
254.256
252.259
253.056
257.351
252.648
253.446
253.052
253.153
260.051
253.251
263.163
260.560
254.064
258.766
256.663
260.666
257.372
254.868
252.560
252.857
249.959
255.362
251.059
256.862
254.656
255.059
257.063
254.859
289.052
514.592
