31.8
37.4
37.3
37.5
32.3
37.4
36.7
36.7
37.1
36.3
36.6
36.0
36.1
35.4
36.5
35.1
35.5
35.0
34.8
35.1
34.6
33.7
35.0
34.3
33.2
31.4
33.0
33.6
34.0
33.4
33.4
33.2
33.8
33.8
34.0
32.9
33.2
33.5
33.3
33.4
32.9
33.1
33.3
32.3
32.1
31.6
32.1
31.8
32.1
31.8
32.0
32.5
31.7
31.1
30.9
32.1
31.1
31.3
31.4
31.9
32.1
32.0
32.1
32.3
31.9
31.4
31.7
33.0
32.2
32.8
32.1
32.3
31.8
31.7
32.2
31.6
32.8
32.1
31.7
31.3
31.3
32.2
31.5
31.6
31.5
32.0
31.7
31.9
31.2
31.2
30.9
31.0
31.6
31.0
31.3
31.3
30.5
31.2
30.0
31.5
31.3
30.2
30.0
31.4
30.5
30.7
30.8
31.4
32.0
32.0
31.1
31.4
31.1
31.2
32.2
31.7
31.6
32.0
31.1
31.5
31.6
31.3
30.9
31.7
30.9
31.8
31.3
31.3
32.1
31.9
32.2
31.5
32.5
32.0
32.3
32.3
31.5
31.6
31.5
31.1
31.9
32.8
31.4
32.0
31.2
31.2
31.1
32.0
31.6
31.7
31.1
31.9
31.9
31.6
32.0
31.9
31.3
32.0
31.6
31.8
31.5
31.6
32.2
31.6
31.7
31.6
31.6
32.5
31.7
32.9
32.6
31.8
32.3
32.1
32.6
32.2
31.9
31.6
31.6
31.2
31.9
31.4
32.1
31.8
31.9
32.1
31.8
36.0
64.1
