======================
   8      48 sdd 86007736 19602 6222565166 425757249 10468833 39458729 6586158160 3099515904 0 58912182 3525254703
======================
   8      48 sdd 86007764 19602 6222565390 425758369 10470925 39458729 6587476560 3100077031 149 58916749 3525843646
======================
   8      48 sdd 86007769 19602 6222565430 425759461 10473030 39458754 6588796272 3100730729 154 58921753 3526496293
======================
   8      48 sdd 86007775 19602 6222565478 425760892 10475119 39458767 6590110960 3101338063 138 58926756 3527104737
======================
   8      48 sdd 86007780 19602 6222565518 425762068 10477211 39458779 6591426928 3101955817 158 58931760 3527723669
======================
   8      48 sdd 86007785 19602 6222565558 425763090 10479298 39458792 6592740336 3102596868 145 58936763 3528366619
======================
   8      48 sdd 86007791 19602 6222565606 425764359 10481387 39458805 6594055024 3103207752 133 58941766 3528978224
======================
   8      48 sdd 86007796 19602 6222565646 425765258 10483480 39458817 6595371376 3103849942 131 58946769 3529621251
======================
   8      48 sdd 86007801 19602 6222565686 425766386 10485571 39458830 6596687344 3104466314 143 58951773 3530239128
======================
   8      48 sdd 86007807 19602 6222565734 425767779 10487658 39458843 6598000624 3105057972 138 58956776 3530832111
======================
   8      48 sdd 86007812 19602 6222565774 425768761 10489753 39458855 6599318384 3105690249 127 58961779 3531464977
======================
   8      48 sdd 86007817 19602 6222565814 425769921 10491843 39458869 6600633720 3106337330 120 58966783 3532113161
======================
   8      48 sdd 86007823 19602 6222565862 425771324 10493932 39458882 6601948408 3106949543 114 58971785 3532726072
======================
   8      48 sdd 86007828 19602 6222565902 425772501 10496028 39458895 6603266056 3107587830 103 58976786 3533364489
======================
   8      48 sdd 86007833 19602 6222565942 425773673 10498118 39458908 6604581384 3108206014 96 58981789 3533983526
======================
   8      48 sdd 86007840 19602 6222565998 425775238 10500209 39458921 6605897352 3108806744 142 58986791 3534583243
======================
   8      48 sdd 86007844 19602 6222566030 425776239 10502298 39458933 6607211400 3109429019 57 58991793 3535202310
======================
   8      48 sdd 86007849 19602 6222566070 425777875 10504387 39458946 6608525832 3110009792 51 58996796 3535783465
======================
   8      48 sdd 86007856 19602 6222566126 425779308 10506476 39458959 6609840520 3110606049 129 59001799 3536389755
======================
   8      48 sdd 86007860 19602 6222566158 425780304 10508568 39458971 6611156488 3111227187 37 59006802 3536999887
======================
   8      48 sdd 86007865 19602 6222566198 425781432 10510657 39458984 6612471176 3111850631 31 59011806 3537622860
======================
   8      48 sdd 86007872 19602 6222566254 425782858 10512747 39458997 6613786248 3112444862 142 59016809 3538231993
======================
   8      48 sdd 86007876 19602 6222566286 425783890 10514839 39459009 6615102216 3113060661 16 59021812 3538831172
======================
   8      48 sdd 86007881 19602 6222566326 425784797 10516926 39459022 6616415624 3113694718 12 59026814 3539464514
======================
   8      48 sdd 86007888 19602 6222566382 425785879 10519015 39459037 6617730328 3114323007 130 59031815 3540114708
======================
   8      48 sdd 86007893 19602 6222566422 425787131 10521111 39459050 6619047976 3114954374 150 59036818 3540735254
======================
   8      48 sdd 86007898 19602 6222566462 425788232 10523201 39459063 6620363304 3115568200 134 59041819 3541362271
======================
   8      48 sdd 86007904 19602 6222566510 425789491 10525291 39459076 6621678504 3116192984 138 59046823 3541988498
======================
   8      48 sdd 86007909 19602 6222566550 425790673 10527386 39459088 6622996264 3116820269 130 59051827 3542608749
======================
   8      48 sdd 86007914 19602 6222566590 425791927 10529477 39459101 6624312232 3117435056 150 59056829 3543226871
======================
   8      48 sdd 86007920 19602 6222566638 425793136 10531564 39459114 6625626280 3118044567 146 59061832 3543843977
======================
   8      48 sdd 86007925 19602 6222566678 425794194 10533658 39459126 6626942632 3118676022 133 59066835 3544472723
======================
   8      48 sdd 86007930 19602 6222566718 425795166 10535748 39459139 6628257960 3119308859 148 59071839 3545109983
======================
   8      48 sdd 86007936 19602 6222566766 425796385 10537837 39459152 6629572648 3119919787 155 59076841 3545721846
======================
   8      48 sdd 86007941 19602 6222566806 425797515 10539929 39459164 6630888616 3120535538 131 59081843 3546335875
======================
   8      48 sdd 86007946 19602 6222566846 425798661 10542019 39459177 6632203688 3121151628 151 59086847 3546954281
======================
   8      48 sdd 86007952 19602 6222566894 425799584 10544097 39459190 6633512232 3121781219 145 59091849 3547587811
======================
   8      48 sdd 86007957 19602 6222566934 425800707 10546180 39459203 6634821176 3122402873 152 59096851 3548207815
======================
   8      48 sdd 86007962 19602 6222566974 425801600 10548278 39459216 6636141368 3123036533 129 59101853 3548843491
======================
   8      48 sdd 86007968 19602 6222567022 425802863 10550375 39459230 6637461184 3123667152 150 59106856 3549475923
======================
   8      48 sdd 86007973 19602 6222567062 425804041 10552469 39459242 6638778176 3124301908 133 59111859 3550111524
======================
   8      48 sdd 86007978 19602 6222567102 425805212 10554559 39459255 6640093504 3124920537 139 59116861 3550730867
======================
   8      48 sdd 86007984 19602 6222567150 425806438 10556649 39459268 6641408832 3125526753 158 59121864 3551338469
======================
   8      48 sdd 86007989 19602 6222567190 425807844 10558743 39459280 6642725824 3126124735 157 59126868 3551938110
======================
   8      48 sdd 86007994 19602 6222567230 425809100 10560833 39459293 6644041152 3126741434 130 59131870 3552556053
======================
   8      48 sdd 86008000 19602 6222567278 425810368 10562924 39459306 6645357120 3127351748 133 59136873 3553167702
======================
   8      48 sdd 86008005 19602 6222567318 425811476 10565007 39459318 6646667328 3127973595 137 59141876 3553791289
======================
   8      48 sdd 86008010 19602 6222567358 425812674 10567082 39459331 6647973056 3128592570 152 59146879 3554411004
======================
   8      48 sdd 86008016 19602 6222567406 425813819 10569183 39459344 6649295168 3129201912 131 59151881 3555021299
======================
   8      48 sdd 86008021 19602 6222567446 425814853 10571284 39459357 6650616272 3129824333 129 59156884 3555644755
======================
   8      48 sdd 86008026 19602 6222567486 425816203 10573373 39459370 6651930704 3130422521 133 59161887 3556244414
======================
   8      48 sdd 86008032 19602 6222567534 425817507 10575465 39459384 6653247320 3131051360 132 59166891 3556874253
======================
   8      48 sdd 86008037 19602 6222567574 425818671 10577557 39459397 6654563928 3131683235 135 59171894 3557507749
======================
   8      48 sdd 86008042 19602 6222567614 425819835 10579647 39459410 6655879000 3132303174 130 59176897 3558128466
======================
   8      48 sdd 86008048 19602 6222567662 425821312 10581737 39459423 6657194328 3132914048 150 59181899 3558740615
======================
   8      48 sdd 86008053 19602 6222567702 425822668 10583830 39459436 6658511448 3133520769 140 59186902 3559348573
======================
   8      48 sdd 86008058 19602 6222567742 425824056 10585919 39459449 6659826264 3134118633 134 59191904 3559947971
======================
   8      48 sdd 86008064 19602 6222567790 425825250 10588009 39459462 6661141336 3134731717 127 59196906 3560561928
======================
   8      48 sdd 86008069 19602 6222567830 425826365 10590100 39459475 6662457304 3135352211 119 59201909 3561183493
======================
   8      48 sdd 86008074 19602 6222567870 425827553 10592191 39459488 6663773272 3135969765 111 59206912 3561801390
======================
   8      48 sdd 86008080 19602 6222567918 425828737 10594282 39459502 6665088360 3136578387 104 59211913 3562410746
======================
   8      48 sdd 86008085 19602 6222567958 425829860 10596374 39459515 6666404968 3137197800 95 59216916 3563030337
======================
   8      48 sdd 86008090 19602 6222567998 425830983 10598464 39459528 6667720296 3137812011 88 59221919 3563644685
======================
   8      48 sdd 86008097 19602 6222568054 425832202 10600554 39459541 6669036224 3138415285 151 59226920 3564249522
======================
   8      48 sdd 86008102 19602 6222568094 425833519 10602647 39459556 6670352632 3139048308 140 59231923 3564879764
======================
   8      48 sdd 86008107 19602 6222568134 425834754 10604736 39459569 6671667920 3139669333 134 59236926 3565501607
======================
   8      48 sdd 86008113 19602 6222568182 425836277 10606826 39459578 6672983248 3140268578 156 59241930 3566096525
======================
   8      48 sdd 86008118 19602 6222568222 425837596 10608920 39459594 6674300240 3140876693 144 59246933 3566706147
======================
   8      48 sdd 86008123 19602 6222568262 425838486 10611010 39459604 6675615576 3141501623 147 59251936 3567345804
======================
   8      48 sdd 86008129 19602 6222568310 425839585 10613101 39459617 6676930912 3142121295 131 59256939 3567966056
======================
   8      48 sdd 86008134 19602 6222568350 425840705 10615195 39459629 6678247904 3142744189 142 59261942 3568585901
======================
   8      48 sdd 86008139 19602 6222568390 425841825 10617284 39459642 6679562592 3143366534 131 59266945 3569205721
======================
   8      48 sdd 86008145 19602 6222568438 425842988 10619375 39459656 6680878568 3143978162 150 59271949 3569814681
======================
   8      48 sdd 86008150 19602 6222568478 425844296 10621469 39459668 6682194928 3144598999 141 59276951 3570438829
======================
   8      48 sdd 86008155 19602 6222568518 425845608 10623556 39459682 6683508344 3145235388 131 59281955 3571072015
======================
   8      48 sdd 86008161 19602 6222568566 425846834 10625649 39459695 6684825592 3145861138 153 59286958 3571700723
======================
   8      48 sdd 86008166 19602 6222568606 425847996 10627736 39459707 6686139552 3146493176 85 59291960 3572343031
======================
   8      48 sdd 86008171 19602 6222568646 425849161 10629825 39459720 6687453984 3147111278 105 59296963 3572964594
======================
   8      48 sdd 86008177 19602 6222568694 425850551 10631914 39459733 6688768672 3147718333 125 59301965 3573569069
======================
   8      48 sdd 86008182 19602 6222568734 425851868 10634002 39459736 6690082720 3148319606 141 59306966 3574173357
======================
   8      48 sdd 86008187 19602 6222568774 425853254 10636091 39459749 6691396768 3148920473 129 59311968 3574776520
======================
   8      48 sdd 86008193 19602 6222568822 425854373 10638180 39459762 6692711456 3149535236 157 59316970 3575392915
======================
   8      48 sdd 86008198 19602 6222568862 425855496 10640270 39459774 6694025888 3150149793 144 59321972 3576009905
======================
   8      48 sdd 86008203 19602 6222568902 425856542 10642357 39459787 6695339296 3150771666 154 59326974 3576633828
======================
   8      48 sdd 86008209 19602 6222568950 425857727 10644446 39459800 6696653984 3151381824 145 59331976 3577244447
======================
   8      48 sdd 86008214 19602 6222568990 425858851 10646537 39459813 6697968688 3151998112 148 59336979 3577862877
======================
   8      48 sdd 86008219 19602 6222569030 425859744 10648626 39459826 6699283376 3152635849 136 59341981 3578500970
======================
   8      48 sdd 86008225 19602 6222569078 425860692 10650717 39459839 6700599088 3153261191 156 59346983 3579127410
======================
   8      48 sdd 86008230 19602 6222569118 425861854 10652810 39459853 6701915712 3153879866 150 59351987 3579747708
======================
   8      48 sdd 86008235 19602 6222569158 425863015 10654900 39459866 6703231040 3154501482 136 59356990 3580369969
======================
   8      48 sdd 86008241 19602 6222569206 425864148 10656992 39459879 6704547392 3155123175 130 59361993 3580992379
======================
   8      48 sdd 86008246 19602 6222569246 425865157 10659085 39459891 6705863872 3155764522 142 59366996 3581634686
======================
   8      48 sdd 86008251 19602 6222569286 425866559 10661174 39459904 6707178688 3156375848 151 59372000 3582247903
======================
   8      48 sdd 86008257 19602 6222569334 425867594 10663266 39459917 6708495040 3157001824 139 59377003 3582874729
======================
   8      48 sdd 86008262 19602 6222569374 425868831 10665357 39459929 6709810368 3157621504 130 59382006 3583495404
======================
   8      48 sdd 86008267 19602 6222569414 425869912 10667447 39459942 6711125696 3158249926 145 59387009 3584125451
======================
   8      48 sdd 86008802 19602 6222680776 425871579 10668849 39459965 6711999856 3158644332 2 59390779 3584496640
======================
   8      48 sdd 86012967 19602 6223746504 425881230 10668849 39459965 6711999856 3158644332 2 59395815 3584506279
======================
   8      48 sdd 86017839 19602 6224993224 425890755 10668852 39459967 6711999896 3158644332 2 59400818 3584515788
======================
   8      48 sdd 86022693 19602 6226235848 425900274 10668852 39459967 6711999896 3158644332 2 59405821 3584525297
======================
   8      48 sdd 86027554 19602 6227480008 425909805 10668852 39459967 6711999896 3158644332 2 59410825 3584534821
======================
   8      48 sdd 86032416 19602 6228724424 425919323 10668852 39459967 6711999896 3158644332 2 59415829 3584544331
======================
   8      48 sdd 86037285 19602 6229970632 425928811 10668852 39459967 6711999896 3158644332 2 59420832 3584553809
started
======================
   8      48 sdd 86041148 19602 6230959304 425936376 10668852 39459967 6711999896 3158644332 0 59424812 3584561368
======================
   8      48 sdd 86156832 19602 6231884792 426091865 10668854 39459967 6711999912 3158644332 31 59429752 3584717237
======================
   8      48 sdd 86273880 19602 6232821712 426249622 10668854 39459967 6711999912 3158644332 31 59434755 3584875535
======================
   8      48 sdd 86392350 19602 6233770304 426407422 10668854 39459967 6711999912 3158644332 32 59439760 3585033791
======================
   8      48 sdd 86511332 19602 6234724000 426564993 10668854 39459967 6711999912 3158644332 32 59444764 3585191792
======================
   8      48 sdd 86630146 19602 6235677056 426722646 10668854 39459967 6711999912 3158644332 32 59449767 3585349675
======================
   8      48 sdd 86748716 19602 6236629136 426880026 10668854 39459967 6711999912 3158644332 32 59454764 3585507527
======================
   8      48 sdd 86865541 19602 6237568688 427037673 10668854 39459967 6711999912 3158644332 32 59459766 3585665814
======================
   8      48 sdd 86982422 19602 6238509432 427195399 10668854 39459967 6711999912 3158644332 31 59464770 3585823859
======================
   8      48 sdd 87099954 19602 6239456544 427353424 10668854 39459967 6711999912 3158644332 30 59469779 3585982283
======================
   8      48 sdd 87218584 19602 6240412536 427510973 10668854 39459967 6711999912 3158644332 28 59474782 3586140124
======================
   8      48 sdd 87337313 19602 6241369048 427668803 10668854 39459967 6711999912 3158644332 31 59479788 3586298437
======================
   8      48 sdd 87456003 19602 6242325240 427826561 10668854 39459967 6711999912 3158644332 31 59484791 3586456739
======================
   8      48 sdd 87573746 19602 6243273776 427984298 10668854 39459967 6711999912 3158644332 32 59489794 3586615045
======================
   8      48 sdd 87690484 19602 6244215096 428142196 10668854 39459967 6711999912 3158644332 31 59494797 3586773240
======================
   8      48 sdd 87807705 19602 6245160664 428299965 10668854 39459967 6711999912 3158644332 31 59499800 3586931299
======================
   8      48 sdd 87925100 19602 6246107320 428457781 10668854 39459967 6711999912 3158644332 30 59504804 3587089703
======================
   8      48 sdd 88042349 19602 6247052256 428615570 10668854 39459967 6711999912 3158644332 32 59509810 3587247910
======================
   8      48 sdd 88159937 19602 6248000560 428773415 10668854 39459967 6711999912 3158644332 32 59514814 3587406261
======================
   8      48 sdd 88277674 19602 6248950592 428931155 10668854 39459967 6711999912 3158644332 32 59519817 3587564152
======================
   8      48 sdd 88394866 19602 6249895968 429089035 10668854 39459967 6711999912 3158644332 31 59524823 3587722457
======================
   8      48 sdd 88512356 19602 6250843136 429246841 10668854 39459967 6711999912 3158644332 32 59529827 3587880722
======================
   8      48 sdd 88630043 19602 6251792304 429404577 10668854 39459967 6711999912 3158644332 32 59534830 3588038719
======================
   8      48 sdd 88748531 19602 6252747784 429562213 10668854 39459967 6711999912 3158644332 32 59539833 3588197086
======================
   8      48 sdd 88865746 19602 6253693576 429720040 10668854 39459967 6711999912 3158644332 31 59544836 3588355218
======================
   8      48 sdd 88982545 19602 6254635720 429877780 10668854 39459967 6711999912 3158644332 32 59549842 3588513366
======================
   8      48 sdd 89099953 19602 6255583288 430035576 10668854 39459967 6711999912 3158644332 32 59554846 3588671579
======================
   8      48 sdd 89218308 19602 6256537592 430193336 10668854 39459967 6711999912 3158644332 32 59559851 3588829729
======================
   8      48 sdd 89335775 19602 6257484296 430351032 10668854 39459967 6711999912 3158644332 30 59564854 3588987866
======================
   8      48 sdd 89453271 19602 6258431240 430508774 10668854 39459967 6711999912 3158644332 29 59569857 3589146002
======================
   8      48 sdd 89570574 19602 6259377104 430666557 10668854 39459967 6711999912 3158644332 34 59574860 3589304228
======================
   8      48 sdd 89687278 19602 6260318136 430824260 10668854 39459967 6711999912 3158644332 32 59579864 3589462296
======================
   8      48 sdd 89804732 19602 6261265536 430982082 10668854 39459967 6711999912 3158644332 32 59584869 3589620462
======================
   8      48 sdd 89922913 19602 6262218520 431139771 10668854 39459967 6711999912 3158644332 32 59589873 3589778567
======================
   8      48 sdd 90041484 19602 6263175384 431297563 10668854 39459967 6711999912 3158644332 32 59594877 3589936728
======================
   8      48 sdd 90158997 19602 6264123144 431455277 10668854 39459967 6711999912 3158644332 32 59599882 3590094959
======================
   8      48 sdd 90276458 19602 6265069784 431612975 10668854 39459967 6711999912 3158644332 32 59604887 3590253138
======================
   8      48 sdd 90393281 19602 6266011528 431770773 10668854 39459967 6711999912 3158644332 32 59609892 3590411385
======================
   8      48 sdd 90510081 19602 6266953416 431928566 10668854 39459967 6711999912 3158644332 32 59614897 3590569897
======================
   8      48 sdd 90627610 19602 6267900616 432086227 10668854 39459967 6711999912 3158644332 32 59619900 3590727935
======================
   8      48 sdd 90746126 19602 6268856320 432243989 10668854 39459967 6711999912 3158644332 32 59624905 3590886297
======================
   8      48 sdd 90864704 19602 6269811736 432401652 10668854 39459967 6711999912 3158644332 32 59629909 3591044370
======================
   8      48 sdd 90982037 19602 6270757912 432559402 10668854 39459967 6711999912 3158644332 30 59634913 3591202431
======================
   8      48 sdd 91098748 19602 6271698672 432717234 10668854 39459967 6711999912 3158644332 31 59639918 3591360560
======================
   8      48 sdd 91216069 19602 6272644760 432875089 10668854 39459967 6711999912 3158644332 32 59644923 3591518782
======================
   8      48 sdd 91333265 19602 6273589824 433032770 10668854 39459967 6711999912 3158644332 32 59649929 3591676938
======================
   8      48 sdd 91450877 19602 6274537968 433190631 10668854 39459967 6711999912 3158644332 32 59654932 3591835153
======================
   8      48 sdd 91569514 19602 6275494552 433348381 10668854 39459967 6711999912 3158644332 32 59659936 3591993342
======================
   8      48 sdd 91688073 19602 6276450416 433506245 10668854 39459967 6711999912 3158644332 32 59664941 3592151734
======================
   8      48 sdd 91805000 19602 6277392704 433663969 10668854 39459967 6711999912 3158644332 32 59669944 3592310144
======================
   8      48 sdd 91921844 19602 6278334776 433821825 10668854 39459967 6711999912 3158644332 32 59674948 3592468572
======================
   8      48 sdd 92039966 19602 6279287728 433979596 10668854 39459967 6711999912 3158644332 32 59679955 3592627004
======================
   8      48 sdd 92157347 19602 6280234136 434137324 10668854 39459967 6711999912 3158644332 32 59684958 3592785062
======================
   8      48 sdd 92273169 19602 6281168272 434295056 10668854 39459967 6711999912 3158644332 32 59689963 3592943295
======================
   8      48 sdd 92389472 19602 6282106032 434452811 10668854 39459967 6711999912 3158644332 31 59694967 3593101626
======================
   8      48 sdd 92505834 19602 6283044840 434610744 10668854 39459967 6711999912 3158644332 31 59699970 3593259954
======================
   8      48 sdd 92621887 19602 6283979848 434768503 10668854 39459967 6711999912 3158644332 30 59704973 3593418230
======================
   8      48 sdd 92738731 19602 6284922232 434926340 10668854 39459967 6711999912 3158644332 31 59709977 3593576543
======================
   8      48 sdd 92856563 19602 6285872136 435084142 10668854 39459967 6711999912 3158644332 32 59714981 3593734965
======================
   8      48 sdd 92974049 19602 6286819192 435242034 10668854 39459967 6711999912 3158644332 31 59719987 3593893349
======================
   8      48 sdd 93092179 19602 6287771464 435399762 10668854 39459967 6711999912 3158644332 32 59724993 3594051517
======================
   8      48 sdd 93209336 19602 6288716424 435557569 10668854 39459967 6711999912 3158644332 32 59729997 3594209821
======================
   8      48 sdd 93325664 19602 6289654544 435715414 10668854 39459967 6711999912 3158644332 30 59735001 3594368253
======================
   8      48 sdd 93442387 19602 6290595680 435873231 10668854 39459967 6711999912 3158644332 32 59740006 3594526594
======================
   8      48 sdd 93559163 19602 6291537616 436031127 10668854 39459967 6711999912 3158644332 32 59745012 3594684953
======================
   8      48 sdd 93677090 19602 6292488016 436188810 10668854 39459967 6711999912 3158644332 32 59750015 3594843268
======================
   8      48 sdd 93795636 19602 6293443568 436346645 10668854 39459967 6711999912 3158644332 32 59755019 3595001439
======================
   8      48 sdd 93913402 19602 6294392352 436504408 10668854 39459967 6711999912 3158644332 32 59760022 3595159492
======================
   8      48 sdd 94030342 19602 6295335176 436662090 10668854 39459967 6711999912 3158644332 25 59765028 3595317634
======================
   8      48 sdd 94148591 19602 6296288560 436819866 10668854 39459967 6711999912 3158644332 28 59770031 3595475708
======================
   8      48 sdd 94265975 19602 6297234616 436977682 10668854 39459967 6711999912 3158644332 32 59775035 3595634059
======================
   8      48 sdd 94383687 19602 6298183240 437135430 10668854 39459967 6711999912 3158644332 31 59780040 3595792252
======================
   8      48 sdd 94502367 19602 6299139984 437293192 10668854 39459967 6711999912 3158644332 32 59785044 3595950750
======================
   8      48 sdd 94620020 19602 6300087928 437450839 10668854 39459967 6711999912 3158644332 32 59790049 3596108974
======================
   8      48 sdd 94736899 19602 6301029896 437608544 10668854 39459967 6711999912 3158644332 32 59795053 3596267191
======================
   8      48 sdd 94855038 19602 6301982752 437766149 10668854 39459967 6711999912 3158644332 31 59800060 3596425619
======================
   8      48 sdd 94973698 19602 6302939608 437923994 10668854 39459967 6711999912 3158644332 32 59805065 3596583990
======================
   8      48 sdd 95091116 19602 6303886080 438082184 10668854 39459967 6711999912 3158644332 28 59810082 3596742929
======================
   8      48 sdd 95208874 19602 6304835048 438239891 10668854 39459967 6711999912 3158644332 30 59815085 3596901145
======================
   8      48 sdd 95326785 19602 6305785216 438397430 10668854 39459967 6711999912 3158644332 32 59820088 3597059301
======================
   8      48 sdd 95443751 19602 6306727928 438555163 10668854 39459967 6711999912 3158644332 31 59825092 3597217472
======================
   8      48 sdd 95562138 19602 6307682600 438712849 10668854 39459967 6711999912 3158644332 32 59830097 3597375762
======================
   8      48 sdd 95680868 19602 6308639328 438870637 10668854 39459967 6711999912 3158644332 32 59835100 3597533992
======================
   8      48 sdd 95799222 19602 6309593504 439028380 10668854 39459967 6711999912 3158644332 32 59840104 3597692273
======================
   8      48 sdd 95916882 19602 6310542168 439186130 10668854 39459967 6711999912 3158644332 32 59845108 3597850506
======================
   8      48 sdd 96033670 19602 6311483416 439344038 10668854 39459967 6711999912 3158644332 32 59850112 3598009016
======================
   8      48 sdd 96150494 19602 6312424416 439501841 10668854 39459967 6711999912 3158644332 32 59855117 3598167656
======================
   8      48 sdd 96267702 19602 6313369800 439659595 10668854 39459967 6711999912 3158644332 30 59860122 3598325830
======================
   8      48 sdd 96384905 19602 6314314752 439817339 10668854 39459967 6711999912 3158644332 29 59865126 3598484012
======================
   8      48 sdd 96502253 19602 6315261184 439975274 10668854 39459967 6711999912 3158644332 32 59870129 3598642409
======================
   8      48 sdd 96619823 19602 6316208800 440132902 10668854 39459967 6711999912 3158644332 30 59875132 3598800445
======================
   8      48 sdd 96736443 19602 6317149152 440290545 10668854 39459967 6711999912 3158644332 32 59880136 3598958344
======================
   8      48 sdd 96853335 19602 6318091208 440448269 10668854 39459967 6711999912 3158644332 32 59885139 3599116486
======================
   8      48 sdd 96971547 19602 6319043896 440606284 10668854 39459967 6711999912 3158644332 33 59890142 3599274907
======================
   8      48 sdd 97088967 19602 6319990704 440763936 10668854 39459967 6711999912 3158644332 29 59895149 3599433349
======================
   8      48 sdd 97207358 19602 6320945240 440921472 10668854 39459967 6711999912 3158644332 32 59900154 3599591204
======================
   8      48 sdd 97324788 19602 6321892432 441079426 10668854 39459967 6711999912 3158644332 32 59905158 3599749592
======================
   8      48 sdd 97441812 19602 6322835128 441237090 10668854 39459967 6711999912 3158644332 32 59910161 3599907813
======================
   8      48 sdd 97558588 19602 6323776632 441394806 10668854 39459967 6711999912 3158644332 32 59915165 3600066328
======================
   8      48 sdd 97676212 19602 6324725320 441552492 10668854 39459967 6711999912 3158644332 32 59920168 3600224448
======================
   8      48 sdd 97794995 19602 6325682736 441710083 10668854 39459967 6711999912 3158644332 32 59925176 3600382395
======================
   8      48 sdd 97913509 19602 6326638000 441867926 10668854 39459967 6711999912 3158644332 29 59930179 3600540590
======================
   8      48 sdd 98031292 19602 6327587384 442025613 10668854 39459967 6711999912 3158644332 32 59935183 3600698762
======================
   8      48 sdd 98148982 19602 6328535616 442183199 10668854 39459967 6711999912 3158644332 32 59940188 3600856811
======================
   8      48 sdd 98265911 19602 6329478552 442341072 10668854 39459967 6711999912 3158644332 32 59945192 3601015234
======================
   8      48 sdd 98383233 19602 6330424152 442498953 10668854 39459967 6711999912 3158644332 32 59950198 3601173655
======================
   8      48 sdd 98500876 19602 6331372864 442656612 10668854 39459967 6711999912 3158644332 32 59955203 3601331983
======================
   8      48 sdd 98619610 19602 6332329816 442814267 10668854 39459967 6711999912 3158644332 32 59960206 3601490086
======================
   8      48 sdd 98738183 19602 6333286504 442972010 10668854 39459967 6711999912 3158644332 32 59965212 3601648197
======================
   8      48 sdd 98855819 19602 6334235864 443129924 10668854 39459967 6711999912 3158644332 32 59970216 3601806480
======================
   8      48 sdd 98972642 19602 6335177552 443287706 10668854 39459967 6711999912 3158644332 31 59975220 3601964653
======================
   8      48 sdd 99090551 19602 6336127904 443445307 10668854 39459967 6711999912 3158644332 30 59980223 3602122478
======================
   8      48 sdd 99208036 19602 6337074728 443603213 10668854 39459967 6711999912 3158644332 32 59985227 3602280746
======================
   8      48 sdd 99325722 19602 6338023504 443760827 10668854 39459967 6711999912 3158644332 32 59990231 3602438757
======================
   8      48 sdd 99444390 19602 6338979992 443918626 10668854 39459967 6711999912 3158644332 32 59995236 3602596891
======================
   8      48 sdd 99561986 19602 6339927584 444076307 10668854 39459967 6711999912 3158644332 32 60000240 3602755276
======================
   8      48 sdd 99679376 19602 6340874056 444233982 10668854 39459967 6711999912 3158644332 30 60005244 3602913408
======================
   8      48 sdd 99797366 19602 6341824800 444391680 10668854 39459967 6711999912 3158644332 32 60010250 3603071592
======================
   8      48 sdd 99914774 19602 6342771648 444549354 10668854 39459967 6711999912 3158644332 32 60015256 3603229849
======================
   8      48 sdd 100032096 19602 6343718256 444707175 10668854 39459967 6711999912 3158644332 32 60020260 3603388068
======================
   8      48 sdd 100149760 19602 6344666864 444864957 10668854 39459967 6711999912 3158644332 32 60025264 3603546244
======================
   8      48 sdd 100267499 19602 6345615912 445022770 10668854 39459967 6711999912 3158644332 29 60030268 3603704437
======================
   8      48 sdd 100384910 19602 6346562928 445180355 10668854 39459967 6711999912 3158644332 28 60035271 3603862446
======================
   8      48 sdd 100502889 19602 6347514840 445338060 10668854 39459967 6711999912 3158644332 29 60040274 3604020453
======================
   8      48 sdd 100620129 19602 6348460288 445495810 10668854 39459967 6711999912 3158644332 32 60045278 3604178676
======================
   8      48 sdd 100737451 19602 6349406120 445653558 10668854 39459967 6711999912 3158644332 31 60050283 3604336825
