======================
   8      16 sdb 1969565 0 503342866 3680690 837526 2936427 527118344 193105644 33 3356475 196780868
======================
   8      16 sdb 1969687 0 503343842 3691626 839879 2936427 528601224 193555927 66 3361372 197255847
======================
   8      16 sdb 1969694 0 503343898 3693087 842413 2936453 530191408 194178938 150 3366376 197868608
======================
   8      16 sdb 1969701 0 503343954 3695115 844939 2936468 531781440 194675503 133 3371379 198377452
======================
   8      16 sdb 1969707 0 503344002 3696977 847460 2936483 533367640 195234826 142 3376380 198945005
======================
   8      16 sdb 1969713 0 503344050 3698866 849845 2936498 534868712 195788030 1 3381386 199480145
======================
   8      16 sdb 1969720 0 503344106 3701106 852506 2936512 536543224 196300831 156 3386393 200015416
======================
   8      16 sdb 1969726 0 503344154 3702765 855041 2936527 538139016 196862615 132 3391396 200578999
======================
   8      16 sdb 1969733 0 503344210 3704597 857572 2936542 539732248 197397500 150 3396399 201115603
======================
   8      16 sdb 1969739 0 503344258 3706156 860098 2936556 541321640 197952336 136 3401402 201672296
======================
   8      16 sdb 1969746 0 503344314 3708353 862614 2936572 542905920 198468770 119 3406405 202187909
======================
   8      16 sdb 1969752 0 503344362 3710236 865136 2936587 544491488 199031956 98 3411408 202753269
======================
   8      16 sdb 1969759 0 503344418 3712151 867668 2936602 546085360 199587184 147 3416410 203308296
======================
   8      16 sdb 1969766 0 503344474 3714013 870156 2936617 547651328 200112489 155 3421414 203839417
======================
   8      16 sdb 1969772 0 503344522 3715822 872688 2936631 549244560 200668009 155 3426416 204382908
======================
   8      16 sdb 1969779 0 503344578 3717940 875199 2936646 550825248 201159622 156 3431418 204880784
======================
   8      16 sdb 1969784 0 503344618 3719310 877704 2936660 552401200 201714848 1 3436422 205427485
======================
   8      16 sdb 1969791 0 503344674 3721383 880267 2936677 554014672 202271760 131 3441426 206005813
======================
   8      16 sdb 1969798 0 503344730 3723516 882784 2936692 555598944 202800847 139 3446428 206537039
======================
   8      16 sdb 1969804 0 503344778 3725154 885315 2936707 557192176 203368590 155 3451430 207100443
======================
   8      16 sdb 1969811 0 503344834 3727090 887829 2936723 558774792 203908158 146 3456434 207646197
======================
   8      16 sdb 1969817 0 503344882 3728764 890364 2936737 560369056 204490938 147 3461437 208233213
======================
   8      16 sdb 1969823 0 503344930 3730351 892887 2936752 561957168 205082999 130 3466438 208825952
======================
   8      16 sdb 1969830 0 503344986 3732565 895328 2936766 563493184 205582982 147 3471441 209327816
======================
   8      16 sdb 1969836 0 503345034 3733873 897816 2936781 565059152 206190188 158 3476444 209930051
======================
   8      16 sdb 1969843 0 503345090 3735319 900283 2936796 566611936 206766253 131 3481447 210516338
======================
   8      16 sdb 1969849 0 503345138 3737081 902759 2936810 568169840 207343834 135 3486449 211095354
======================
   8      16 sdb 1969855 0 503345186 3738742 905258 2936825 569742848 207908246 140 3491452 211660049
======================
   8      16 sdb 1969862 0 503345242 3740471 907717 2936839 571290128 208461827 144 3496455 212214833
======================
   8      16 sdb 1969868 0 503345290 3742354 910205 2936854 572856096 209022134 131 3501458 212771499
======================
   8      16 sdb 1969874 0 503345338 3744289 912651 2936869 574395696 209532594 19 3506460 213274760
======================
   8      16 sdb 1969880 0 503345386 3746265 915144 2936884 575963600 210085964 27 3511463 213831845
======================
   8      16 sdb 1969887 0 503345442 3748253 917625 2936899 577525984 210634822 146 3516468 214389734
======================
   8      16 sdb 1969893 0 503345490 3749817 920088 2936913 579075184 211186631 82 3521470 214945468
======================
   8      16 sdb 1969899 0 503345538 3751244 922581 2936928 580644352 211773376 88 3526473 215534893
======================
   8      16 sdb 1969906 0 503345594 3753354 925045 2936943 582195216 212314832 123 3531475 216081713
======================
   8      16 sdb 1969912 0 503345642 3755050 927531 2936957 583759520 212902629 137 3536478 216670522
======================
   8      16 sdb 1969918 0 503345690 3756825 929999 2936972 585312944 213460796 148 3541481 217231500
======================
   8      16 sdb 1969925 0 503345746 3759312 932439 2936986 586848064 213937274 143 3546482 217711650
======================
   8      16 sdb 1969931 0 503345794 3760958 934902 2937001 588398544 214513394 129 3551483 218286986
======================
   8      16 sdb 1969938 0 503345850 3762854 937335 2937016 589929824 215062271 153 3556485 218822475
======================
   8      16 sdb 1969944 0 503345898 3764483 939819 2937031 591492224 215642007 140 3561488 219416674
======================
   8      16 sdb 1969950 0 503345946 3765956 942261 2937046 593029264 216231903 157 3566490 220000107
======================
   8      16 sdb 1969956 0 503345994 3767705 944704 2937060 594566304 216774474 19 3571492 220540149
======================
   8      16 sdb 1969962 0 503346042 3769563 947149 2937075 596105264 217333769 73 3576493 221111769
======================
   8      16 sdb 1969968 0 503346090 3771078 949623 2937090 597662528 217918656 98 3581496 221701376
======================
   8      16 sdb 1969975 0 503346146 3773219 952046 2937104 599187024 218450210 155 3586499 222236255
======================
   8      16 sdb 1969981 0 503346194 3774734 954519 2937119 600743648 219035946 158 3591501 222823842
======================
   8      16 sdb 1969988 0 503346250 3776770 956946 2937133 602270704 219564098 137 3596503 223353733
======================
   8      16 sdb 1969994 0 503346298 3778482 959387 2937148 603807104 220141846 131 3601506 223934485
======================
   8      16 sdb 1970000 0 503346346 3779977 961843 2937163 605353104 220745795 138 3606509 224535848
======================
   8      16 sdb 1970006 0 503346394 3781871 964215 2937178 606844848 221286662 88 3611512 225078476
======================
   8      16 sdb 1970012 0 503346442 3783656 966620 2937188 608359056 221850501 151 3616515 225646432
======================
   8      16 sdb 1970019 0 503346498 3785929 968965 2937202 609835032 222372015 155 3621517 226156955
======================
   8      16 sdb 1970024 0 503346538 3787209 971357 2937215 611339936 222956720 1 3626518 226736627
======================
   8      16 sdb 1970030 0 503346586 3788797 973761 2937229 612853160 223526022 96 3631521 227319183
======================
   8      16 sdb 1970037 0 503346642 3790906 976120 2937244 614338104 224042031 146 3636524 227848071
======================
   8      16 sdb 1970043 0 503346690 3792872 978490 2937258 615829192 224619957 148 3641527 228406652
======================
   8      16 sdb 1970048 0 503346730 3794185 980910 2937263 617353336 225225559 1 3646530 229012546
======================
   8      16 sdb 1970055 0 503346786 3796450 983288 2937279 618849560 225742508 123 3651532 229551139
======================
   8      16 sdb 1970061 0 503346834 3798195 985675 2937294 620351912 226309480 152 3656535 230122785
======================
   8      16 sdb 1970068 0 503346890 3800396 988068 2937309 621858360 226838028 130 3661538 230637273
======================
   8      16 sdb 1970073 0 503346930 3801978 990459 2937324 623362008 227419239 35 3666541 231222658
======================
   8      16 sdb 1970079 0 503346978 3804074 992871 2937339 624880104 227961958 122 3671543 231779603
======================
   8      16 sdb 1970086 0 503347034 3806415 995205 2937354 626349048 228475083 136 3676546 232295514
======================
   8      16 sdb 1970092 0 503347082 3808126 997624 2937369 627871880 229043213 143 3681548 232863711
======================
   8      16 sdb 1970098 0 503347130 3809670 999968 2937384 629347224 229614197 106 3686551 233436027
======================
   8      16 sdb 1970104 0 503347178 3811094 1002343 2937396 630841240 230195814 157 3691554 234021738
======================
   8      16 sdb 1970110 0 503347226 3812872 1004735 2937411 632346792 230749377 154 3696555 234575472
======================
   8      16 sdb 1970116 0 503347274 3814487 1007082 2937426 633824056 231304567 74 3701556 235127759
======================
   8      16 sdb 1970122 0 503347322 3816306 1009474 2937440 635328968 231890400 138 3706559 235720830
======================
   8      16 sdb 1970128 0 503347370 3818189 1011834 2937455 636814552 232458319 129 3711563 236290910
======================
   8      16 sdb 1970134 0 503347418 3820045 1014202 2937470 638303736 233013965 38 3716566 236836155
======================
   8      16 sdb 1970140 0 503347466 3822075 1016533 2937485 639770760 233565480 141 3721567 237402512
======================
   8      16 sdb 1970147 0 503347522 3824408 1018852 2937500 641230360 234088878 130 3726570 237920801
======================
   8      16 sdb 1970152 0 503347562 3825757 1021189 2937513 642700832 234682706 133 3731574 238521940
======================
   8      16 sdb 1970158 0 503347610 3827892 1023527 2937526 644172320 235198528 147 3736575 239039464
======================
   8      16 sdb 1970164 0 503347658 3829452 1025864 2937540 645642544 235777137 41 3741578 239609252
======================
   8      16 sdb 1970170 0 503347706 3831226 1028190 2937553 647106608 236318679 158 3746580 240164486
======================
   8      16 sdb 1970176 0 503347754 3833119 1030538 2937568 648584256 236872622 157 3751584 240712899
======================
   8      16 sdb 1970182 0 503347802 3834930 1032860 2937582 650045136 237398407 127 3756587 241247101
======================
   8      16 sdb 1970188 0 503347850 3836602 1035206 2937595 651521744 237955978 133 3761589 241803802
======================
   8      16 sdb 1970194 0 503347898 3838228 1037496 2937618 652959312 238503236 0 3766528 242333704
started
======================
   8      16 sdb 1973774 0 504241004 3843937 1037502 2937618 652959360 238503236 2 3769349 242339411
======================
   8      16 sdb 1978958 0 505567340 3853384 1037505 2937620 652959400 238503236 2 3774387 242348853
======================
   8      16 sdb 1985198 0 507164780 3862751 1037505 2937620 652959400 238503236 2 3779389 242358212
======================
   8      16 sdb 1991463 0 508768364 3872113 1037505 2937620 652959400 238503236 2 3784393 242367560
======================
   8      16 sdb 1997688 0 510361452 3881490 1037505 2937620 652959400 238503236 2 3789395 242376926
======================
   8      16 sdb 2003959 0 511966572 3890868 1037505 2937620 652959400 238503236 2 3794399 242386292
======================
   8      16 sdb 2010174 0 513557612 3900222 1037505 2937620 652959400 238503236 2 3799398 242395637
======================
   8      16 sdb 2016441 0 515161708 3909590 1037505 2937620 652959400 238503236 2 3804407 242404992
======================
   8      16 sdb 2022712 0 516767084 3918935 1037507 2937620 652959416 238503236 2 3809410 242414336
======================
   8      16 sdb 2028918 0 518355820 3928301 1037507 2937620 652959416 238503236 2 3814414 242423698
======================
   8      16 sdb 2035184 0 519959660 3937655 1037507 2937620 652959416 238503236 2 3819417 242433040
======================
   8      16 sdb 2041413 0 521554284 3947019 1037507 2937620 652959416 238503236 2 3824420 242442393
======================
   8      16 sdb 2047649 0 523150444 3956381 1037507 2937620 652959416 238503236 2 3829425 242451746
======================
   8      16 sdb 2053923 0 524756588 3965727 1037507 2937620 652959416 238503236 2 3834429 242461087
======================
   8      16 sdb 2060152 0 526351212 3975085 1037507 2937620 652959416 238503236 2 3839431 242470437
======================
   8      16 sdb 2066391 0 527948396 3984427 1037507 2937620 652959416 238503236 2 3844434 242479769
======================
   8      16 sdb 2072641 0 529548140 3993775 1037507 2937620 652959416 238503236 2 3849437 242489108
======================
   8      16 sdb 2078865 0 531141228 4003142 1037507 2937620 652959416 238503236 2 3854442 242498466
======================
   8      16 sdb 2085117 0 532741996 4012490 1037507 2937620 652959416 238503236 2 3859446 242507809
======================
   8      16 sdb 2091331 0 534332268 4021846 1037507 2937620 652959416 238503236 2 3864449 242517155
======================
   8      16 sdb 2097592 0 535934828 4031193 1037507 2937620 652959416 238503236 2 3869452 242526496
======================
   8      16 sdb 2103801 0 537524332 4040539 1037507 2937620 652959416 238503236 2 3874456 242535834
======================
   8      16 sdb 2109903 0 539086188 4049920 1037507 2937620 652959416 238503236 2 3879460 242545203
======================
   8      16 sdb 2116048 0 540659308 4059278 1037507 2937620 652959416 238503236 2 3884463 242554552
======================
   8      16 sdb 2122142 0 542219372 4068682 1037507 2937620 652959416 238503236 1 3889467 242563951
======================
   8      16 sdb 2128274 0 543788908 4078027 1037507 2937620 652959416 238503236 1 3894471 242573291
======================
   8      16 sdb 2134371 0 545349740 4087414 1037507 2937620 652959416 238503236 2 3899474 242582668
======================
   8      16 sdb 2140481 0 546913644 4096777 1037507 2937620 652959416 238503236 2 3904478 242592025
======================
   8      16 sdb 2146603 0 548480876 4106149 1037507 2937620 652959416 238503236 2 3909482 242601386
======================
   8      16 sdb 2152732 0 550049900 4115523 1037507 2937620 652959416 238503236 2 3914485 242610746
======================
   8      16 sdb 2158841 0 551613548 4124883 1037507 2937620 652959416 238503236 2 3919489 242620101
======================
   8      16 sdb 2164950 0 553177452 4134244 1037507 2937620 652959416 238503236 2 3924492 242629449
======================
   8      16 sdb 2171072 0 554744428 4143607 1037507 2937620 652959416 238503236 2 3929496 242638801
======================
   8      16 sdb 2177187 0 556309868 4152995 1037507 2937620 652959416 238503236 2 3934503 242648179
======================
   8      16 sdb 2183335 0 557883756 4162358 1037507 2937620 652959416 238503236 2 3939506 242657538
======================
   8      16 sdb 2189446 0 559447916 4171728 1037507 2937620 652959416 238503236 2 3944509 242666902
======================
   8      16 sdb 2195537 0 561007212 4181091 1037507 2937620 652959416 238503236 2 3949513 242676255
======================
   8      16 sdb 2201624 0 562565228 4190461 1037507 2937620 652959416 238503236 1 3954517 242685615
======================
   8      16 sdb 2207647 0 564106860 4199869 1037507 2937620 652959416 238503236 1 3959521 242695017
======================
   8      16 sdb 2213734 0 565665132 4209230 1037507 2937620 652959416 238503236 2 3964524 242704369
======================
   8      16 sdb 2219770 0 567210092 4218590 1037507 2937620 652959416 238503236 2 3969528 242713719
======================
   8      16 sdb 2225832 0 568761964 4227962 1037507 2937620 652959416 238503236 2 3974531 242723081
======================
   8      16 sdb 2231887 0 570311788 4237338 1037507 2937620 652959416 238503236 2 3979535 242732454
======================
   8      16 sdb 2237911 0 571853932 4246740 1037507 2937620 652959416 238503236 2 3984543 242741843
======================
   8      16 sdb 2244001 0 573412972 4256093 1037507 2937620 652959416 238503236 2 3989547 242751189
======================
   8      16 sdb 2250031 0 574956396 4265468 1037507 2937620 652959416 238503236 1 3994551 242760558
======================
   8      16 sdb 2256116 0 576514156 4274872 1037507 2937620 652959416 238503236 2 3999555 242769953
======================
   8      16 sdb 2262160 0 578061164 4284253 1037507 2937620 652959416 238503236 2 4004558 242779322
======================
   8      16 sdb 2268236 0 579616620 4293609 1037507 2937620 652959416 238503236 1 4009562 242788669
======================
   8      16 sdb 2274262 0 581159276 4302974 1037507 2937620 652959416 238503236 1 4014566 242798031
======================
   8      16 sdb 2280166 0 582670444 4312366 1037507 2937620 652959416 238503236 2 4019569 242807409
======================
   8      16 sdb 2286120 0 584194668 4321756 1037507 2937620 652959416 238503236 1 4024572 242816790
======================
   8      16 sdb 2291995 0 585698668 4331146 1037507 2937620 652959416 238503236 2 4029576 242826176
======================
   8      16 sdb 2297913 0 587213420 4340540 1037507 2937620 652959416 238503236 2 4034579 242835555
======================
   8      16 sdb 2303787 0 588716908 4349918 1037507 2937620 652959416 238503236 2 4039582 242844928
======================
   8      16 sdb 2309688 0 590227308 4359311 1037507 2937620 652959416 238503236 2 4044586 242854318
======================
   8      16 sdb 2315582 0 591736172 4368711 1037507 2937620 652959416 238503236 2 4049589 242863708
======================
   8      16 sdb 2321524 0 593256820 4378098 1037507 2937620 652959416 238503236 2 4054592 242873089
======================
   8      16 sdb 2327423 0 594766708 4387493 1037507 2937620 652959416 238503236 2 4059596 242882480
======================
   8      16 sdb 2333292 0 596269172 4396893 1037507 2937620 652959416 238503236 2 4064599 242891866
======================
   8      16 sdb 2339217 0 597785716 4406274 1037507 2937620 652959416 238503236 2 4069602 242901234
======================
   8      16 sdb 2345094 0 599290228 4415664 1037507 2937620 652959416 238503236 2 4074606 242910621
======================
   8      16 sdb 2351033 0 600810612 4425056 1037507 2937620 652959416 238503236 2 4079609 242920007
======================
   8      16 sdb 2356881 0 602307444 4434449 1037507 2937620 652959416 238503236 2 4084612 242929387
======================
   8      16 sdb 2362821 0 603828084 4443842 1037507 2937620 652959416 238503236 2 4089615 242938770
======================
   8      16 sdb 2368667 0 605324660 4453243 1037507 2937620 652959416 238503236 2 4094619 242948165
======================
   8      16 sdb 2374503 0 606818420 4462616 1037507 2937620 652959416 238503236 2 4099622 242957532
======================
   8      16 sdb 2380416 0 608332148 4472012 1037507 2937620 652959416 238503236 1 4104626 242966916
======================
   8      16 sdb 2386249 0 609825140 4481408 1037507 2937620 652959416 238503236 1 4109629 242976298
======================
   8      16 sdb 2392160 0 611338356 4490792 1037507 2937620 652959416 238503236 2 4114633 242985677
======================
   8      16 sdb 2398004 0 612834420 4500195 1037507 2937620 652959416 238503236 1 4119637 242995069
======================
   8      16 sdb 2403898 0 614343028 4509586 1037507 2937620 652959416 238503236 1 4124640 243004451
======================
   8      16 sdb 2409646 0 615814516 4519008 1037507 2937620 652959416 238503236 2 4129643 243013864
======================
   8      16 sdb 2415411 0 617290100 4528393 1037507 2937620 652959416 238503236 2 4134646 243023242
======================
   8      16 sdb 2421200 0 618772084 4537802 1037507 2937620 652959416 238503236 2 4139650 243032649
======================
   8      16 sdb 2426937 0 620240756 4547217 1037507 2937620 652959416 238503236 2 4144653 243042053
======================
   8      16 sdb 2432732 0 621724020 4556621 1037507 2937620 652959416 238503236 1 4149656 243051449
======================
   8      16 sdb 2438470 0 623192948 4566019 1037507 2937620 652959416 238503236 2 4154660 243060841
======================
   8      16 sdb 2444243 0 624670836 4575422 1037507 2937620 652959416 238503236 1 4159663 243070239
======================
   8      16 sdb 2449986 0 626140788 4584831 1037507 2937620 652959416 238503236 2 4164666 243079639
======================
   8      16 sdb 2455762 0 627619444 4594229 1037507 2937620 652959416 238503236 2 4169669 243089032
======================
   8      16 sdb 2461851 0 629177748 4603045 1037507 2937620 652959416 238503236 0 4174383 243097840
