======================
   8      48 sdd 35301 0 281982 5495834 118031567 37924321 9092522264 610109596 0 37571149 615488695
======================
   8      48 sdd 35311 0 282062 5496369 118032846 37924321 9093328280 610316021 157 37573014 615719791
======================
   8      48 sdd 35317 0 282110 5497421 118034944 37924357 9094641328 610951868 144 37578017 616357634
======================
   8      48 sdd 35322 0 282150 5498360 118037028 37924370 9095953456 611601401 157 37583021 617007600
======================
   8      48 sdd 35328 0 282198 5499749 118039116 37924382 9097266224 612217302 155 37588024 617624754
======================
   8      48 sdd 35333 0 282238 5500910 118041200 37924395 9098577712 612837189 155 37593026 618245997
======================
   8      48 sdd 35338 0 282278 5501997 118043283 37924408 9099888560 613459017 139 37598029 618869032
======================
   8      48 sdd 35344 0 282326 5503440 118045372 37924420 9101202608 614051461 146 37603032 619462622
======================
   8      48 sdd 35349 0 282366 5504555 118047462 37924433 9102518280 614674901 149 37608035 620087153
======================
   8      48 sdd 35354 0 282406 5505597 118049550 37924446 9103831728 615302624 135 37613038 620715739
======================
   8      48 sdd 35360 0 282454 5506871 118051640 37924458 9105147656 615907926 131 37618041 621322401
======================
   8      48 sdd 35365 0 282494 5507993 118053731 37924471 9106462384 616518953 138 37623044 621934767
======================
   8      48 sdd 35370 0 282534 5509079 118055818 37924484 9107775792 617138113 134 37628046 622554697
======================
   8      48 sdd 35376 0 282582 5510289 118057910 37924497 9109090880 617740892 127 37633049 623157679
======================
   8      48 sdd 35381 0 282622 5511445 118059998 37924506 9110405528 618362729 121 37638052 623781371
======================
   8      48 sdd 35386 0 282662 5512674 118062084 37924523 9111717696 619001431 119 37643055 624421025
======================
   8      48 sdd 35393 0 282718 5514012 118064174 37924535 9113032384 619625676 153 37648059 625044343
======================
   8      48 sdd 35398 0 282758 5515169 118066262 37924548 9114346432 620247757 150 37653062 625667628
======================
   8      48 sdd 35402 0 282790 5516232 118068349 37924557 9115660184 620867773 77 37658066 626286161
======================
   8      48 sdd 35409 0 282846 5517580 118070438 37924573 9116974872 621487270 156 37663069 626906437
======================
   8      48 sdd 35413 0 282878 5518645 118072528 37924582 9118289432 622103401 65 37668072 627521306
======================
   8      48 sdd 35419 0 282926 5520133 118074615 37924595 9119602968 622702901 156 37673075 628127272
======================
   8      48 sdd 35425 0 282974 5521049 118076704 37924608 9120917656 623338465 140 37678076 628760203
======================
   8      48 sdd 35430 0 283014 5522245 118078794 37924620 9122232088 623958076 148 37683079 629378924
======================
   8      48 sdd 35435 0 283054 5523344 118080881 37924633 9123545496 624580383 148 37688082 630000160
======================
   8      48 sdd 35441 0 283102 5524356 118082967 37924647 9124858272 625210337 133 37693086 630627284
======================
   8      48 sdd 35446 0 283142 5525556 118085057 37924659 9126172328 625822997 145 37698089 631237376
======================
   8      48 sdd 35451 0 283182 5526646 118087144 37924672 9127485608 626444957 153 37703092 631857430
======================
   8      48 sdd 35457 0 283230 5527871 118089235 37924685 9128801448 627078140 102 37708096 632489341
======================
   8      48 sdd 35462 0 283270 5529102 118091322 37924698 9130115416 627714732 20 37713099 633127914
======================
   8      48 sdd 35467 0 283310 5530255 118093410 37924711 9131429464 628332925 145 37718102 633770528
======================
   8      48 sdd 35473 0 283358 5531523 118095499 37924715 9132744152 628954576 132 37723104 634378121
======================
   8      48 sdd 35478 0 283398 5532683 118097589 37924727 9134058840 629558688 150 37728107 634999186
======================
   8      48 sdd 35483 0 283438 5533921 118099676 37924740 9135371992 630177041 144 37733110 635618505
======================
   8      48 sdd 35489 0 283486 5535293 118101765 37924753 9136686680 630788341 148 37738113 636219750
======================
   8      48 sdd 35494 0 283526 5536678 118103854 37924765 9138000728 631391231 150 37743116 636823643
======================
   8      48 sdd 35499 0 283566 5537771 118105940 37924778 9139313496 632002577 140 37748120 637445888
======================
   8      48 sdd 35505 0 283614 5538988 118108034 37924791 9140631128 632620289 128 37753122 638058945
======================
   8      48 sdd 35510 0 283654 5540078 118110121 37924804 9141943272 633243986 154 37758126 638685965
======================
   8      48 sdd 35515 0 283694 5541233 118112207 37924817 9143256040 633859020 143 37763129 639308621
======================
   8      48 sdd 35521 0 283742 5542295 118114302 37924830 9144574568 634483462 141 37768131 639928829
======================
   8      48 sdd 35526 0 283782 5543529 118116386 37924842 9145885416 635091828 140 37773134 640540174
======================
   8      48 sdd 35531 0 283822 5544708 118118472 37924855 9147198184 635704129 154 37778137 641150613
======================
   8      48 sdd 35537 0 283870 5545658 118120564 37924868 9148514536 636329569 133 37783140 641779410
======================
   8      48 sdd 35542 0 283910 5546838 118122627 37924881 9149812208 636968067 141 37788143 642424403
======================
   8      48 sdd 35547 0 283950 5547781 118124713 37924892 9151124960 637601581 135 37793146 643056646
======================
   8      48 sdd 35553 0 283998 5549031 118126811 37924907 9152445168 638237614 150 37798149 643692148
======================
   8      48 sdd 35558 0 284038 5550119 118128901 37924920 9153760496 638860251 138 37803152 644317090
======================
   8      48 sdd 35563 0 284078 5551501 118130988 37924933 9155073904 639459681 159 37808156 644918325
======================
   8      48 sdd 35569 0 284126 5552829 118133078 37924947 9156388608 640056763 135 37813159 645516961
======================
   8      48 sdd 35574 0 284166 5553717 118135166 37924960 9157702656 640700518 149 37818163 646162171
======================
   8      48 sdd 35579 0 284206 5554836 118137256 37924973 9159017728 641315795 137 37823165 646778203
======================
   8      48 sdd 35585 0 284254 5556050 118139344 37924986 9160331776 641919507 144 37828168 647383708
======================
   8      48 sdd 35590 0 284294 5557169 118141431 37924999 9161645184 642534558 153 37833171 647999595
======================
   8      48 sdd 35595 0 284334 5558329 118143519 37925012 9162959232 643149180 129 37838174 648615232
======================
   8      48 sdd 35601 0 284382 5559554 118145610 37925025 9164274944 643751315 154 37843176 649218611
======================
   8      48 sdd 35606 0 284422 5560750 118147698 37925038 9165588992 644363161 158 37848179 649831095
======================
   8      48 sdd 35611 0 284462 5561905 118149785 37925053 9166902416 645000101 147 37853182 650470058
======================
   8      48 sdd 35617 0 284510 5563260 118151877 37925065 9168218384 645601432 143 37858185 651072711
======================
   8      48 sdd 35622 0 284550 5564503 118153957 37925078 9169527184 646218331 140 37863188 651690487
======================
   8      48 sdd 35627 0 284590 5565749 118156026 37925091 9170829200 646836744 155 37868191 652309335
======================
   8      48 sdd 35633 0 284638 5567114 118158102 37925104 9172134560 647436599 144 37873194 652911193
======================
   8      48 sdd 35638 0 284678 5568424 118160203 37925117 9173456672 648046723 132 37878198 653522045
======================
   8      48 sdd 35643 0 284718 5569735 118162302 37925130 9174777760 648658554 150 37883201 654135652
======================
   8      48 sdd 35649 0 284766 5570971 118164394 37925142 9176093472 649269061 133 37888204 654747170
======================
   8      48 sdd 35654 0 284806 5572085 118166480 37925155 9177406240 649888666 139 37893206 655367948
======================
   8      48 sdd 35659 0 284846 5573205 118168565 37925168 9178718368 650508109 132 37898209 655988627
======================
   8      48 sdd 35665 0 284894 5574427 118170656 37925180 9180033696 651118504 151 37903212 656600022
======================
   8      48 sdd 35670 0 284934 5575318 118172741 37925193 9181345824 651754786 142 37908214 657237494
======================
   8      48 sdd 35675 0 284974 5576630 118174830 37925209 9182659648 652379178 137 37913218 657863214
======================
   8      48 sdd 35681 0 285022 5578092 118176922 37925221 9183975616 652987126 131 37918221 658472020
======================
   8      48 sdd 35686 0 285062 5579255 118179010 37925234 9185289664 653605773 128 37923223 659091608
======================
   8      48 sdd 35691 0 285102 5580485 118181096 37925247 9186602432 654221414 141 37928226 659708879
======================
   8      48 sdd 35697 0 285150 5581882 118183189 37925260 9187918416 654813971 133 37933228 660302831
======================
   8      48 sdd 35702 0 285190 5583268 118185278 37925273 9189232848 655412409 127 37938230 660902300
======================
   8      48 sdd 35707 0 285230 5584463 118187365 37925286 9190546256 656031579 123 37943233 661522348
======================
   8      48 sdd 35713 0 285278 5585657 118189457 37925298 9191862224 656639661 115 37948237 662131486
======================
   8      48 sdd 35719 0 285326 5586896 118191546 37925311 9193176912 657250586 148 37953240 662744112
======================
   8      48 sdd 35723 0 285358 5587919 118193631 37925324 9194489040 657873524 107 37958242 663366688
======================
   8      48 sdd 35729 0 285406 5589108 118195722 37925336 9195804112 658472522 100 37963245 663966328
======================
   8      48 sdd 35734 0 285446 5590263 118197810 37925351 9197118176 659108546 95 37968248 664602756
======================
   8      48 sdd 35739 0 285486 5591426 118199897 37925364 9198431584 659729444 91 37973250 665224286
======================
   8      48 sdd 35745 0 285534 5592520 118201990 37925376 9199748192 660353728 82 37978252 665848925
======================
   8      48 sdd 35750 0 285574 5593829 118204079 37925389 9201062624 660968387 76 37983254 666463534
======================
   8      48 sdd 35755 0 285614 5595217 118206165 37925402 9202375392 661562841 73 37988257 667058889
======================
   8      48 sdd 35761 0 285662 5596134 118208258 37925415 9203691248 662194352 65 37993259 667690050
======================
   8      48 sdd 35766 0 285702 5597327 118210344 37925428 9205004144 662816034 62 37998262 668312369
======================
   8      48 sdd 35771 0 285742 5598444 118212430 37925441 9206316912 663435557 59 38003264 668932384
======================
   8      48 sdd 35777 0 285790 5599400 118214522 37925453 9207632624 664065109 51 38008267 669560650
======================
   8      48 sdd 35782 0 285830 5600511 118216610 37925466 9208946672 664685856 46 38013269 670181677
======================
   8      48 sdd 35787 0 285870 5601634 118218698 37925479 9210260720 665299376 41 38018273 670795335
======================
   8      48 sdd 35793 0 285918 5602659 118220789 37925491 9211576048 665921843 34 38023276 671416954
======================
   8      48 sdd 35798 0 285958 5603708 118222876 37925504 9212889328 666544355 30 38028278 672039496
======================
   8      48 sdd 35803 0 285998 5604839 118224964 37925517 9214203248 667157045 25 38033280 672652134
======================
   8      48 sdd 35810 0 286054 5606445 118227052 37925530 9215516664 667762942 158 38038283 673276303
======================
   8      48 sdd 35815 0 286094 5607774 118229112 37925542 9216813040 668392162 147 38043286 673907418
======================
   8      48 sdd 35819 0 286126 5608923 118231213 37925555 9218135784 669018491 25 38048289 674517472
started
======================
   8      48 sdd 35954 0 287200 5609418 118232483 37925568 9218822056 669272165 132 38050436 674783843
======================
   8      48 sdd 35954 0 287200 5609418 118235075 37925570 9220152536 669994207 135 38055474 675505946
======================
   8      48 sdd 35954 0 287200 5609418 118237633 37925571 9221468696 670711403 139 38060478 676223494
======================
   8      48 sdd 35954 0 287200 5609418 118240198 37925572 9222786224 671428990 136 38065482 676940732
======================
   8      48 sdd 35954 0 287200 5609418 118242761 37925573 9224105160 672146739 135 38070498 677659028
======================
   8      48 sdd 35954 0 287200 5609418 118245324 37925574 9225422184 672864031 134 38075501 678375727
======================
   8      48 sdd 35954 0 287200 5609418 118247887 37925575 9226737664 673580641 133 38080504 679092372
======================
   8      48 sdd 35954 0 287200 5609418 118250447 37925576 9228052752 674296632 135 38085508 679809183
======================
   8      48 sdd 35954 0 287200 5609418 118253001 37925577 9229369256 675014430 143 38090511 680526673
======================
   8      48 sdd 35954 0 287200 5609418 118255566 37925578 9230688104 675732425 140 38095515 681244308
======================
   8      48 sdd 35954 0 287200 5609418 118258128 37925579 9232002544 676448479 139 38100518 681961529
======================
   8      48 sdd 35954 0 287200 5609418 118260692 37925580 9233319304 677165879 137 38105521 682677984
======================
   8      48 sdd 35954 0 287200 5609418 118263258 37925580 9234635040 677882565 132 38110524 683394435
======================
   8      48 sdd 35954 0 287200 5609418 118265820 37925581 9235951944 678599402 132 38115527 684111445
======================
   8      48 sdd 35954 0 287200 5609418 118268382 37925582 9237268840 679316810 132 38120531 684828903
======================
   8      48 sdd 35954 0 287200 5609418 118270949 37925583 9238584184 680034173 146 38125534 685545464
======================
   8      48 sdd 35954 0 287200 5609418 118273510 37925584 9239901064 680751565 128 38130537 686263285
======================
   8      48 sdd 35954 0 287200 5609418 118276077 37925585 9241217960 681469834 155 38135540 686981327
======================
   8      48 sdd 35954 0 287200 5609418 118278639 37925586 9242534864 682186057 155 38140545 687698040
======================
   8      48 sdd 35954 0 287200 5609418 118281202 37925587 9243852072 682903773 154 38145548 688415349
======================
   8      48 sdd 35954 0 287200 5609418 118283763 37925588 9245168168 683619865 155 38150552 689132092
======================
   8      48 sdd 35954 0 287200 5609418 118286326 37925589 9246485464 684337743 154 38155558 689849349
======================
   8      48 sdd 35954 0 287200 5609418 118288885 37925590 9247802360 685055493 157 38160561 690566527
======================
   8      48 sdd 35954 0 287200 5609418 118291445 37925591 9249119224 685771465 159 38165564 691282928
======================
   8      48 sdd 35954 0 287200 5609418 118294011 37925592 9250435848 686488366 155 38170567 691999592
======================
   8      48 sdd 35954 0 287200 5609418 118296565 37925593 9251753120 687205450 131 38175570 692716790
======================
   8      48 sdd 35954 0 287200 5609418 118299134 37925594 9253069632 687922200 156 38180573 693433651
======================
   8      48 sdd 35954 0 287200 5609418 118301684 37925595 9254382672 688638374 136 38185576 694150450
======================
   8      48 sdd 35954 0 287200 5609418 118304234 37925596 9255696488 689355041 148 38190579 694866653
======================
   8      48 sdd 35954 0 287200 5609418 118306789 37925597 9257010592 690071353 154 38195582 695583436
======================
   8      48 sdd 35954 0 287200 5609418 118309341 37925597 9258325792 690789103 131 38200585 696300406
======================
   8      48 sdd 35954 0 287200 5609418 118311905 37925598 9259640304 691505123 129 38205588 697016303
======================
   8      48 sdd 35954 0 287200 5609418 118314468 37925599 9260956760 692223159 128 38210592 697734154
======================
   8      48 sdd 35954 0 287200 5609418 118317035 37925600 9262272136 692935810 138 38215595 698447228
======================
   8      48 sdd 35954 0 287200 5609418 118319596 37925601 9263587432 693653412 139 38220598 699164836
======================
   8      48 sdd 35954 0 287200 5609418 118322153 37925602 9264904200 694370708 144 38225602 699881808
======================
   8      48 sdd 35954 0 287200 5609418 118324714 37925603 9266220520 695086322 145 38230605 700598063
======================
   8      48 sdd 35954 0 287200 5609418 118327283 37925604 9267537912 695803604 138 38235608 701315101
======================
   8      48 sdd 35954 0 287200 5609418 118329848 37925605 9268854344 696516316 151 38240611 702027666
======================
   8      48 sdd 35954 0 287200 5609418 118332405 37925606 9270170720 697232955 156 38245614 702744139
======================
   8      48 sdd 35954 0 287200 5609418 118334965 37925607 9271488120 697944418 148 38250619 703455594
======================
   8      48 sdd 35954 0 287200 5609418 118337528 37925608 9272805744 698660957 147 38255623 704172410
======================
   8      48 sdd 35954 0 287200 5609418 118340093 37925609 9274122240 699376603 144 38260626 704888485
======================
   8      48 sdd 35954 0 287200 5609418 118342628 37925610 9275422408 700076815 0 38265573 705568144
======================
   8      48 sdd 35954 0 287200 5609418 118345202 37925611 9276748104 700709501 143 38270171 706221146
======================
   8      48 sdd 35954 0 287200 5609418 118347761 37925611 9278064096 701426237 145 38275174 706938273
======================
   8      48 sdd 35954 0 287200 5609418 118350324 37925612 9279380472 702131748 133 38280178 707643130
======================
   8      48 sdd 35954 0 287200 5609418 118352889 37925613 9280696800 702848368 97 38285181 708357737
======================
   8      48 sdd 35954 0 287200 5609418 118354677 37925614 9281615656 703341150 0 38288668 708832417
======================
   8      48 sdd 35954 0 287200 5609418 118356732 37925615 9282667856 703832529 133 38292244 709343475
======================
   8      48 sdd 35954 0 287200 5609418 118358498 37925616 9283573848 704246281 158 38295291 709757461
======================
   8      48 sdd 35954 0 287200 5609418 118361044 37925617 9284884312 704941331 158 38300292 710453611
======================
   8      48 sdd 35954 0 287200 5609418 118363346 37925618 9286066136 705503822 159 38304363 711014903
======================
   8      48 sdd 35954 0 287200 5609418 118365402 37925619 9287118064 705988646 152 38307916 711499742
======================
   8      48 sdd 35954 0 287200 5609418 118367975 37925620 9288435128 706685871 158 38312919 712196672
======================
   8      48 sdd 35954 0 287200 5609418 118370543 37925621 9289752136 707391270 157 38317922 712902233
======================
   8      48 sdd 35954 0 287200 5609418 118373115 37925622 9291070728 708108590 146 38322933 713619842
======================
   8      48 sdd 35954 0 287200 5609418 118375687 37925622 9292388640 708817722 142 38327940 714328640
======================
   8      48 sdd 35954 0 287200 5609418 118378256 37925623 9293705736 709487922 141 38332756 714998914
======================
   8      48 sdd 35954 0 287200 5609418 118380822 37925624 9295021976 710198285 147 38337758 715709554
======================
   8      48 sdd 35954 0 287200 5609418 118383382 37925625 9296334408 710838424 140 38342406 716349757
======================
   8      48 sdd 35954 0 287200 5609418 118385951 37925626 9297651016 711546161 144 38347409 717057085
======================
   8      48 sdd 35954 0 287200 5609418 118388419 37925627 9298915024 712147359 143 38351771 717658594
======================
   8      48 sdd 35954 0 287200 5609418 118390986 37925628 9300231792 712860816 140 38356774 718371868
======================
   8      48 sdd 35954 0 287200 5609418 118393443 37925629 9301491520 713430761 133 38361077 718941618
======================
   8      48 sdd 35954 0 287200 5609418 118396009 37925630 9302808368 714127931 130 38366080 719639091
======================
   8      48 sdd 35954 0 287200 5609418 118398096 37925631 9303882112 714631998 145 38369745 720142868
======================
   8      48 sdd 35954 0 287200 5609418 118399980 37925632 9304848600 715157514 0 38373420 720648573
======================
   8      48 sdd 35954 0 287200 5609418 118402533 37925632 9306163672 715741420 140 38377802 721252611
======================
   8      48 sdd 35954 0 287200 5609418 118405100 37925633 9307479992 716446437 129 38382805 721957482
======================
   8      48 sdd 35954 0 287200 5609418 118407660 37925634 9308797008 717162988 131 38387808 722674409
======================
   8      48 sdd 35954 0 287200 5609418 118410226 37925635 9310113184 717812801 146 38392559 723324203
======================
   8      48 sdd 35954 0 287200 5609418 118412795 37925636 9311430776 718529723 120 38397566 724040349
======================
   8      48 sdd 35954 0 287200 5609418 118415315 37925637 9312722736 719111578 149 38401939 724622966
======================
   8      48 sdd 35954 0 287200 5609418 118417877 37925638 9314038600 719817245 140 38406942 725331601
======================
   8      48 sdd 35954 0 287200 5609418 118420438 37925639 9315353440 720452814 128 38411651 725963801
======================
   8      48 sdd 35954 0 287200 5609418 118423005 37925640 9316670408 721168976 147 38416654 726680537
======================
   8      48 sdd 35954 0 287200 5609418 118425572 37925641 9317987928 721884384 142 38421657 727396436
======================
   8      48 sdd 35954 0 287200 5609418 118428121 37925642 9319297496 722522446 130 38426314 728027799
======================
   8      48 sdd 35954 0 287200 5609418 118430685 37925643 9320615984 723225447 156 38431325 728736620
======================
   8      48 sdd 35954 0 287200 5609418 118433253 37925644 9321933360 723942563 57 38436328 729446248
======================
   8      48 sdd 35954 0 287200 5609418 118435815 37925644 9323248760 724621493 151 38441214 730132474
======================
   8      48 sdd 35954 0 287200 5609418 118438029 37925645 9324387184 725229947 142 38445511 730728002
======================
   8      48 sdd 35954 0 287200 5609418 118440753 37925646 9325787688 725927408 0 38450470 731418263
======================
   8      48 sdd 35954 0 287200 5609418 118443339 37925647 9327116704 726596574 144 38455284 732107571
======================
   8      48 sdd 35954 0 287200 5609418 118445282 37925648 9328112056 727054962 154 38458638 732565933
======================
   8      48 sdd 35954 0 287200 5609418 118447857 37925649 9329429000 727752507 150 38463641 733263077
======================
   8      48 sdd 35954 0 287200 5609418 118450429 37925650 9330745712 728469244 140 38468644 733980154
======================
   8      48 sdd 35954 0 287200 5609418 118452990 37925651 9332062080 729172319 130 38473647 734682561
======================
   8      48 sdd 35954 0 287200 5609418 118455555 37925652 9333378968 729867963 139 38478648 735378747
======================
   8      48 sdd 35954 0 287200 5609418 118458108 37925653 9334688792 730518196 150 38483341 736029504
======================
   8      48 sdd 35954 0 287200 5609418 118460667 37925654 9336002864 731208079 131 38488303 736718790
======================
   8      48 sdd 35954 0 287200 5609418 118463223 37925655 9337316864 731868413 147 38493087 737381748
======================
   8      48 sdd 35954 0 287200 5609418 118465790 37925656 9338632592 732577195 135 38498091 738088675
======================
   8      48 sdd 35954 0 287200 5609418 118468348 37925656 9339949432 733294826 138 38503094 738805660
======================
   8      48 sdd 35954 0 287200 5609418 118470911 37925657 9341264192 734012548 137 38508097 739523750
