3126.563
574.819
594.328
649.710
655.947
679.922
691.008
683.240
684.988
647.027
696.731
670.312
686.528
683.918
683.890
677.495
672.231
677.525
705.535
696.944
681.103
690.890
654.406
702.075
704.431
706.022
694.237
677.450
676.284
669.313
698.917
654.718
757.411
677.804
678.905
677.239
706.832
708.929
704.693
688.430
675.216
668.905
689.311
673.832
726.245
682.918
669.833
678.150
704.443
713.635
705.843
684.246
684.618
678.799
673.819
736.846
706.942
692.841
680.307
678.198
706.610
704.123
704.412
683.811
673.918
679.401
706.391
715.917
681.113
680.099
681.683
682.230
712.223
673.103
732.313
700.019
684.220
687.224
717.512
714.504
705.806
694.293
681.433
658.037
738.544
705.813
702.318
696.896
688.098
694.974
721.921
700.633
712.142
694.624
680.419
689.332
716.532
704.431
695.016
687.014
677.212
685.023
720.825
706.821
697.918
688.026
700.334
687.907
711.228
711.713
683.231
685.940
681.836
693.389
669.126
736.904
695.716
699.432
688.921
691.743
712.830
715.215
686.629
684.093
691.311
696.737
709.826
678.297
720.744
689.122
684.029
695.995
707.614
704.808
681.149
687.912
673.234
666.329
610.922
