3334.134
2665.828
2034.035
1801.542
1515.960
1232.274
1125.617
958.664
826.677
747.600
675.393
619.719
584.314
554.595
578.606
524.613
497.303
487.393
479.304
465.820
456.236
449.330
433.412
418.122
412.730
403.740
387.831
388.733
414.824
393.232
388.727
373.428
360.532
343.437
348.847
341.648
339.231
339.842
307.745
327.538
316.447
316.458
313.460
313.461
313.156
302.049
302.061
303.564
295.134
288.839
288.844
285.836
285.545
289.742
285.245
277.442
278.648
279.246
270.548
272.647
268.152
269.348
265.448
258.849
264.543
254.955
255.255
254.349
251.950
254.346
247.254
248.546
248.351
243.550
245.647
242.053
243.850
239.951
238.753
236.062
236.370
233.371
233.072
233.369
227.370
228.569
230.969
227.969
228.870
222.570
222.566
219.273
221.969
214.173
216.275
219.574
218.073
213.070
215.570
213.273
212.071
208.171
209.973
207.972
204.174
206.377
203.072
205.174
204.273
203.973
203.072
201.871
203.072
199.274
200.273
194.672
195.575
196.177
196.777
193.476
172.177
193.176
195.876
191.371
191.964
191.063
192.264
186.862
188.369
188.062
184.761
189.864
186.863
185.674
183.875
183.573
180.874
182.374
181.774
182.073
178.776
176.674
181.471
178.475
176.975
176.675
180.276
177.274
181.173
181.574
159.978
182.073
183.275
182.972
184.478
185.378
183.275
184.774
179.677
184.776
183.874
187.474
187.174
185.073
189.274
187.774
187.775
189.876
189.376
168.381
191.978
190.777
188.975
191.973
190.462
192.263
192.562
194.075
194.074
194.073
196.771
197.077
193.179
195.576
197.373
196.160
198.262
203.660
197.061
199.758
202.160
204.260
204.262
203.661
201.963
201.160
204.259
205.458
203.357
207.460
183.575
204.876
207.260
206.359
206.957
208.163
207.557
208.763
208.158
209.059
206.957
206.361
210.257
209.957
208.160
209.655
210.257
213.853
209.360
214.158
209.665
210.863
209.657
210.859
210.554
214.755
209.057
211.462
213.562
212.056
215.053
209.956
211.462
210.855
217.158
215.956
213.568
213.869
213.571
217.468
217.170
216.270
217.269
217.669
214.769
214.470
219.570
215.370
221.769
216.471
218.670
215.973
215.375
219.572
216.863
220.456
221.653
218.060
221.954
219.654
220.953
222.261
219.668
221.869
216.270
222.867
219.267
219.869
218.668
221.668
221.668
193.166
219.570
222.669
219.562
224.557
224.957
223.154
223.453
225.253
223.748
222.261
226.152
221.957
227.953
223.756
225.860
225.858
221.356
223.755
221.355
224.653
223.754
219.853
220.755
214.758
220.154
220.752
222.551
218.955
222.954
219.155
221.953
218.353
221.056
216.260
218.969
221.067
217.468
212.971
217.767
219.270
217.169
215.968
216.270
219.568
215.668
217.769
218.669
214.571
142.349
