======================
   8      16 sdb 10006485 4530 2530514172 20876601 4165501 12923579 2621346744 961479195 33 16880327 982321859
======================
   8      16 sdb 10006606 4530 2530515140 20885459 4166709 12923579 2622108088 961635519 133 16882397 982501583
======================
   8      16 sdb 10006612 4530 2530515188 20887050 4168725 12923608 2623368736 962217707 135 16887399 983086829
======================
   8      16 sdb 10006618 4530 2530515236 20889022 4171272 12923623 2624971952 962727818 151 16892401 983594558
======================
   8      16 sdb 10006625 4530 2530515292 20890969 4173751 12923637 2626531776 963249088 138 16897404 984119136
======================
   8      16 sdb 10006631 4530 2530515340 20892828 4176288 12923654 2628128864 963789749 142 16902406 984664439
======================
   8      16 sdb 10006638 4530 2530515396 20894969 4178799 12923669 2629709296 964298681 137 16907410 985175355
======================
   8      16 sdb 10006644 4530 2530515444 20897082 4181326 12923683 2631299328 964836583 134 16912412 985712893
======================
   8      16 sdb 10006650 4530 2530515492 20898686 4183872 12923698 2632901904 965408646 152 16917415 986289144
======================
   8      16 sdb 10006657 4530 2530515548 20900247 4186386 12923712 2634483872 965970709 129 16922417 986853134
======================
   8      16 sdb 10006663 4530 2530515596 20902015 4188933 12923727 2636087088 966496608 116 16927420 987379839
======================
   8      16 sdb 10006670 4530 2530515652 20904412 4191420 12923743 2637651792 966991544 129 16932425 987878735
======================
   8      16 sdb 10006676 4530 2530515700 20906206 4193963 12923758 2639252704 967548116 85 16937426 988433862
======================
   8      16 sdb 10006682 4530 2530515748 20907711 4196483 12923773 2640838896 968155737 64 16942428 989039827
======================
   8      16 sdb 10006689 4530 2530515804 20909563 4199014 12923787 2642431488 968717758 7 16947432 989591765
======================
   8      16 sdb 10006696 4530 2530515860 20911505 4201518 12923802 2644007696 969259414 155 16952435 990152858
======================
   8      16 sdb 10006702 4530 2530515908 20913264 4204016 12923817 2645580064 969810129 3 16957438 990686921
======================
   8      16 sdb 10006709 4530 2530515964 20915018 4206544 12923832 2647171120 970372394 133 16962441 991266781
======================
   8      16 sdb 10006715 4530 2530516012 20916699 4209016 12923848 2648727112 970958678 1 16967444 991838001
======================
   8      16 sdb 10006722 4530 2530516068 20918887 4211590 12923862 2650346968 971463940 143 16972447 992348291
======================
   8      16 sdb 10006728 4530 2530516116 20920824 4214149 12923877 2651957608 971990380 136 16977449 992887501
======================
   8      16 sdb 10006735 4530 2530516172 20922434 4216693 12923892 2653557896 972562848 136 16982452 993468343
======================
   8      16 sdb 10006741 4530 2530516220 20924382 4219208 12923907 2655140888 973090806 137 16987456 993998993
======================
   8      16 sdb 10006748 4530 2530516276 20926309 4221725 12923922 2656725160 973625536 146 16992459 994521305
======================
   8      16 sdb 10006754 4530 2530516324 20927769 4224182 12923936 2658271160 974186554 158 16997461 995097705
======================
   8      16 sdb 10006760 4530 2530516372 20929530 4226663 12923951 2659832904 974739763 158 17002462 995652353
======================
   8      16 sdb 10006767 4530 2530516428 20931724 4229091 12923965 2661360344 975246803 135 17007464 996155714
======================
   8      16 sdb 10006773 4530 2530516476 20933758 4231578 12923980 2662925928 975779564 143 17012468 996680997
======================
   8      16 sdb 10006778 4530 2530516516 20935120 4233985 12923995 2664440824 976346924 1 17017470 997244870
======================
   8      16 sdb 10006785 4530 2530516572 20937004 4236454 12924009 2665994504 976887919 32 17022472 997796343
======================
   8      16 sdb 10006791 4530 2530516620 20938705 4238918 12924024 2667545368 977451193 67 17027473 998366482
======================
   8      16 sdb 10006798 4530 2530516676 20940650 4241331 12924039 2669063480 977975275 147 17032476 998901183
======================
   8      16 sdb 10006804 4530 2530516724 20942334 4243815 12924054 2670626504 978561415 153 17037482 999485978
======================
   8      16 sdb 10006810 4530 2530516772 20943986 4246276 12924069 2672175448 979121705 151 17042484 1000049270
======================
   8      16 sdb 10006817 4530 2530516828 20945785 4248706 12924083 2673704424 979679698 154 17047485 1000608684
======================
   8      16 sdb 10006823 4530 2530516876 20947455 4251148 12924098 2675241464 980269644 155 17052488 1001201786
======================
   8      16 sdb 10006830 4530 2530516932 20949415 4253599 12924112 2676783624 980822997 148 17057490 1001749710
======================
   8      16 sdb 10006836 4530 2530516980 20950719 4256045 12924127 2678323816 981427694 135 17062493 1002351352
======================
   8      16 sdb 10006841 4530 2530517020 20952000 4258532 12924137 2679889400 982020368 32 17067497 1002943017
======================
   8      16 sdb 10006848 4530 2530517076 20954255 4260941 12924152 2681405576 982536279 96 17072498 1003470962
======================
   8      16 sdb 10006854 4530 2530517124 20956069 4263425 12924166 2682968600 983091890 112 17077500 1004026843
======================
   8      16 sdb 10006861 4530 2530517180 20958064 4265845 12924182 2684492464 983625951 157 17082503 1004560845
======================
   8      16 sdb 10006867 4530 2530517228 20959623 4268305 12924196 2686038856 984211311 131 17087506 1005150518
======================
   8      16 sdb 10006873 4530 2530517276 20961236 4270758 12924211 2687582936 984805572 153 17092510 1005739292
======================
   8      16 sdb 10006880 4530 2530517332 20963515 4273165 12924226 2689098088 985326030 144 17097512 1006257060
======================
   8      16 sdb 10006885 4530 2530517372 20964597 4275616 12924230 2690641176 985941759 1 17102516 1006868912
======================
   8      16 sdb 10006892 4530 2530517428 20966867 4278077 12924245 2692190376 986460036 39 17107517 1007399467
======================
   8      16 sdb 10006899 4530 2530517484 20968650 4280541 12924259 2693740600 987045384 159 17112521 1007995530
======================
   8      16 sdb 10006904 4530 2530517524 20969817 4282980 12924274 2695275976 987659224 135 17117525 1008613401
======================
   8      16 sdb 10006911 4530 2530517580 20972194 4285439 12924289 2696823640 988148876 131 17122528 1009103269
======================
   8      16 sdb 10006917 4530 2530517628 20973878 4287875 12924303 2698356456 988731801 143 17127528 1009687980
======================
   8      16 sdb 10006922 4530 2530517668 20975408 4290352 12924318 2699915384 989327153 142 17132530 1010285664
======================
   8      16 sdb 10006928 4530 2530517716 20977510 4292809 12924333 2701460760 989848707 128 17137535 1010808112
======================
   8      16 sdb 10006934 4530 2530517764 20978990 4295231 12924348 2702985256 990442111 132 17142537 1011398379
======================
   8      16 sdb 10006941 4530 2530517820 20980702 4297650 12924363 2704507832 991008730 154 17147540 1011964434
======================
   8      16 sdb 10006946 4530 2530517860 20982519 4300054 12924377 2706020424 991565904 90 17152542 1012529762
======================
   8      16 sdb 10006952 4530 2530517908 20983973 4302481 12924392 2707548120 992184306 154 17157544 1013150877
======================
   8      16 sdb 10006959 4530 2530517964 20986097 4304888 12924406 2709062376 992710246 133 17162546 1013678889
======================
   8      16 sdb 10006965 4530 2530518012 20988161 4307326 12924421 2710597112 993254068 138 17167553 1014225155
======================
   8      16 sdb 10006971 4530 2530518060 20989940 4309699 12924437 2712089880 993795761 1 17172555 1014748076
======================
   8      16 sdb 10006977 4530 2530518108 20991528 4312165 12924451 2713641640 994398997 35 17177557 1015361363
======================
   8      16 sdb 10006983 4530 2530518156 20993377 4314566 12924466 2715153592 994971909 133 17182560 1015947989
======================
   8      16 sdb 10006990 4530 2530518212 20995409 4316999 12924481 2716682968 995503887 154 17187563 1016483875
======================
   8      16 sdb 10006996 4530 2530518260 20997356 4319403 12924496 2718196200 996061851 149 17192565 1017031964
======================
   8      16 sdb 10007003 4530 2530518316 20999652 4321823 12924511 2719719416 996570806 134 17197568 1017534986
======================
   8      16 sdb 10007008 4530 2530518356 21000763 4324241 12924525 2721240712 997173447 41 17202571 1018146045
======================
   8      16 sdb 10007014 4530 2530518404 21002479 4326665 12924539 2722766480 997727886 116 17207572 1018713834
======================
   8      16 sdb 10007021 4530 2530518460 21004819 4329066 12924552 2724277776 998227939 158 17212574 1019217013
======================
   8      16 sdb 10007026 4530 2530518500 21006236 4331362 12924567 2725722656 998828074 1 17217577 1019796583
======================
   8      16 sdb 10007032 4530 2530518548 21008076 4333736 12924582 2727216944 999390213 126 17222581 1020380707
======================
   8      16 sdb 10007039 4530 2530518604 21009964 4336047 12924594 2728671024 999933547 135 17227583 1020925088
======================
   8      16 sdb 10007045 4530 2530518652 21011637 4338402 12924609 2730153152 1000499770 141 17232587 1021493114
======================
   8      16 sdb 10007051 4530 2530518700 21013455 4340697 12924624 2731597648 1001043613 132 17237590 1022040943
======================
   8      16 sdb 10007057 4530 2530518748 21015179 4343065 12924637 2733086816 1001609556 136 17242593 1022600361
======================
   8      16 sdb 10007062 4530 2530518788 21016747 4345389 12924652 2734549616 1002171302 139 17247595 1023172095
======================
   8      16 sdb 10007069 4530 2530518844 21018908 4347673 12924666 2735986432 1002699236 148 17252598 1023698661
======================
   8      16 sdb 10007074 4530 2530518884 21020125 4349984 12924679 2737440896 1003296439 127 17257601 1024299292
======================
   8      16 sdb 10007080 4530 2530518932 21021712 4352291 12924694 2738893072 1003868789 138 17262604 1024869966
======================
   8      16 sdb 10007086 4530 2530518980 21023287 4354558 12924706 2740319248 1004415250 136 17267606 1025421427
======================
   8      16 sdb 10007092 4530 2530519028 21025104 4356851 12924721 2741762464 1004983064 128 17272609 1025991330
======================
   8      16 sdb 10007098 4530 2530519076 21026826 4359149 12924736 2743208624 1005520889 127 17277611 1026529879
======================
   8      16 sdb 10007104 4530 2530519124 21028488 4361435 12924748 2744646960 1006101324 128 17282615 1027103876
======================
   8      16 sdb 10007109 4530 2530519164 21029697 4363760 12924763 2746110144 1006716859 99 17287618 1027728295
started
======================
   8      16 sdb 10007236 4530 2530520174 21031798 4365486 12924783 2747187936 1007117180 0 17291399 1028110903
======================
   8      16 sdb 10011419 4565 2531219606 21074919 4365486 12924783 2747187936 1007117180 17 17295338 1028154630
======================
   8      16 sdb 10017346 4616 2532071086 21157114 4365489 12924785 2747187976 1007117180 23 17300341 1028236543
======================
   8      16 sdb 10022908 4644 2533085614 21196683 4365489 12924785 2747187976 1007117180 1 17305342 1028275808
======================
   8      16 sdb 10029274 4654 2534670254 21206687 4365489 12924785 2747187976 1007117180 2 17310338 1028285814
======================
   8      16 sdb 10035721 4666 2536276302 21216765 4365489 12924785 2747187976 1007117180 2 17315334 1028295885
======================
   8      16 sdb 10042047 4676 2537854814 21226765 4365489 12924785 2747187976 1007117180 2 17320332 1028305872
======================
   8      16 sdb 10048436 4686 2539444726 21236485 4365489 12924785 2747187976 1007117180 2 17325277 1028315579
======================
   8      16 sdb 10054881 4699 2541035518 21246459 4365491 12924785 2747187992 1007117180 2 17330273 1028325540
======================
   8      16 sdb 10061395 4720 2542638462 21256553 4365491 12924785 2747187992 1007117180 2 17335274 1028335625
======================
   8      16 sdb 10067843 4724 2544250222 21266503 4365491 12924785 2747187992 1007117180 2 17340273 1028345563
======================
   8      16 sdb 10074254 4738 2545839382 21276404 4365491 12924785 2747187992 1007117180 2 17345270 1028355457
======================
   8      16 sdb 10080611 4749 2547431646 21286416 4365491 12924785 2747187992 1007117180 1 17350268 1028365447
======================
   8      16 sdb 10087059 4762 2549025958 21296479 4365491 12924785 2747187992 1007117180 3 17355267 1028375507
======================
   8      16 sdb 10093505 4772 2550638590 21307035 4365491 12924785 2747187992 1007117180 2 17360265 1028386047
======================
   8      16 sdb 10099910 4786 2552217110 21317037 4365491 12924785 2747187992 1007117180 2 17365255 1028396042
======================
   8      16 sdb 10106281 4794 2553829038 21327565 4365491 12924785 2747187992 1007117180 1 17370253 1028406557
======================
   8      16 sdb 10112689 4814 2555418030 21337649 4365491 12924785 2747187992 1007117180 3 17375250 1028416628
======================
   8      16 sdb 10119131 4825 2557020766 21347685 4365491 12924785 2747187992 1007117180 2 17380261 1028426652
======================
   8      16 sdb 10125436 4828 2558595470 21357699 4365491 12924785 2747187992 1007117180 2 17385257 1028436658
======================
   8      16 sdb 10131952 4841 2560196238 21367941 4365491 12924785 2747187992 1007117180 2 17390253 1028446887
======================
   8      16 sdb 10138400 4848 2561797094 21377740 4365491 12924785 2747187992 1007117180 2 17395240 1028456677
======================
   8      16 sdb 10144878 4858 2563404542 21387692 4365491 12924785 2747187992 1007117180 2 17400234 1028466617
======================
   8      16 sdb 10151352 4865 2565019134 21397668 4365491 12924785 2747187992 1007117180 2 17405234 1028476578
======================
   8      16 sdb 10157733 4871 2566605822 21407761 4365491 12924785 2747187992 1007117180 2 17410221 1028486657
======================
   8      16 sdb 10164222 4886 2568193182 21417693 4365491 12924785 2747187992 1007117180 2 17415219 1028496573
======================
   8      16 sdb 10170442 4898 2569718750 21427581 4365491 12924785 2747187992 1007117180 1 17420212 1028506453
======================
   8      16 sdb 10176663 4905 2571275966 21437535 4365491 12924785 2747187992 1007117180 2 17425207 1028516397
======================
   8      16 sdb 10182883 4911 2572830470 21447545 4365491 12924785 2747187992 1007117180 2 17430215 1028526402
======================
   8      16 sdb 10189296 4925 2574397070 21457767 4365491 12924785 2747187992 1007117180 2 17435209 1028536615
======================
   8      16 sdb 10195521 4938 2575938614 21467887 4365491 12924785 2747187992 1007117180 2 17440208 1028546729
======================
   8      16 sdb 10201776 4956 2577485014 21477953 4365491 12924785 2747187992 1007117180 2 17445195 1028556792
======================
   8      16 sdb 10208069 4975 2579040798 21487819 4365491 12924785 2747187992 1007117180 1 17450189 1028566642
======================
   8      16 sdb 10214295 4982 2580568350 21497919 4365491 12924785 2747187992 1007117180 2 17455187 1028576735
======================
   8      16 sdb 10220558 4986 2582138390 21507810 4365491 12924785 2747187992 1007117180 2 17460181 1028586618
======================
   8      16 sdb 10226820 5001 2583667734 21517890 4365491 12924785 2747187992 1007117180 2 17465169 1028596690
======================
   8      16 sdb 10233138 5011 2585232630 21527810 4365491 12924785 2747187992 1007117180 2 17470166 1028606595
======================
   8      16 sdb 10239306 5016 2586762870 21537940 4365491 12924785 2747187992 1007117180 2 17475139 1028616717
======================
   8      16 sdb 10245703 5026 2588325190 21547868 4365491 12924785 2747187992 1007117180 2 17480142 1028626640
======================
   8      16 sdb 10251818 5036 2589863398 21557615 4365491 12924785 2747187992 1007117180 2 17485137 1028636373
======================
   8      16 sdb 10257998 5046 2591397510 21567604 4365491 12924785 2747187992 1007117180 2 17490129 1028646346
======================
   8      16 sdb 10264228 5053 2592947694 21577613 4365491 12924785 2747187992 1007117180 2 17495119 1028656350
======================
   8      16 sdb 10270475 5067 2594501126 21587505 4365491 12924785 2747187992 1007117180 2 17500113 1028666228
======================
   8      16 sdb 10276756 5080 2596046878 21597409 4365491 12924785 2747187992 1007117180 2 17505117 1028676123
======================
   8      16 sdb 10283075 5093 2597585870 21607316 4365491 12924785 2747187992 1007117180 2 17510110 1028686023
======================
   8      16 sdb 10289409 5106 2599141902 21617560 4365491 12924785 2747187992 1007117180 3 17515104 1028696265
======================
   8      16 sdb 10295578 5115 2600678710 21627645 4365491 12924785 2747187992 1007117180 2 17520100 1028706338
======================
   8      16 sdb 10301830 5132 2602227630 21637695 4365491 12924785 2747187992 1007117180 2 17525093 1028716379
======================
   8      16 sdb 10308051 5145 2603764478 21647605 4365491 12924785 2747187992 1007117180 2 17530091 1028726282
======================
   8      16 sdb 10314447 5164 2605323934 21657749 4365491 12924785 2747187992 1007117180 2 17535060 1028736424
======================
   8      16 sdb 10320710 5177 2606871086 21667676 4365491 12924785 2747187992 1007117180 2 17540061 1028746345
======================
   8      16 sdb 10327048 5190 2608427246 21678094 4365491 12924785 2747187992 1007117180 1 17545053 1028756758
======================
   8      16 sdb 10333229 5197 2609967062 21687993 4365491 12924785 2747187992 1007117180 3 17550049 1028766667
======================
   8      16 sdb 10339508 5205 2611536014 21697876 4365491 12924785 2747187992 1007117180 2 17555060 1028776542
======================
   8      16 sdb 10345627 5219 2613056638 21707597 4365491 12924785 2747187992 1007117180 2 17560044 1028786253
======================
   8      16 sdb 10351736 5227 2614579566 21717528 4365491 12924785 2747187992 1007117180 1 17565025 1028796175
======================
   8      16 sdb 10357998 5246 2616110638 21727388 4365491 12924785 2747187992 1007117180 0 17570006 1028806026
======================
   8      16 sdb 10364125 5252 2617625654 21737598 4365491 12924785 2747187992 1007117180 2 17575000 1028816226
======================
   8      16 sdb 10370419 5276 2619175510 21747454 4365491 12924785 2747187992 1007117180 2 17580002 1028826075
======================
   8      16 sdb 10376680 5286 2620691974 21757404 4365491 12924785 2747187992 1007117180 2 17584995 1028836016
======================
   8      16 sdb 10382854 5297 2622228198 21768190 4365491 12924785 2747187992 1007117180 2 17589993 1028846792
======================
   8      16 sdb 10389004 5308 2623752574 21778173 4365491 12924785 2747187992 1007117180 2 17594989 1028856763
======================
   8      16 sdb 10395077 5314 2625277318 21787910 4365491 12924785 2747187992 1007117180 2 17599986 1028866498
======================
   8      16 sdb 10401388 5326 2626824806 21798090 4365491 12924785 2747187992 1007117180 2 17604996 1028876680
======================
   8      16 sdb 10407488 5336 2628337958 21808159 4365491 12924785 2747187992 1007117180 2 17609996 1028886745
======================
   8      16 sdb 10413732 5363 2629875142 21818642 4365491 12924785 2747187992 1007117180 2 17614994 1028897216
======================
   8      16 sdb 10419918 5370 2631403694 21828642 4365491 12924785 2747187992 1007117180 2 17619983 1028907199
======================
   8      16 sdb 10426005 5376 2632934230 21838480 4365491 12924785 2747187992 1007117180 2 17624960 1028917031
======================
   8      16 sdb 10432175 5386 2634450534 21848454 4365491 12924785 2747187992 1007117180 2 17629943 1028927001
======================
   8      16 sdb 10438026 5391 2635920150 21858500 4365491 12924785 2747187992 1007117180 1 17634938 1028937032
======================
   8      16 sdb 10443941 5406 2637387510 21868965 4365491 12924785 2747187992 1007117180 2 17639935 1028947486
======================
   8      16 sdb 10449914 5415 2638863358 21878976 4365491 12924785 2747187992 1007117180 2 17644914 1028957479
======================
   8      16 sdb 10455931 5430 2640346086 21888893 4365491 12924785 2747187992 1007117180 2 17649895 1028967389
======================
   8      16 sdb 10461905 5439 2641823294 21898864 4365491 12924785 2747187992 1007117180 2 17654900 1028977349
======================
   8      16 sdb 10467834 5452 2643301486 21908688 4365491 12924785 2747187992 1007117180 2 17659892 1028987161
======================
   8      16 sdb 10473677 5462 2644756246 21918604 4365491 12924785 2747187992 1007117180 2 17664885 1028997065
======================
   8      16 sdb 10479641 5475 2646225894 21928996 4365491 12924785 2747187992 1007117180 2 17669876 1029007453
======================
   8      16 sdb 10485457 5483 2647666190 21939757 4365491 12924785 2747187992 1007117180 2 17674871 1029018205
======================
   8      16 sdb 10491349 5495 2649131494 21949984 4365491 12924785 2747187992 1007117180 2 17679871 1029028420
======================
   8      16 sdb 10497138 5509 2650570294 21959850 4365491 12924785 2747187992 1007117180 2 17684868 1029038271
======================
   8      16 sdb 10503052 5519 2652030566 21970072 4365491 12924785 2747187992 1007117180 2 17689858 1029048480
======================
   8      16 sdb 10508811 5530 2653469334 21979859 4365491 12924785 2747187992 1007117180 2 17694843 1029058262
======================
   8      16 sdb 10514620 5544 2654913358 21989760 4365491 12924785 2747187992 1007117180 2 17699844 1029068154
======================
   8      16 sdb 10520529 5555 2656367326 21999723 4365491 12924785 2747187992 1007117180 2 17704827 1029078106
======================
   8      16 sdb 10526348 5564 2657819222 22010163 4365491 12924785 2747187992 1007117180 1 17709824 1029088537
