======================
   8      48 sdd 367 0 2930 2523 10104 787892 6383968 3231805 0 23170 3234288
started
======================
   8      48 sdd 372 0 2970 2525 10118 787909 6384216 3231814 0 23174 3234299
======================
   8      48 sdd 380 0 3034 3320 12109 787923 7638872 3671095 38 26738 3684500
======================
   8      48 sdd 385 0 3074 4250 14218 787936 8961920 4312894 128 31740 4326715
======================
   8      48 sdd 391 0 3122 5724 16321 787949 10285312 4918684 140 36746 4938915
======================
   8      48 sdd 396 0 3162 6969 18422 787962 11608872 5550289 83 41749 5576146
======================
   8      48 sdd 401 0 3202 8212 20520 787975 12929064 6163244 94 46751 6192922
======================
   8      48 sdd 407 0 3250 9507 22620 787988 14250536 6761660 103 51756 6793307
======================
   8      48 sdd 412 0 3290 10722 24717 788001 15570344 7376995 115 56759 7410837
======================
   8      48 sdd 417 0 3330 11818 26814 788014 16889896 7995906 127 61760 8031632
======================
   8      48 sdd 423 0 3378 13240 28912 788018 18210344 8588697 147 66764 8626318
======================
   8      48 sdd 428 0 3418 14328 31015 788031 19533104 9232006 145 71767 9270533
======================
   8      48 sdd 433 0 3458 15636 33114 788044 20853936 9859601 129 76770 9899046
======================
   8      48 sdd 439 0 3506 16906 35213 788057 22175024 10470746 113 81775 10510541
======================
   8      48 sdd 444 0 3546 18149 37317 788070 23497792 11087196 94 86778 11126740
======================
   8      48 sdd 450 0 3594 19815 39417 788083 24819264 11669445 154 91779 11712380
======================
   8      48 sdd 456 0 3642 21154 41517 788096 26140992 12277104 146 96783 12317942
======================
   8      48 sdd 461 0 3682 22256 43621 788108 27464384 12895648 153 101786 12941478
======================
   8      48 sdd 466 0 3722 23354 45721 788121 28785856 13534116 157 106789 13558213
======================
   8      48 sdd 472 0 3770 24454 47820 788134 30106944 14124699 140 111795 14172500
======================
   8      48 sdd 477 0 3810 25769 49924 788148 31430352 14749748 129 116798 14797002
======================
   8      48 sdd 482 0 3850 26888 52023 788161 32751184 15377847 156 121801 15422256
======================
   8      48 sdd 488 0 3898 28138 54117 788174 34069072 15976761 148 126806 16029439
======================
   8      48 sdd 493 0 3938 29525 56217 788186 35389904 16578199 129 131809 16628934
======================
   8      48 sdd 498 0 3978 30781 58316 788199 36710992 17188839 149 136811 17242276
======================
   8      48 sdd 504 0 4026 31952 60399 788212 38021840 17798416 155 141815 17855260
======================
   8      48 sdd 509 0 4066 33081 62493 788225 39338208 18410647 134 146817 18468426
======================
   8      48 sdd 514 0 4106 34180 64583 788238 40653536 19026185 146 151820 19084522
======================
   8      48 sdd 520 0 4154 35212 66670 788251 41966944 19646567 135 156824 19706428
======================
   8      48 sdd 525 0 4194 36341 68762 788263 43282912 20257845 137 161827 20318667
======================
   8      48 sdd 530 0 4234 37645 70851 788277 44597352 20896207 128 166835 20957738
======================
   8      48 sdd 536 0 4282 38744 72937 788290 45910120 21533434 149 171839 21596899
======================
   8      48 sdd 541 0 4322 39909 75029 788302 47226088 22152591 148 176842 22216905
======================
   8      48 sdd 546 0 4362 41277 77115 788315 48538856 22761190 136 181845 22826523
======================
   8      48 sdd 552 0 4410 42473 79204 788328 49853544 23371316 132 186851 23438377
======================
   8      48 sdd 557 0 4450 43494 81295 788340 51168616 23998346 156 191854 24066289
======================
   8      48 sdd 562 0 4490 44582 83381 788353 52481384 24617864 133 196857 24686465
======================
   8      48 sdd 568 0 4538 45675 85467 788366 53794152 25241130 152 201860 25311122
======================
   8      48 sdd 573 0 4578 46948 87559 788379 55109496 25837746 131 206863 25908806
======================
   8      48 sdd 578 0 4618 47967 89648 788392 56424184 26463904 136 211867 26535880
======================
   8      48 sdd 584 0 4666 48938 91737 788405 57738616 27089920 137 216871 27163132
======================
   8      48 sdd 589 0 4706 49836 93828 788417 59053944 27723234 155 221874 27796910
======================
   8      48 sdd 594 0 4746 50990 95912 788432 60365448 28359845 148 226877 28435003
======================
   8      48 sdd 600 0 4794 52187 98000 788445 61679368 28967336 151 231879 29043268
======================
   8      48 sdd 605 0 4834 53349 100091 788457 62994824 29587633 138 236882 29665101
======================
   8      48 sdd 610 0 4874 54511 102180 788470 64309256 30201405 128 241886 30279148
======================
   8      48 sdd 616 0 4922 55728 104268 788483 65623304 30811335 130 246888 30890474
======================
   8      48 sdd 621 0 4962 56763 106358 788495 66937992 31437891 143 251891 31518338
======================
   8      48 sdd 626 0 5002 57851 108443 788508 68250120 32062596 129 256894 32144028
======================
   8      48 sdd 632 0 5050 59036 110529 788521 69562888 32673947 135 261897 32756771
======================
   8      48 sdd 637 0 5090 60444 112622 788534 70878616 33265592 130 266900 33349421
======================
   8      48 sdd 642 0 5130 61539 114707 788547 72190744 33888748 128 271903 33973507
======================
   8      48 sdd 648 0 5178 62607 116793 788560 73503512 34501653 125 276906 34587491
======================
   8      48 sdd 653 0 5218 63704 118884 788572 74818840 35117573 118 281909 35204095
======================
   8      48 sdd 658 0 5258 64735 120966 788585 76129048 35738887 119 286912 35826365
======================
   8      48 sdd 664 0 5306 65900 123053 788598 77442456 36349843 115 291916 36438173
======================
   8      48 sdd 669 0 5346 67071 125145 788610 78758424 36959359 107 296919 37048551
======================
   8      48 sdd 675 0 5394 68337 127232 788623 80071576 37568989 143 301922 37660497
======================
   8      48 sdd 680 0 5434 69193 129320 788636 81385624 38197904 98 306927 38288184
======================
   8      48 sdd 685 0 5474 70353 131412 788649 82701600 38840472 90 311931 38930938
======================
   8      48 sdd 691 0 5522 71846 133495 788662 84012448 39447127 139 316934 39541488
======================
   8      48 sdd 697 0 5570 73331 135582 788676 85325232 40050044 134 321936 40145920
======================
   8      48 sdd 701 0 5602 74254 137673 788689 86640944 40680866 79 326938 40773928
======================
   8      48 sdd 707 0 5650 75741 139761 788702 87954992 41281887 144 331942 41378076
======================
   8      48 sdd 712 0 5690 76845 141850 788715 89269680 41893680 68 336945 41987274
======================
   8      48 sdd 717 0 5730 78019 143940 788728 90585008 42507942 35 341948 42595411
======================
   8      48 sdd 722 0 5770 79262 146027 788741 91898416 43109173 31 346951 43196967
======================
   8      48 sdd 728 0 5818 80695 148115 788754 93212208 43694558 26 351954 43782238
======================
   8      48 sdd 733 0 5858 81795 150205 788767 94527536 44312102 19 356957 44399030
======================
   8      48 sdd 739 0 5906 83019 152289 788781 95838400 44918814 130 361961 45024908
======================
   8      48 sdd 745 0 5954 84450 154368 788794 97146056 45531166 136 366965 45631604
======================
   8      48 sdd 750 0 5994 85611 156455 788807 98459464 46159684 158 371970 46266432
======================
   8      48 sdd 755 0 6034 86776 158537 788820 99769672 46778322 128 376973 46885564
======================
   8      48 sdd 761 0 6082 87938 160586 788833 101059880 47387730 155 381983 47498818
======================
   8      48 sdd 766 0 6122 89035 162670 788846 102370096 48015155 129 386986 48124813
======================
   8      48 sdd 771 0 6162 90207 164755 788859 103681968 48633835 129 391990 48744294
======================
   8      48 sdd 776 0 6202 91308 166856 788868 105004336 49244776 9 396994 49337843
======================
   8      48 sdd 782 0 6250 92795 168945 788880 106318896 49855009 128 401998 49957346
======================
   8      48 sdd 787 0 6290 93805 171026 788897 107627952 50470333 152 407001 50587065
======================
   8      48 sdd 793 0 6338 95146 173110 788906 108939440 51093035 155 412006 51190209
======================
   8      48 sdd 798 0 6378 96429 175196 788918 110251568 51686879 133 417010 51804004
======================
   8      48 sdd 803 0 6418 97549 177276 788935 111560496 52306849 133 422013 52427931
======================
   8      48 sdd 809 0 6466 98776 179366 788947 112874328 52925913 147 427016 53042584
======================
   8      48 sdd 814 0 6506 100038 181448 788956 114185136 53539469 151 432019 53657269
======================
   8      48 sdd 819 0 6546 101148 183532 788973 115496024 54154736 130 437022 54278594
======================
   8      48 sdd 825 0 6594 102245 185618 788986 116807528 54775994 147 442025 54900096
======================
   8      48 sdd 830 0 6634 103367 187703 788995 118120256 55398572 142 447029 55521466
======================
   8      48 sdd 835 0 6674 104507 189785 789012 119429864 56010116 147 452032 56136425
======================
   8      48 sdd 841 0 6722 105497 191867 789024 120739432 56642332 144 457035 56765930
======================
   8      48 sdd 846 0 6762 106604 193952 789033 122052160 57259904 143 462039 57382422
======================
   8      48 sdd 851 0 6802 107714 196029 789046 123359424 57882245 133 467042 58006077
======================
   8      48 sdd 857 0 6850 108903 198116 789059 124672576 58501085 136 472045 58616772
======================
   8      48 sdd 862 0 6890 110099 200206 789071 125987264 59115718 145 477048 59229965
======================
   8      48 sdd 867 0 6930 111243 202284 789084 127294912 59730200 93 482052 59840435
======================
   8      48 sdd 873 0 6978 112484 204366 789097 128605120 60364132 67 487057 60475395
======================
   8      48 sdd 878 0 7018 113899 206455 789109 129919168 60984781 157 492061 61098905
======================
   8      48 sdd 883 0 7058 115227 208533 789122 131228008 61618458 24 497064 61732998
