97.4
17.9
18.3
20.0
20.4
21.0
21.5
21.4
21.2
19.9
21.8
21.0
21.4
21.4
21.3
21.6
21.1
21.2
22.1
21.4
21.7
21.2
20.7
21.3
21.2
23.0
21.3
21.3
21.0
21.2
22.1
21.9
21.7
20.1
21.7
21.2
21.9
21.9
21.4
21.4
21.0
21.4
21.9
21.9
20.9
21.6
21.2
21.2
22.2
22.1
22.2
21.5
21.3
21.3
22.3
21.1
22.4
21.2
21.1
21.0
22.2
21.7
21.7
21.3
21.1
21.4
22.3
22.2
21.5
21.3
21.1
21.5
22.2
22.1
21.6
21.6
21.4
21.3
20.9
23.4
21.7
21.3
21.0
21.4
22.3
22.2
21.8
21.5
21.3
21.5
22.1
21.1
23.0
21.4
21.6
21.2
22.1
22.1
21.8
21.5
21.4
21.3
22.3
21.0
22.6
21.4
21.5
21.4
22.3
22.0
21.7
21.6
21.7
21.6
22.2
21.5
22.6
21.3
21.4
21.8
22.3
22.4
21.7
21.6
21.8
21.8
21.0
23.1
21.6
21.5
21.4
21.3
22.4
22.0
21.3
21.8
21.2
21.9
21.8
7.5
