16083.547
0.100
4737.150
265.162
431.238
749.814
786.228
962.715
908.205
920.876
909.329
911.910
913.994
920.625
926.989
919.064
915.064
907.271
939.903
926.316
933.606
934.884
935.662
927.213
969.692
947.903
946.713
956.510
961.674
960.817
970.021
976.513
961.568
1015.805
982.683
981.683
968.269
956.629
963.499
963.405
960.267
957.488
951.197
971.721
965.875
964.797
937.768
883.005
1016.297
946.764
953.359
954.383
954.100
942.568
934.795
942.090
937.380
940.300
954.598
875.805
990.911
935.413
940.375
976.207
984.794
1008.281
1007.700
1002.608
1002.381
930.869
1031.026
963.814
968.858
965.108
971.924
963.701
968.991
922.177
1004.563
946.832
941.136
943.494
953.310
894.970
1024.849
952.076
945.104
940.278
937.024
887.392
966.720
934.194
941.262
936.595
941.052
944.376
972.070
998.424
992.003
1001.532
993.372
989.650
989.755
990.774
965.656
930.663
1007.185
958.976
957.874
957.260
969.453
967.474
911.298
1001.786
944.062
940.302
951.549
947.774
907.875
984.521
951.875
931.801
936.752
939.508
937.325
938.052
949.166
938.758
944.658
972.696
953.184
1008.284
1023.960
1004.925
987.089
983.983
961.993
977.659
971.778
959.991
939.088
995.231
978.215
970.520
963.615
962.776
958.579
568.657
