======================
   8      16 sdb 986036 4 251704210 180678683 449563 1761995 282720048 104293394 33 3756798 284971870
======================
   8      16 sdb 986158 4 251705186 180688602 451956 1761995 284228016 104785720 26 3761684 285478358
======================
   8      16 sdb 986165 4 251705242 180690000 454501 1762021 285825240 105388809 149 3766687 286096423
======================
   8      16 sdb 986172 4 251705298 180691654 457028 1762039 287414168 105936380 147 3771690 286644032
======================
   8      16 sdb 986178 4 251705346 180693539 459544 1762056 288996432 106486349 135 3776693 287199371
======================
   8      16 sdb 986185 4 251705402 180695599 461888 1762074 290470528 107026912 24 3781702 287719075
======================
   8      16 sdb 986191 4 251705450 180697766 464626 1762091 292191680 107523456 130 3786752 288238103
======================
   8      16 sdb 986197 4 251705498 180699477 467160 1762109 293784960 108090280 131 3791752 288806709
======================
   8      16 sdb 986204 4 251705554 180700974 469693 1762124 295379472 108677623 90 3796755 289392740
======================
   8      16 sdb 986210 4 251705602 180702623 472227 1762143 296971496 109228721 60 3801758 289941155
======================
   8      16 sdb 986217 4 251705658 180705005 474746 1762159 298556424 109687668 41 3806760 290398524
======================
   8      16 sdb 986224 4 251705714 180706789 477271 1762177 300142680 110244606 149 3811765 290959881
======================
   8      16 sdb 986230 4 251705762 180708377 479804 1762197 301735968 110835780 135 3816768 291558060
======================
   8      16 sdb 986237 4 251705818 180710157 482332 1762213 303326656 111382145 154 3821770 292103923
======================
   8      16 sdb 986243 4 251705866 180712014 484864 1762230 304918648 111920884 134 3826773 292649478
======================
   8      16 sdb 986250 4 251705922 180714470 487375 1762248 306497208 112386556 131 3831775 293107423
======================
   8      16 sdb 986256 4 251705970 180716101 489908 1762265 308089208 112935589 129 3836779 293667732
======================
   8      16 sdb 986262 4 251706018 180717807 492456 1762284 309691832 113519160 150 3841782 294253235
======================
   8      16 sdb 986269 4 251706074 180719829 494963 1762300 311269336 114053051 142 3846783 294788346
======================
   8      16 sdb 986275 4 251706122 180721396 497493 1762318 312860688 114624456 146 3851786 295362389
======================
   8      16 sdb 986282 4 251706178 180723217 500007 1762338 314441440 115168930 153 3856789 295908745
======================
   8      16 sdb 986288 4 251706226 180725010 502540 1762356 316032560 115735022 131 3861793 296476632
======================
   8      16 sdb 986294 4 251706274 180726757 505061 1762374 317618408 116292476 111 3866795 297034410
======================
   8      16 sdb 986301 4 251706330 180728799 507506 1762389 319156104 116833494 130 3871797 297578607
======================
   8      16 sdb 986307 4 251706378 180730486 509987 1762407 320715976 117395287 129 3876798 298143626
======================
   8      16 sdb 986314 4 251706434 180732951 512442 1762425 322259840 117869004 142 3881799 298616578
======================
   8      16 sdb 986320 4 251706482 180734437 514920 1762440 323818400 118455496 155 3886802 299206626
======================
   8      16 sdb 986326 4 251706530 180736336 517420 1762458 325390808 119014931 147 3891805 299767221
======================
   8      16 sdb 986333 4 251706586 180737996 519878 1762475 326935576 119570094 140 3896808 300326019
======================
   8      16 sdb 986339 4 251706634 180739803 522370 1762493 328502232 120141589 136 3901810 300898038
======================
   8      16 sdb 986345 4 251706682 180741603 524767 1762511 330009744 120663120 1 3906814 301401367
======================
   8      16 sdb 986352 4 251706738 180743649 527311 1762527 331609408 121229372 129 3911816 301977630
======================
   8      16 sdb 986358 4 251706786 180745590 529804 1762545 333176704 121776922 133 3916819 302536352
======================
   8      16 sdb 986365 4 251706842 180747313 532261 1762562 334721464 122334153 135 3921822 303092377
======================
   8      16 sdb 986371 4 251706890 180748964 534753 1762578 336289368 122905539 152 3926825 303658187
======================
   8      16 sdb 986377 4 251706938 180750806 537219 1762596 337840528 123423420 56 3931827 304183515
======================
   8      16 sdb 986383 4 251706986 180752706 539710 1762613 339405904 123989085 68 3936829 304752732
======================
   8      16 sdb 986389 4 251707034 180754490 542182 1762632 340960024 124544095 98 3941832 305313806
======================
   8      16 sdb 986396 4 251707090 180756390 544620 1762650 342493520 125086107 136 3946833 305860066
======================
   8      16 sdb 986402 4 251707138 180758013 547091 1762667 344047624 125661634 131 3951835 306436332
======================
   8      16 sdb 986409 4 251707194 180759912 549545 1762686 345589208 126192707 146 3956839 306964438
======================
   8      16 sdb 986415 4 251707242 180761634 552006 1762703 347135640 126745692 135 3961844 307524551
======================
   8      16 sdb 986421 4 251707290 180763148 554453 1762721 348675272 127354267 150 3966847 308133312
======================
   8      16 sdb 986428 4 251707346 180765155 556883 1762741 350201264 127887100 149 3971851 308650799
======================
   8      16 sdb 986433 4 251707386 180766596 559351 1762757 351753936 128462253 1 3976854 309225209
======================
   8      16 sdb 986439 4 251707434 180768087 561832 1762771 353316432 129052490 5 3981856 309818004
======================
   8      16 sdb 986446 4 251707490 180769996 564258 1762789 354840856 129577353 95 3986858 310361093
======================
   8      16 sdb 986452 4 251707538 180771567 566730 1762810 356393728 130179237 127 3991860 310967931
======================
   8      16 sdb 986459 4 251707594 180773822 569157 1762828 357920816 130668651 142 3996862 311457969
======================
   8      16 sdb 986465 4 251707642 180775694 571598 1762848 359455944 131229710 145 4001867 312020604
======================
   8      16 sdb 986471 4 251707690 180777572 574066 1762864 361007152 131795299 145 4006867 312581633
======================
   8      16 sdb 986477 4 251707738 180779291 576438 1762879 362501432 132326176 5 4011872 313102815
======================
   8      16 sdb 986483 4 251707786 180781179 578853 1762896 364017664 132880177 94 4016873 313676513
======================
   8      16 sdb 986490 4 251707842 180783241 581233 1762915 365513928 133410312 147 4021876 314210389
======================
   8      16 sdb 986496 4 251707890 180785047 583637 1762932 367023888 133983338 154 4026882 314781896
======================
   8      16 sdb 986501 4 251707930 180786457 586009 1762936 368516680 134593805 1 4031885 315376516
======================
   8      16 sdb 986508 4 251707986 180788736 588383 1762954 370010360 135094514 114 4036887 315902751
======================
   8      16 sdb 986514 4 251708034 180790597 590785 1762971 371519808 135653386 138 4041890 316460694
======================
   8      16 sdb 986519 4 251708074 180792378 593098 1762991 372973704 136189845 1 4046892 316978642
======================
   8      16 sdb 986527 4 251708138 180794693 595558 1763006 374521000 136732021 145 4051895 317536194
======================
   8      16 sdb 986532 4 251708178 180796276 597945 1763024 376021608 137313069 137 4056897 318127521
======================
   8      16 sdb 986539 4 251708234 180798350 600342 1763044 377528632 137846603 146 4061901 318660196
======================
   8      16 sdb 986545 4 251708282 180800157 602732 1763062 379029136 138426796 130 4066904 319237694
======================
   8      16 sdb 986550 4 251708322 180801653 605149 1763078 380549176 138986893 45 4071907 319795719
======================
   8      16 sdb 986557 4 251708378 180803757 607494 1763094 382024536 139512784 145 4076908 320333024
======================
   8      16 sdb 986563 4 251708426 180806007 609912 1763113 383544616 140010785 136 4081909 320831039
======================
   8      16 sdb 986569 4 251708474 180807864 612264 1763130 385023192 140548689 18 4086911 321357517
======================
   8      16 sdb 986575 4 251708522 180809740 614633 1763147 386513032 141102571 130 4091915 321930437
======================
   8      16 sdb 986581 4 251708570 180811569 617033 1763166 388021336 141655231 154 4096918 322482835
======================
   8      16 sdb 986588 4 251708626 180813190 619377 1763182 389494664 142228987 146 4101921 323042402
======================
   8      16 sdb 986593 4 251708666 180814794 621780 1763196 391006488 142767828 79 4106923 323595510
======================
   8      16 sdb 986599 4 251708714 180816241 624153 1763215 392498400 143371489 144 4111926 324205087
======================
   8      16 sdb 986606 4 251708770 180818603 626524 1763233 393987632 143878349 143 4116928 324698644
======================
   8      16 sdb 986611 4 251708810 180819890 628849 1763252 395448576 144489384 116 4121931 325326106
======================
   8      16 sdb 986618 4 251708866 180821895 631174 1763268 396910760 144987253 131 4126933 325828418
======================
   8      16 sdb 986623 4 251708906 180823569 633519 1763283 398385480 145543660 32 4131936 326371386
======================
   8      16 sdb 986629 4 251708954 180825541 635861 1763302 399857048 146094235 136 4136939 326938032
======================
   8      16 sdb 986635 4 251709002 180827183 638135 1763315 401288720 146655599 1 4141942 327478850
======================
   8      16 sdb 986641 4 251709050 180828956 640519 1763333 402786272 147219883 121 4146943 328065946
======================
   8      16 sdb 986647 4 251709098 180830596 642871 1763352 404266136 147794141 150 4151946 328641333
======================
   8      16 sdb 986653 4 251709146 180832015 645182 1763369 405717472 148375156 47 4156950 329214700
======================
   8      16 sdb 986659 4 251709194 180833728 647535 1763383 407197304 148930221 144 4161952 329781568
======================
   8      16 sdb 986666 4 251709250 180835581 649850 1763398 408654976 149479909 145 4166955 330323356
======================
   8      16 sdb 986671 4 251709290 180837013 652172 1763421 410111504 150075125 146 4171958 330930785
======================
   8      16 sdb 986677 4 251709338 180838789 654443 1763436 411539632 150654508 145 4176960 331506276
======================
   8      16 sdb 986683 4 251709386 180840319 656681 1763453 412948176 151199151 133 4181962 332058024
======================
   8      16 sdb 986688 4 251709426 180841604 658982 1763471 414393376 151821944 8 4186963 332661362
======================
   8      16 sdb 986694 4 251709474 180843237 661250 1763485 415820208 152394138 150 4191965 333256383
======================
   8      16 sdb 986699 4 251709514 180844879 663058 1763504 416953872 152821047 0 4195940 333661449
started
======================
   8      16 sdb 988024 4 252001044 181070556 663064 1763504 416953920 152821048 64 4199655 333893276
======================
   8      16 sdb 989452 4 252366356 181391800 663067 1763508 416953976 152821048 64 4204702 334216287
======================
   8      16 sdb 991152 4 252801556 181713491 663067 1763508 416953976 152821048 64 4209706 334536357
======================
   8      16 sdb 992891 4 253246740 182033296 663067 1763508 416953976 152821048 64 4214709 334856327
======================
   8      16 sdb 994585 4 253680404 182353890 663067 1763508 416953976 152821048 64 4219712 335176336
======================
   8      16 sdb 996245 4 254105364 182673605 663067 1763508 416953976 152821048 64 4224716 335496387
======================
   8      16 sdb 997968 4 254546452 182993364 663067 1763508 416953976 152821048 64 4229719 335816350
======================
   8      16 sdb 999739 4 254999828 183313026 663067 1763508 416953976 152821048 63 4234722 336136163
======================
   8      16 sdb 1001446 4 255436564 183633716 663069 1763510 416954008 152821048 63 4239725 336456093
======================
   8      16 sdb 1003326 4 255917844 183953536 663069 1763510 416954008 152821048 64 4244728 336776105
======================
   8      16 sdb 1005082 4 256367380 184272592 663069 1763510 416954008 152821048 64 4249732 337096198
======================
   8      16 sdb 1006830 4 256813844 184593349 663069 1763510 416954008 152821048 65 4254735 337416847
======================
   8      16 sdb 1008557 4 257249044 184919519 663069 1763510 416954008 152821048 64 4259739 337741840
======================
   8      16 sdb 1010334 4 257703956 185239247 663069 1763510 416954008 152821048 64 4264742 338061756
======================
   8      16 sdb 1012057 4 258145044 185559024 663069 1763510 416954008 152821048 64 4269746 338381742
======================
   8      16 sdb 1013764 4 258581780 185879017 663069 1763510 416954008 152821048 64 4274749 338701930
======================
   8      16 sdb 1015484 4 259022100 186199335 663069 1763510 416954008 152821048 64 4279752 339021886
======================
   8      16 sdb 1017296 4 259485972 186519341 663069 1763510 416954008 152821048 64 4284755 339341619
======================
   8      16 sdb 1019036 4 259931412 186838833 663069 1763510 416954008 152821048 64 4289758 339661447
======================
   8      16 sdb 1020776 4 260376852 187160050 663069 1763510 416954008 152821048 64 4294776 339982342
======================
   8      16 sdb 1022518 4 260822804 187479384 663069 1763510 416954008 152821048 64 4299779 340302339
======================
   8      16 sdb 1024269 4 261270804 187799988 663069 1763510 416954008 152821048 65 4304782 340622541
======================
   8      16 sdb 1026001 4 261711380 188121567 663069 1763510 416954008 152821048 65 4309786 340944494
======================
   8      16 sdb 1027738 4 262152180 188444249 663069 1763510 416954008 152821048 64 4314789 341267160
======================
   8      16 sdb 1029507 4 262603796 188765737 663069 1763510 416954008 152821048 64 4319793 341587672
======================
   8      16 sdb 1031230 4 263044884 189084845 663069 1763510 416954008 152821048 64 4324797 341907607
======================
   8      16 sdb 1032973 4 263490836 189405070 663069 1763510 416954008 152821048 63 4329801 342227370
======================
   8      16 sdb 1034762 4 263948820 189725172 663069 1763510 416954008 152821048 64 4334805 342547253
======================
   8      16 sdb 1036489 4 264390676 190044338 663069 1763510 416954008 152821048 64 4339808 342867402
======================
   8      16 sdb 1038189 4 264825876 190363993 663069 1763510 416954008 152821048 64 4344811 343187168
======================
   8      16 sdb 1039947 4 265275924 190684848 663069 1763510 416954008 152821048 64 4349814 343507153
======================
   8      16 sdb 1041667 4 265716244 191003836 663069 1763510 416954008 152821048 64 4354819 343827192
======================
   8      16 sdb 1043360 4 266149396 191323839 663069 1763510 416954008 152821048 64 4359822 344147260
======================
   8      16 sdb 1045045 4 266579476 191644743 663069 1763510 416954008 152821048 64 4364825 344468124
======================
   8      16 sdb 1046722 4 267006228 191967634 663069 1763510 416954008 152821048 65 4369828 344789891
======================
   8      16 sdb 1048435 4 267441684 192289142 663069 1763510 416954008 152821048 65 4374832 345111606
======================
   8      16 sdb 1050155 4 267880980 192609269 663069 1763510 416954008 152821048 64 4379836 345432372
======================
   8      16 sdb 1051818 4 268306708 192929368 663069 1763510 416954008 152821048 64 4384840 345752382
======================
   8      16 sdb 1053531 4 268744980 193249970 663069 1763510 416954008 152821048 64 4389844 346072563
======================
   8      16 sdb 1055264 4 269188628 193570310 663069 1763510 416954008 152821048 64 4394847 346392475
======================
   8      16 sdb 1057000 4 269633044 193889117 663069 1763510 416954008 152821048 64 4399850 346712502
======================
   8      16 sdb 1058713 4 270071572 194210290 663069 1763510 416954008 152821048 64 4404853 347032384
======================
   8      16 sdb 1060420 4 270508564 194529616 663069 1763510 416954008 152821048 64 4409857 347352391
======================
   8      16 sdb 1062124 4 270944532 194849829 663069 1763510 416954008 152821048 64 4414860 347672298
======================
   8      16 sdb 1063876 4 271391252 195170325 663069 1763510 416954008 152821048 64 4419864 347993496
======================
   8      16 sdb 1065596 4 271829268 195492482 663069 1763510 416954008 152821048 64 4424867 348315048
======================
   8      16 sdb 1067318 4 272269844 195812558 663069 1763510 416954008 152821048 64 4429870 348635106
======================
   8      16 sdb 1069052 4 272711188 196133893 663069 1763510 416954008 152821048 64 4434874 348956874
======================
   8      16 sdb 1070795 4 273156884 196454331 663069 1763510 416954008 152821048 64 4439877 349277236
======================
   8      16 sdb 1072461 4 273583124 196774618 663069 1763510 416954008 152821048 64 4444881 349597518
======================
   8      16 sdb 1074231 4 274036244 197095133 663069 1763510 416954008 152821048 64 4449886 349917521
======================
   8      16 sdb 1075989 4 274486292 197414452 663069 1763510 416954008 152821048 64 4454889 350237481
======================
   8      16 sdb 1077655 4 274912788 197734607 663069 1763510 416954008 152821048 64 4459892 350557495
======================
   8      16 sdb 1079364 4 275350036 198055777 663069 1763510 416954008 152821048 64 4464896 350877757
======================
   8      16 sdb 1081141 4 275804692 198375235 663069 1763510 416954008 152821048 64 4469899 351197964
======================
   8      16 sdb 1082865 4 276245780 198695825 663069 1763510 416954008 152821048 64 4474903 351518204
======================
   8      16 sdb 1084640 4 276697876 199017113 663069 1763510 416954008 152821048 64 4479907 351839670
======================
   8      16 sdb 1086351 4 277134356 199338306 663069 1763510 416954008 152821048 64 4484910 352160738
======================
   8      16 sdb 1088073 4 277574452 199657823 663069 1763510 416954008 152821048 64 4489914 352481178
======================
   8      16 sdb 1089706 4 277990420 199979635 663069 1763510 416954008 152821048 64 4494917 352802542
======================
   8      16 sdb 1091381 4 278418708 200299739 663069 1763510 416954008 152821048 64 4499920 353122928
======================
   8      16 sdb 1093100 4 278858516 200621129 663069 1763510 416954008 152821048 63 4504923 353442979
======================
   8      16 sdb 1094790 4 279291156 200939865 663069 1763510 416954008 152821048 64 4509927 353762986
======================
   8      16 sdb 1096549 4 279741460 201259848 663069 1763510 416954008 152821048 64 4514930 354082873
======================
   8      16 sdb 1098294 4 280187156 201580905 663069 1763510 416954008 152821048 64 4519934 354403495
======================
   8      16 sdb 1100027 4 280630292 201901384 663069 1763510 416954008 152821048 64 4524938 354723877
======================
   8      16 sdb 1101784 4 281079828 202222328 663069 1763510 416954008 152821048 64 4529941 355043923
======================
   8      16 sdb 1103503 4 281518100 202542592 663069 1763510 416954008 152821048 65 4534944 355364909
======================
   8      16 sdb 1105243 4 281962004 202862850 663069 1763510 416954008 152821048 64 4539947 355685888
======================
   8      16 sdb 1107016 4 282415892 203183210 663069 1763510 416954008 152821048 64 4544951 356005912
======================
   8      16 sdb 1108776 4 282865684 203504022 663069 1763510 416954008 152821048 65 4549954 356326513
======================
   8      16 sdb 1110507 4 283306772 203825262 663069 1763510 416954008 152821048 63 4554957 356647777
======================
   8      16 sdb 1112207 4 283741204 204146047 663069 1763510 416954008 152821048 64 4559960 356968118
======================
   8      16 sdb 1114031 4 284207892 204465954 663069 1763510 416954008 152821048 64 4564964 357288248
======================
   8      16 sdb 1115768 4 284652564 204785592 663069 1763510 416954008 152821048 64 4569974 357608524
======================
   8      16 sdb 1117541 4 285106196 205106570 663069 1763510 416954008 152821048 64 4574978 357928504
======================
   8      16 sdb 1119319 4 285560852 205426469 663069 1763510 416954008 152821048 64 4579981 358248637
======================
   8      16 sdb 1121021 4 285996308 205746586 663069 1763510 416954008 152821048 64 4584984 358568777
======================
   8      16 sdb 1122742 4 286435348 206067286 663069 1763510 416954008 152821048 64 4589987 358889729
======================
   8      16 sdb 1124469 4 286875668 206388482 663069 1763510 416954008 152821048 64 4594997 359211350
======================
   8      16 sdb 1126248 4 287330580 206709720 663069 1763510 416954008 152821048 64 4600000 359531444
======================
   8      16 sdb 1128013 4 287782420 207028657 663069 1763510 416954008 152821048 64 4605003 359851417
======================
   8      16 sdb 1129740 4 288222708 207349821 663069 1763510 416954008 152821048 64 4610006 360172798
======================
   8      16 sdb 1131443 4 288657940 207671182 663069 1763510 416954008 152821048 64 4615010 360493211
======================
   8      16 sdb 1133175 4 289101076 207990494 663069 1763510 416954008 152821048 64 4620013 360813321
======================
   8      16 sdb 1134929 4 289550100 208310291 663069 1763510 416954008 152821048 64 4625016 361133323
======================
   8      16 sdb 1136639 4 289987604 208630467 663069 1763510 416954008 152821048 64 4630019 361453528
======================
   8      16 sdb 1138401 4 290438420 208950907 663069 1763510 416954008 152821048 64 4635022 361773534
======================
   8      16 sdb 1140144 4 290884404 209271036 663069 1763510 416954008 152821048 64 4640025 362093803
======================
   8      16 sdb 1141921 4 291339284 209591780 663069 1763510 416954008 152821048 64 4645029 362413771
======================
   8      16 sdb 1143700 4 291794708 209911595 663069 1763510 416954008 152821048 64 4650033 362733766
======================
   8      16 sdb 1145422 4 292235540 210231242 663069 1763510 416954008 152821048 64 4655037 363053844
======================
   8      16 sdb 1147195 4 292689428 210551319 663069 1763510 416954008 152821048 64 4660041 363373860
======================
   8      16 sdb 1148937 4 293135380 210870652 663069 1763510 416954008 152821048 64 4665045 363693820
======================
   8      16 sdb 1150700 4 293586708 211191832 663069 1763510 416954008 152821048 64 4670048 364013825
======================
   8      16 sdb 1152443 4 294032916 211510284 663069 1763510 416954008 152821048 64 4675051 364333670
======================
   8      16 sdb 1154157 4 294471700 211831290 663069 1763510 416954008 152821048 64 4680054 364653700
======================
   8      16 sdb 1155857 4 294906900 212151585 663069 1763510 416954008 152821048 64 4685057 364973599
======================
   8      16 sdb 1157563 4 295343380 212471301 663069 1763510 416954008 152821048 64 4690061 365293825
======================
   8      16 sdb 1159315 4 295791892 212791620 663069 1763510 416954008 152821048 64 4695064 365613725
======================
   8      16 sdb 1161066 4 296240148 213111246 663069 1763510 416954008 152821048 64 4700067 365933745
======================
   8      16 sdb 1162841 4 296694292 213431267 663069 1763510 416954008 152821048 64 4705070 366253732
======================
   8      16 sdb 1164580 4 297139476 213750876 663069 1763510 416954008 152821048 64 4710074 366573632
======================
   8      16 sdb 1166259 4 297569300 214070721 663069 1763510 416954008 152821048 64 4715077 366893658
======================
   8      16 sdb 1168016 4 298019092 214391953 663069 1763510 416954008 152821048 64 4720080 367213607
======================
   8      16 sdb 1169774 4 298469140 214711546 663069 1763510 416954008 152821048 63 4725083 367533432
======================
   8      16 sdb 1171534 4 298919700 215031592 663069 1763510 416954008 152821048 64 4730087 367853423
======================
   8      16 sdb 1173341 4 299382292 215351259 663069 1763510 416954008 152821048 64 4735090 368173282
======================
   8      16 sdb 1175070 4 299824916 215670587 663069 1763510 416954008 152821048 64 4740093 368493259
======================
   8      16 sdb 1176793 4 300266004 215991129 663069 1763510 416954008 152821048 64 4745096 368813058
======================
   8      16 sdb 1178530 4 300710676 216310312 663069 1763510 416954008 152821048 64 4750100 369133056
======================
   8      16 sdb 1180279 4 301158420 216629888 663069 1763510 416954008 152821048 64 4755104 369453099
======================
   8      16 sdb 1181962 4 301589268 216950133 663069 1763510 416954008 152821048 64 4760108 369773118
======================
   8      16 sdb 1183676 4 302028052 217270165 663069 1763510 416954008 152821048 63 4765111 370093047
======================
   8      16 sdb 1185529 4 302502420 217590297 663069 1763510 416954008 152821048 64 4770114 370412732
======================
   8      16 sdb 1187267 4 302947092 217911062 663069 1763510 416954008 152821048 64 4775117 370733018
======================
   8      16 sdb 1189026 4 303397396 218230414 663069 1763510 416954008 152821048 64 4780121 371053007
======================
   8      16 sdb 1190785 4 303847700 218550168 663069 1763510 416954008 152821048 64 4785124 371373013
======================
   8      16 sdb 1192527 4 304293396 218870495 663069 1763510 416954008 152821048 64 4790127 371693175
======================
   8      16 sdb 1194298 4 304746772 219190838 663069 1763510 416954008 152821048 64 4795130 372013107
======================
   8      16 sdb 1196059 4 305197332 219510391 663069 1763510 416954008 152821048 64 4800133 372333268
======================
   8      16 sdb 1197855 4 305657108 219830450 663069 1763510 416954008 152821048 64 4805137 372653178
======================
   8      16 sdb 1199555 4 306092308 220150216 663069 1763510 416954008 152821048 64 4810140 372973106
======================
   8      16 sdb 1201253 4 306526996 220470185 663069 1763510 416954008 152821048 64 4815143 373293121
======================
   8      16 sdb 1203024 4 306980372 220791353 663069 1763510 416954008 152821048 63 4820146 373613023
======================
   8      16 sdb 1204764 4 307425812 221110414 663069 1763510 416954008 152821048 64 4825150 373933082
======================
   8      16 sdb 1206553 4 307883796 221430767 663069 1763510 416954008 152821048 64 4830154 374253058
======================
   8      16 sdb 1208304 4 308332052 221750618 663069 1763510 416954008 152821048 64 4835157 374573059
======================
   8      16 sdb 1210069 4 308783892 222070657 663069 1763510 416954008 152821048 64 4840161 374893133
======================
   8      16 sdb 1211778 4 309221140 222390624 663069 1763510 416954008 152821048 64 4845164 375213258
======================
   8      16 sdb 1213486 4 309658388 222710397 663069 1763510 416954008 152821048 64 4850168 375533284
======================
   8      16 sdb 1215222 4 310102804 223030943 663069 1763510 416954008 152821048 64 4855171 375853159
======================
   8      16 sdb 1216942 4 310543124 223350632 663069 1763510 416954008 152821048 64 4860174 376173185
======================
   8      16 sdb 1218690 4 310990612 223670050 663069 1763510 416954008 152821048 64 4865178 376493095
======================
   8      16 sdb 1220413 4 311431700 223990966 663069 1763510 416954008 152821048 64 4870181 376813058
======================
   8      16 sdb 1222183 4 311884820 224310407 663069 1763510 416954008 152821048 64 4875185 377133065
======================
   8      16 sdb 1223862 4 312314644 224630545 663069 1763510 416954008 152821048 63 4880188 377453080
======================
   8      16 sdb 1225573 4 312752404 224951006 663069 1763510 416954008 152821048 64 4885191 377773109
======================
   8      16 sdb 1227316 4 313198356 225271804 663069 1763510 416954008 152821048 64 4890194 378093278
======================
   8      16 sdb 1229042 4 313640212 225590725 663069 1763510 416954008 152821048 64 4895198 378413138
======================
   8      16 sdb 1230812 4 314093332 225910758 663069 1763510 416954008 152821048 64 4900202 378733205
======================
   8      16 sdb 1232491 4 314523156 226231464 663069 1763510 416954008 152821048 64 4905205 379053245
======================
   8      16 sdb 1234240 4 314970900 226551500 663069 1763510 416954008 152821048 64 4910208 379373235
======================
   8      16 sdb 1236005 4 315422740 226869974 663069 1763510 416954008 152821048 64 4915211 379692995
======================
   8      16 sdb 1237765 4 315873300 227190658 663069 1763510 416954008 152821048 64 4920215 380013052
======================
   8      16 sdb 1239482 4 316312852 227510781 663069 1763510 416954008 152821048 64 4925218 380333059
======================
   8      16 sdb 1241241 4 316763156 227830556 663069 1763510 416954008 152821048 64 4930221 380652986
======================
   8      16 sdb 1242961 4 317203476 228150402 663069 1763510 416954008 152821048 64 4935225 380973082
======================
   8      16 sdb 1244729 4 317656084 228470914 663069 1763510 416954008 152821048 64 4940228 381292822
======================
   8      16 sdb 1246475 4 318103060 228790747 663069 1763510 416954008 152821048 63 4945231 381612837
======================
   8      16 sdb 1248225 4 318551060 229110602 663069 1763510 416954008 152821048 64 4950235 381932846
======================
   8      16 sdb 1249930 4 318987540 229430863 663069 1763510 416954008 152821048 64 4955239 382252873
======================
   8      16 sdb 1251609 4 319417364 229750448 663069 1763510 416954008 152821048 64 4960243 382572933
======================
   8      16 sdb 1253299 4 319849748 230070198 663069 1763510 416954008 152821048 64 4965247 382893159
======================
   8      16 sdb 1255000 4 320284948 230390315 663069 1763510 416954008 152821048 64 4970250 383213278
======================
   8      16 sdb 1256753 4 320733716 230710471 663069 1763510 416954008 152821048 64 4975253 383533002
======================
   8      16 sdb 1258463 4 321171476 231030371 663069 1763510 416954008 152821048 64 4980256 383852933
======================
   8      16 sdb 1260248 4 321628436 231350363 663069 1763510 416954008 152821048 64 4985259 384172869
======================
   8      16 sdb 1262019 4 322081812 231671104 663069 1763510 416954008 152821048 64 4990262 384492852
======================
   8      16 sdb 1263769 4 322529556 231990058 663069 1763510 416954008 152821048 64 4995266 384813053
======================
   8      16 sdb 1265426 4 322953748 232310560 663069 1763510 416954008 152821048 64 5000269 385133025
======================
   8      16 sdb 1267162 4 323398164 232630905 663069 1763510 416954008 152821048 64 5005273 385453036
======================
   8      16 sdb 1268891 4 323840788 232950585 663069 1763510 416954008 152821048 63 5010276 385772873
======================
   8      16 sdb 1270612 4 324281364 233270638 663069 1763510 416954008 152821048 64 5015279 386092717
======================
   8      16 sdb 1272328 4 324720660 233590909 663069 1763510 416954008 152821048 64 5020282 386412681
======================
   8      16 sdb 1274085 4 325170452 233910992 663069 1763510 416954008 152821048 64 5025285 386732712
======================
   8      16 sdb 1275777 4 325603604 234229531 663069 1763510 416954008 152821048 64 5030289 387052545
======================
   8      16 sdb 1277525 4 326050836 234550657 663069 1763510 416954008 152821048 64 5035292 387372755
======================
   8      16 sdb 1279274 4 326498580 234870664 663069 1763510 416954008 152821048 64 5040295 387692639
======================
   8      16 sdb 1281006 4 326941972 235190359 663069 1763510 416954008 152821048 64 5045298 388012615
======================
   8      16 sdb 1282733 4 327384084 235510507 663069 1763510 416954008 152821048 64 5050301 388332630
======================
   8      16 sdb 1284464 4 327827220 235830682 663069 1763510 416954008 152821048 64 5055305 388652624
======================
   8      16 sdb 1286197 4 328270868 236149794 663069 1763510 416954008 152821048 64 5060308 388972310
======================
   8      16 sdb 1287980 4 328727060 236469962 663069 1763510 416954008 152821048 64 5065311 389292351
======================
   8      16 sdb 1289698 4 329166868 236790187 663069 1763510 416954008 152821048 64 5070314 389612346
======================
   8      16 sdb 1291409 4 329604884 237108445 663069 1763510 416954008 152821048 64 5075317 389932153
======================
   8      16 sdb 1293120 4 330042900 237430048 663069 1763510 416954008 152821048 64 5080320 390252127
======================
   8      16 sdb 1294881 4 330493460 237750503 663069 1763510 416954008 152821048 64 5085324 390572232
======================
   8      16 sdb 1296617 4 330937876 238070079 663069 1763510 416954008 152821048 64 5090327 390892230
======================
   8      16 sdb 1298337 4 331378196 238390101 663069 1763510 416954008 152821048 64 5095330 391212256
======================
   8      16 sdb 1300129 4 331836948 238709510 663069 1763510 416954008 152821048 64 5100334 391532268
======================
   8      16 sdb 1301882 4 332285716 239030697 663069 1763510 416954008 152821048 64 5105337 391852223
======================
   8      16 sdb 1303580 4 332720404 239349874 663069 1763510 416954008 152821048 64 5110340 392172203
======================
   8      16 sdb 1305339 4 333170708 239670026 663069 1763510 416954008 152821048 64 5115345 392492215
======================
   8      16 sdb 1307088 4 333618452 239989558 663069 1763510 416954008 152821048 64 5120349 392812184
======================
   8      16 sdb 1308807 4 334058516 240309633 663069 1763510 416954008 152821048 64 5125352 393132066
======================
   8      16 sdb 1310572 4 334510356 240629378 663069 1763510 416954008 152821048 64 5130355 393451972
======================
   8      16 sdb 1312316 4 334956820 240949595 663069 1763510 416954008 152821048 64 5135358 393771739
======================
   8      16 sdb 1314077 4 335407636 241269092 663069 1763510 416954008 152821048 64 5140362 394091786
======================
   8      16 sdb 1315819 4 335853588 241589863 663069 1763510 416954008 152821048 64 5145366 394411800
======================
   8      16 sdb 1317609 4 336311828 241909341 663069 1763510 416954008 152821048 64 5150369 394731555
======================
   8      16 sdb 1319336 4 336753940 242228912 663069 1763510 416954008 152821048 64 5155372 395051484
======================
   8      16 sdb 1321040 4 337190164 242550146 663069 1763510 416954008 152821048 64 5160376 395371541
======================
   8      16 sdb 1322788 4 337637396 242869764 663069 1763510 416954008 152821048 64 5165380 395691726
======================
   8      16 sdb 1324533 4 338084116 243189710 663069 1763510 416954008 152821048 64 5170383 396011604
======================
   8      16 sdb 1326295 4 338535188 243509850 663069 1763510 416954008 152821048 64 5175387 396331638
======================
   8      16 sdb 1328036 4 338980884 243829300 663069 1763510 416954008 152821048 64 5180391 396651653
======================
   8      16 sdb 1329833 4 339440916 244149287 663069 1763510 416954008 152821048 64 5185394 396971630
======================
   8      16 sdb 1331555 4 339881492 244469160 663069 1763510 416954008 152821048 64 5190397 397291780
======================
   8      16 sdb 1333326 4 340334868 244789458 663069 1763510 416954008 152821048 64 5195400 397611749
======================
   8      16 sdb 1335098 4 340788500 245109213 663069 1763510 416954008 152821048 64 5200403 397931588
======================
   8      16 sdb 1336805 4 341225492 245429597 663069 1763510 416954008 152821048 64 5205406 398251607
======================
   8      16 sdb 1338480 4 341654292 245748821 663069 1763510 416954008 152821048 64 5210410 398571640
======================
   8      16 sdb 1340188 4 342091540 246068657 663069 1763510 416954008 152821048 64 5215414 398891544
======================
   8      16 sdb 1341928 4 342536980 246388926 663069 1763510 416954008 152821048 64 5220418 399211471
======================
   8      16 sdb 1343662 4 342980884 246710091 663069 1763510 416954008 152821048 64 5225421 399531467
======================
   8      16 sdb 1345376 4 343419668 247029205 663069 1763510 416954008 152821048 64 5230425 399851486
======================
   8      16 sdb 1347154 4 343874836 247348852 663069 1763510 416954008 152821048 64 5235429 400171480
======================
   8      16 sdb 1348896 4 344320788 247669971 663069 1763510 416954008 152821048 64 5240432 400491390
======================
   8      16 sdb 1350659 4 344772116 247988371 663069 1763510 416954008 152821048 64 5245436 400811434
======================
   8      16 sdb 1352389 4 345214996 248309345 663069 1763510 416954008 152821048 64 5250441 401131473
======================
   8      16 sdb 1354140 4 345663252 248629014 663069 1763510 416954008 152821048 64 5255444 401451283
======================
   8      16 sdb 1355872 4 346106388 248949956 663069 1763510 416954008 152821048 64 5260448 401771480
======================
   8      16 sdb 1357636 4 346557972 249268927 663069 1763510 416954008 152821048 64 5265451 402091512
======================
   8      16 sdb 1359349 4 346996500 249589881 663069 1763510 416954008 152821048 64 5270455 402411587
======================
   8      16 sdb 1361139 4 347454740 249909464 663069 1763510 416954008 152821048 63 5275458 402731559
======================
   8      16 sdb 1362867 4 347897108 250229617 663069 1763510 416954008 152821048 64 5280461 403051529
======================
   8      16 sdb 1364638 4 348350484 250549344 663069 1763510 416954008 152821048 64 5285465 403371577
======================
   8      16 sdb 1366370 4 348793876 250868921 663069 1763510 416954008 152821048 65 5290468 403691645
======================
   8      16 sdb 1368092 4 349234452 251189145 663069 1763510 416954008 152821048 64 5295471 404011654
======================
   8      16 sdb 1369845 4 349683220 251509470 663069 1763510 416954008 152821048 64 5300475 404331632
======================
   8      16 sdb 1371581 4 350127380 251829997 663069 1763510 416954008 152821048 64 5305478 404651816
======================
   8      16 sdb 1373339 4 350574868 252150877 663069 1763510 416954008 152821048 64 5310481 404973511
======================
   8      16 sdb 1375077 4 351018004 252472602 663069 1763510 416954008 152821048 64 5315485 405294824
======================
   8      16 sdb 1376876 4 351478036 252793085 663069 1763510 416954008 152821048 64 5320488 405615061
======================
   8      16 sdb 1378616 4 351923220 253113210 663069 1763510 416954008 152821048 64 5325491 405935260
======================
   8      16 sdb 1380306 4 352355348 253431356 663069 1763510 416954008 152821048 64 5330494 406255439
======================
   8      16 sdb 1381986 4 352785172 253753548 663069 1763510 416954008 152821048 64 5335498 406575739
======================
   8      16 sdb 1383688 4 353220372 254074311 663069 1763510 416954008 152821048 64 5340501 406896083
======================
   8      16 sdb 1385437 4 353668116 254394297 663069 1763510 416954008 152821048 64 5345504 407216070
======================
   8      16 sdb 1387212 4 354122516 254713922 663069 1763510 416954008 152821048 63 5350508 407535974
======================
   8      16 sdb 1388888 4 354551572 255032745 663069 1763510 416954008 152821048 64 5355512 407855771
======================
   8      16 sdb 1390623 4 354995732 255353418 663069 1763510 416954008 152821048 63 5360515 408175566
======================
   8      16 sdb 1392324 4 355430932 255673012 663069 1763510 416954008 152821048 65 5365518 408495884
======================
   8      16 sdb 1394041 4 355867412 255995637 663069 1763510 416954008 152821048 63 5370521 408817896
======================
   8      16 sdb 1395751 4 356303124 256317567 663069 1763510 416954008 152821048 64 5375524 409139103
======================
   8      16 sdb 1397459 4 356739860 256637035 663069 1763510 416954008 152821048 64 5380528 409459409
======================
   8      16 sdb 1399142 4 357170452 256956560 663069 1763510 416954008 152821048 64 5385531 409779535
======================
   8      16 sdb 1400919 4 357624340 257277839 663069 1763510 416954008 152821048 64 5390534 410099922
======================
   8      16 sdb 1402635 4 358063124 257597692 663069 1763510 416954008 152821048 64 5395539 410420306
======================
   8      16 sdb 1404413 4 358518292 257918895 663069 1763510 416954008 152821048 64 5400543 410740240
======================
   8      16 sdb 1406108 4 358951956 258238589 663069 1763510 416954008 152821048 64 5405546 411060429
======================
   8      16 sdb 1407865 4 359401748 258557571 663069 1763510 416954008 152821048 64 5410550 411380515
======================
   8      16 sdb 1409617 4 359850260 258878377 663069 1763510 416954008 152821048 64 5415553 411700423
======================
   8      16 sdb 1411326 4 360286228 259198636 663069 1763510 416954008 152821048 64 5420556 412021420
======================
   8      16 sdb 1413079 4 360733460 259520388 663069 1763510 416954008 152821048 64 5425561 412342561
======================
   8      16 sdb 1414810 4 361175060 259841092 663069 1763510 416954008 152821048 64 5430564 412663593
======================
   8      16 sdb 1416564 4 361623060 260162796 663069 1763510 416954008 152821048 64 5435567 412984279
======================
   8      16 sdb 1418316 4 362071060 260482854 663069 1763510 416954008 152821048 64 5440570 413304664
======================
   8      16 sdb 1420078 4 362521620 260803059 663069 1763510 416954008 152821048 64 5445574 413624978
======================
   8      16 sdb 1421841 4 362971924 261123951 663069 1763510 416954008 152821048 64 5450578 413945692
======================
   8      16 sdb 1423592 4 363419924 261443822 663069 1763510 416954008 152821048 64 5455581 414265746
======================
   8      16 sdb 1425265 4 363848212 261763549 663069 1763510 416954008 152821048 64 5460584 414585703
======================
   8      16 sdb 1426939 4 364276500 262084196 663069 1763510 416954008 152821048 64 5465587 414905849
======================
   8      16 sdb 1428631 4 364709396 262403298 663069 1763510 416954008 152821048 64 5470590 415225898
======================
   8      16 sdb 1430440 4 365172500 262722908 663069 1763510 416954008 152821048 64 5475594 415545625
======================
   8      16 sdb 1432183 4 365616148 263044532 663069 1763510 416954008 152821048 64 5480597 415867136
======================
   8      16 sdb 1433931 4 366062356 263365459 663069 1763510 416954008 152821048 66 5485601 416187982
======================
   8      16 sdb 1435665 4 366504724 263686825 663069 1763510 416954008 152821048 65 5490604 416508991
======================
   8      16 sdb 1437448 4 366960148 264007666 663069 1763510 416954008 152821048 64 5495607 416829412
======================
   8      16 sdb 1439177 4 367402516 264327729 663069 1763510 416954008 152821048 64 5500611 417149597
======================
   8      16 sdb 1440877 4 367836692 264647709 663069 1763510 416954008 152821048 63 5505614 417470345
======================
   8      16 sdb 1442587 4 368273940 264968835 663069 1763510 416954008 152821048 64 5510617 417790621
======================
   8      16 sdb 1444292 4 368710164 265288641 663069 1763510 416954008 152821048 64 5515620 418110693
======================
   8      16 sdb 1446025 4 369153812 265608537 663069 1763510 416954008 152821048 64 5520624 418430717
======================
   8      16 sdb 1447802 4 369608468 265928421 663069 1763510 416954008 152821048 64 5525627 418750739
======================
   8      16 sdb 1449551 4 370055444 266249595 663069 1763510 416954008 152821048 64 5530631 419071097
======================
   8      16 sdb 1451277 4 370495252 266571130 663069 1763510 416954008 152821048 65 5535634 419392551
======================
   8      16 sdb 1453063 4 370951444 266890431 663069 1763510 416954008 152821048 64 5540637 419712961
======================
   8      16 sdb 1454722 4 371374868 267211778 663069 1763510 416954008 152821048 64 5545640 420033964
======================
   8      16 sdb 1456474 4 371822100 267532929 663069 1763510 416954008 152821048 64 5550644 420354907
======================
   8      16 sdb 1458177 4 372258068 267853072 663069 1763510 416954008 152821048 64 5555647 420674853
======================
   8      16 sdb 1459951 4 372711444 268172684 663069 1763510 416954008 152821048 64 5560650 420995103
======================
   8      16 sdb 1461699 4 373158676 268493851 663069 1763510 416954008 152821048 64 5565653 421315236
======================
   8      16 sdb 1463492 4 373617172 268814041 663069 1763510 416954008 152821048 64 5570656 421635242
======================
   8      16 sdb 1465206 4 374055700 269133398 663069 1763510 416954008 152821048 64 5575660 421955504
======================
   8      16 sdb 1466970 4 374507284 269453070 663069 1763510 416954008 152821048 64 5580663 422275423
======================
   8      16 sdb 1468728 4 374957076 269773835 663069 1763510 416954008 152821048 64 5585666 422595624
======================
   8      16 sdb 1470460 4 375398676 270095119 663069 1763510 416954008 152821048 64 5590670 422917056
======================
   8      16 sdb 1472159 4 375832596 270415818 663069 1763510 416954008 152821048 64 5595673 423237715
======================
   8      16 sdb 1473928 4 376283924 270714971 663069 1763510 416954008 152821048 51 5600676 423535203
======================
   8      16 sdb 1476048 4 376824596 270892659 663069 1763510 416954008 152821048 20 5605679 423708914
======================
   8      16 sdb 1478906 4 377554964 270931373 663069 1763510 416954008 152821048 0 5609035 423747213
