3453.568
5477.214
5871.077
6106.716
5584.834
3941.190
5628.762
4810.516
4878.338
5809.587
5037.378
4767.005
5255.965
4942.824
4847.263
5266.972
5548.178
4759.832
5098.772
5225.816
5126.383
5220.429
5560.896
5549.033
4967.284
5379.960
4735.246
5147.275
4859.729
5369.930
5272.704
5422.169
4898.930
5557.923
5080.624
5476.215
5313.698
5092.428
5230.722
4970.873
4648.343
5252.882
5041.919
5504.835
4837.075
5263.017
4392.273
4600.670
5552.616
5131.443
4798.260
5202.541
5410.228
5047.236
5039.016
4549.674
5374.290
5031.588
4710.786
5351.530
5164.373
5171.358
5417.737
4905.001
5571.850
5215.053
4742.754
4994.773
4905.097
4875.165
5416.084
4696.482
4408.692
5400.434
5255.663
4596.600
4511.993
4938.788
4142.196
