13937.432
15323.580
12869.747
13387.045
13061.791
12586.686
14588.305
13079.317
14553.863
13472.019
13421.289
13057.246
14468.636
13238.055
12723.878
13115.391
14062.440
13571.837
13287.070
14285.151
12798.059
12987.477
13288.702
14528.178
12873.323
13315.706
12753.533
12877.158
12619.941
13340.179
13034.472
14325.348
12705.669
13335.320
13353.855
14372.355
14191.139
13316.749
13050.100
12961.529
13113.153
12988.859
14422.390
13171.732
14851.673
14304.356
12893.112
12707.090
13405.101
13068.595
13987.384
13078.713
14606.882
13045.147
12664.481
14577.567
14831.150
12730.328
12744.723
13259.726
14376.599
12730.525
12407.945
14801.823
13451.509
12844.456
14315.299
14734.110
12799.664
12770.418
14690.376
12863.333
12940.644
13291.780
13342.215
12874.767
14268.272
13066.691
13060.553
12779.836
14072.865
14691.936
12843.230
12553.117
13088.032
12824.599
12866.727
13810.389
14507.114
4022.627
