2109.674
1951.988
917.838
1766.107
1503.771
1305.736
1176.697
1499.060
1312.895
1501.839
1394.947
614.995
1751.529
1226.398
1563.558
1243.985
1759.469
1155.414
1280.369
1864.741
1117.775
1604.453
1209.671
1424.911
1378.742
1102.536
1645.884
1441.710
1531.987
1160.615
1729.455
1476.323
1476.731
1175.249
1679.253
1614.487
1511.417
1320.001
1191.000
936.376
1168.590
1479.851
1143.363
1187.267
464.349
1669.437
900.887
1320.851
714.803
1394.362
980.931
930.213
1462.792
516.694
1576.076
404.044
1357.043
1255.129
939.672
1102.616
846.167
1556.048
623.919
1471.494
593.298
1083.774
1503.097
927.754
1326.712
787.679
1373.337
945.144
84.480
