======================
   8      16 sdb 10861 0 86870 254018 8048251 3478710 92215688 21086819 33 342644 21349281
======================
   8      16 sdb 10973 0 87766 259179 8048251 3478710 92215688 21086819 0 342893 21352186
======================
   8      16 sdb 10989 0 87894 259227 8048251 3478710 92215688 21086819 0 342941 21352234
======================
   8      16 sdb 10989 0 87894 259227 8048307 3482966 92250184 21087667 0 342973 21353081
======================
   8      16 sdb 10989 0 87894 259227 8048387 3487183 92284560 21091615 0 343030 21357029
started
======================
   8      16 sdb 11120 0 88942 259425 8048387 3487183 92284560 21091615 0 343197 21357227
======================
   8      16 sdb 11209 0 89654 260608 8118885 3493514 92899192 21196745 0 344757 21463514
======================
   8      16 sdb 11260 0 90062 261904 8158522 3511078 93356800 21253611 0 346348 21521758
======================
   8      16 sdb 11363 0 90886 263261 8222360 3516143 93908024 21329046 123 348199 21598860
======================
   8      16 sdb 11443 0 91526 265106 8279742 3534183 94511400 21412713 31 350137 21684178
======================
   8      16 sdb 11513 0 92086 266512 8341185 3541386 95060568 21502449 63 352113 21775501
======================
   8      16 sdb 11589 0 92694 268298 8403642 3553088 95653840 21641054 99 354256 21915979
======================
   8      16 sdb 11660 0 93262 270461 8458462 3564275 96181896 21760905 0 356455 22037838
======================
   8      16 sdb 11709 0 93654 271796 8495547 3582629 96625408 21814904 0 358137 22093252
======================
   8      16 sdb 11773 0 94166 273487 8550575 3587569 97105152 21884834 0 360007 22164841
======================
   8      16 sdb 11846 0 94750 275243 8610141 3604135 97714208 22053852 0 362168 22335888
======================
   8      16 sdb 11908 0 95246 277188 8676264 3612242 98308048 22174023 0 364414 22458188
======================
   8      16 sdb 11941 0 95510 279685 8745227 3629950 99001416 22382417 0 367224 22669048
======================
   8      16 sdb 12061 0 96470 280846 8768803 3636018 99238568 22411943 0 368290 22699745
======================
   8      16 sdb 12142 0 97118 282103 8815747 3646845 99700736 22459071 0 369860 22748111
======================
   8      16 sdb 12201 0 97590 284141 8885209 3661470 100373432 22550241 0 372264 22841394
======================
   8      16 sdb 12245 0 97942 285583 8953913 3672829 101013936 22719801 0 374369 23012595
======================
   8      16 sdb 12311 0 98470 286949 9005192 3683390 101508656 22865663 152 376124 23160595
======================
   8      16 sdb 12401 0 99190 288074 9035359 3688817 101793408 22948745 54 377621 23244071
======================
   8      16 sdb 12457 0 99638 289565 9091805 3698946 102326008 23022146 0 379653 23318881
======================
   8      16 sdb 12508 0 100046 290668 9126258 3714636 102727152 23067196 3 381056 23365092
======================
   8      16 sdb 12572 0 100558 292374 9192212 3720413 103301000 23159025 1 383078 23458766
======================
   8      16 sdb 12632 0 101038 293358 9238198 3738010 103809664 23314203 96 385063 23614948
======================
   8      16 sdb 12692 0 101518 295299 9299200 3744488 104349504 23447398 0 387311 23750124
======================
   8      16 sdb 12761 0 102070 304529 9364946 3761998 105015552 23691826 0 390120 24003751
======================
   8      16 sdb 12871 0 102950 305496 9393676 3767804 105291840 23728023 104 391294 24041042
======================
   8      16 sdb 12922 0 103358 306805 9438380 3778105 105731880 23794286 0 392871 24108556
======================
   8      16 sdb 12980 0 103822 308340 9496363 3792547 106311280 23868150 0 394833 24183929
======================
   8      16 sdb 13025 0 104182 309647 9567299 3803211 106964080 23985615 0 396950 24302667
======================
   8      16 sdb 13109 0 104854 310473 9595010 3810176 107241488 24019068 0 398032 24337053
======================
   8      16 sdb 13153 0 105206 311434 9652918 3826473 107835128 24101850 2 399804 24421171
======================
   8      16 sdb 13209 0 105654 313666 9696239 3833239 108235824 24150494 2 401725 24471742
======================
   8      16 sdb 13271 0 106150 315547 9743113 3843019 108689056 24264235 0 403896 24587229
======================
   8      16 sdb 13333 0 106646 316743 9796433 3852878 109194488 24405848 14 405705 24730022
======================
   8      16 sdb 13392 0 107118 318457 9849958 3862783 109701928 24569122 0 407971 24895110
======================
   8      16 sdb 13478 0 107806 324748 9912469 3879820 110338312 24842874 0 410921 25175224
======================
   8      16 sdb 13562 0 108478 325601 9941443 3886195 110621104 24870584 1 412233 25203798
======================
   8      16 sdb 13622 0 108958 326988 9990138 3900029 111121336 24936657 0 413990 25271215
======================
   8      16 sdb 13678 0 109406 328364 10047577 3906602 111633432 25017182 0 415785 25353135
======================
   8      16 sdb 13741 0 109910 329810 10111603 3921620 112265784 25093873 0 417833 25431272
======================
   8      16 sdb 13801 0 110390 330930 10154174 3928746 112663360 25141277 1 419366 25479973
======================
   8      16 sdb 13887 0 111078 333421 10192663 3943899 113092496 25182974 2 421765 25524100
======================
   8      16 sdb 13943 0 111526 334241 10247982 3950807 113590312 25355724 0 423816 25697620
======================
   8      16 sdb 14002 0 111998 335852 10295009 3965504 114084104 25422029 0 425834 25765512
======================
   8      16 sdb 14061 0 112470 336914 10354367 3972414 114614248 25489540 0 427672 25834085
======================
   8      16 sdb 14119 0 112934 338176 10409951 3983032 115143864 25572499 0 429683 25918312
======================
   8      16 sdb 14247 0 113958 344678 10458651 3993742 115619144 25724081 0 431875 26076366
======================
   8      16 sdb 14311 0 114470 346265 10509078 4009878 116151648 25869030 0 434076 26222889
======================
   8      16 sdb 14364 0 114894 347378 10581004 4017068 116784576 26059744 0 436202 26414699
======================
   8      16 sdb 14423 0 115366 348286 10612829 4035127 117183648 26096674 1 437575 26452524
======================
   8      16 sdb 14498 0 115966 349697 10667531 4047242 117718184 26156917 1 439538 26514348
======================
   8      16 sdb 14561 0 116470 351175 10728001 4053960 118255688 26238593 1 441629 26597378
======================
   8      16 sdb 14604 0 116814 352733 10779996 4072261 118818056 26349222 0 443773 26709499
======================
   8      16 sdb 14648 0 117166 355092 10845248 4081064 119410496 26502950 0 446518 26865557
======================
   8      16 sdb 14710 0 117662 355562 10859553 4087363 119575328 26524152 51 447183 26887283
======================
   8      16 sdb 14767 0 118118 357082 10911287 4101596 120103064 26599026 0 449078 26963592
======================
   8      16 sdb 14850 0 118782 359018 10977658 4107976 120685072 26655601 1 451385 27022238
======================
   8      16 sdb 14944 0 119534 360211 11031113 4123896 121240072 26759519 160 453486 27130965
======================
   8      16 sdb 14993 0 119926 361311 11085522 4135475 121767976 26889543 160 455392 27259002
======================
   8      16 sdb 15062 0 120478 362336 11119351 4144941 122087064 26976407 149 456756 27347827
======================
   8      16 sdb 15100 0 120782 363528 11171555 4150434 122575912 27033732 0 458480 27404843
======================
   8      16 sdb 15161 0 121270 364771 11219253 4163470 123061784 27067862 3 460377 27440240
======================
   8      16 sdb 15224 0 121774 365576 11248755 4169897 123349216 27128380 0 461777 27501658
======================
   8      16 sdb 15278 0 122206 366537 11303451 4182628 123888632 27187951 91 463646 27562234
======================
   8      16 sdb 15324 0 122574 367470 11339656 4189615 124234168 27222264 0 465081 27597537
======================
   8      16 sdb 15377 0 122998 368724 11386877 4200857 124701872 27243787 0 467226 27620291
======================
   8      16 sdb 15422 0 123358 369324 11427455 4212777 125121856 27282377 0 468646 27659599
======================
   8      16 sdb 15549 0 124374 370898 11475804 4224424 125601824 27430736 0 470921 27809641
======================
   8      16 sdb 15631 0 125030 378363 11528506 4230508 126072112 27462421 0 473373 27848758
======================
   8      16 sdb 15691 0 125510 380127 11589124 4245613 126677896 27585251 0 475613 27973539
======================
   8      16 sdb 15752 0 125998 381817 11649542 4256389 127247448 27700044 0 477814 28089999
======================
   8      16 sdb 15810 0 126462 382901 11709069 4267968 127816296 27855223 0 479560 28246246
======================
   8      16 sdb 15857 0 126838 383846 11742083 4275342 128139400 27898400 0 480792 28290376
======================
   8      16 sdb 15909 0 127254 385191 11782596 4289805 128579208 27947924 0 482700 28341231
======================
   8      16 sdb 15979 0 127814 386822 11837361 4295601 129063696 28010666 0 484854 28405789
======================
   8      16 sdb 16037 0 128278 389137 11899901 4312190 129696728 28095161 1 487636 28492714
======================
   8      16 sdb 16094 0 128734 390730 11958147 4322047 130241552 28210953 1 490006 28610209
======================
   8      16 sdb 16159 0 129254 391804 12014055 4332409 130771712 28336533 159 491961 28737515
