1417.261
1537.663
1559.389
1540.741
1538.382
1486.268
1483.481
1491.034
1524.495
1553.648
1483.982
1503.388
1537.629
1525.833
1486.890
1518.156
1539.475
1477.298
1498.518
1491.026
1508.824
1484.023
1495.818
1534.062
1522.899
1524.123
1539.244
1494.280
1551.591
1524.896
1506.421
1498.537
1503.451
1498.660
1493.438
1516.548
1554.475
1563.161
1529.817
1558.393
1532.683
1514.873
1565.698
1474.777
1530.906
1535.441
1554.517
1551.095
1494.177
1559.320
1544.255
1536.914
1534.991
1569.852
1573.492
1533.788
1554.196
1556.014
1545.333
1525.026
1479.080
1529.629
1542.564
1534.565
1549.103
1569.393
1561.998
1534.440
1515.457
1556.723
1492.550
1546.367
1525.527
1595.122
1534.648
1527.906
1539.484
1544.320
1528.094
1549.173
1521.876
1521.646
1513.223
1547.916
1501.264
1557.475
1556.730
1547.555
1508.556
1595.872
1604.829
1532.124
1522.567
1576.699
1573.890
1542.853
1579.022
1548.058
1529.222
1544.648
1538.167
1546.708
1541.509
1533.219
1534.150
1540.507
1532.552
1537.071
1527.373
1499.095
1570.037
1564.584
1552.604
1528.004
1500.978
1510.171
1592.081
1534.621
1557.750
1560.008
1560.564
1537.648
1529.547
1588.001
1565.179
1537.137
1576.729
1534.503
935.165
