======================
   8      48 sdd 5127 0 40968 552724 1481143 6311971 931966672 317367430 0 2839078 317912084
started
======================
   8      48 sdd 5135 0 41032 552808 1481867 6311987 932413768 317400754 98 2839487 317947721
======================
   8      48 sdd 5142 0 41088 553486 1484041 6311997 933780168 317817078 87 2843374 318369241
======================
   8      48 sdd 5147 0 41128 554355 1486131 6312012 935094248 318344345 82 2848222 318910195
======================
   8      48 sdd 5153 0 41176 555264 1488218 6312021 936408000 318918042 64 2853231 319479671
======================
   8      48 sdd 5158 0 41216 556187 1490306 6312037 937720808 319484823 61 2858205 320049774
======================
   8      48 sdd 5163 0 41256 557123 1492394 6312050 939034856 320044278 43 2862991 320605912
======================
   8      48 sdd 5169 0 41304 558525 1494481 6312065 940348280 320476426 26 2867229 321035045
======================
   8      48 sdd 5174 0 41344 559549 1496504 6312075 941620584 320868232 74 2870844 321436398
======================
   8      48 sdd 5179 0 41384 560452 1498579 6312088 942926440 321305590 145 2874967 321881147
======================
   8      48 sdd 5185 0 41432 561366 1500668 6312101 944241000 321754867 137 2879241 322332567
======================
   8      48 sdd 5190 0 41472 562490 1502727 6312115 945536120 322134931 128 2882906 322713304
======================
   8      48 sdd 5195 0 41512 563365 1504725 6312128 946793592 322573174 152 2886886 323140319
======================
   8      48 sdd 5201 0 41560 564517 1506814 6312141 948108024 323103546 131 2891647 323668920
======================
   8      48 sdd 5206 0 41600 565080 1508905 6312154 949422728 323587887 142 2896219 324168166
======================
   8      48 sdd 5211 0 41640 565944 1510994 6312167 950737288 324102042 153 2900940 324678004
======================
   8      48 sdd 5217 0 41688 566680 1513073 6312180 952045704 324525351 137 2904889 325108170
======================
   8      48 sdd 5222 0 41728 567641 1515098 6312192 953319304 324928741 148 2908668 325492472
======================
   8      48 sdd 5226 0 41760 568178 1517116 6312205 954589320 325350480 63 2912699 325927234
======================
   8      48 sdd 5232 0 41808 569236 1519202 6312218 955902088 325934876 60 2917706 326510404
======================
   8      48 sdd 5237 0 41848 570064 1521291 6312230 957216136 326482956 55 2922552 327053454
======================
   8      48 sdd 5242 0 41888 571035 1523363 6312243 958519816 327019113 0 2927184 327581833
======================
   8      48 sdd 5248 0 41936 571896 1525198 6312252 959674976 327434567 0 2931172 327998136
======================
   8      48 sdd 5253 0 41976 572851 1527452 6312266 961092472 327868654 26 2935157 328435475
======================
   8      48 sdd 5258 0 42016 573446 1529534 6312276 962403160 328330574 0 2939432 328895676
======================
   8      48 sdd 5264 0 42064 574003 1531623 6312290 963717984 328836366 112 2944111 329425740
======================
   8      48 sdd 5269 0 42104 574877 1533708 6312307 965028248 329301580 113 2948379 329891700
======================
   8      48 sdd 5274 0 42144 575681 1535794 6312320 966341016 329747619 110 2952652 330338054
======================
   8      48 sdd 5280 0 42192 576704 1537882 6312333 967654808 330212037 105 2957143 330802942
======================
   8      48 sdd 5285 0 42232 577615 1539955 6312345 968958872 330690265 116 2961625 331283373
======================
   8      48 sdd 5290 0 42272 578415 1542038 6312358 970269720 331137471 116 2965924 331731537
======================
   8      48 sdd 5296 0 42320 579589 1544114 6312371 971576088 331552060 123 2969910 332147399
======================
   8      48 sdd 5301 0 42360 580609 1546195 6312383 972885016 331935953 126 2973860 332530375
======================
   8      48 sdd 5306 0 42400 581479 1548221 6312396 974159896 332358514 0 2977780 332931544
======================
   8      48 sdd 5312 0 42448 582271 1550354 6312409 975502488 332795977 133 2982128 333387655
======================
   8      48 sdd 5317 0 42488 583289 1552441 6312421 976815000 333243883 116 2986313 333831869
======================
   8      48 sdd 5322 0 42528 584004 1554431 6312434 978067352 333735715 146 2990701 334315761
======================
   8      48 sdd 5328 0 42576 584895 1556463 6312447 979345944 334148312 0 2994716 334724712
======================
   8      48 sdd 5333 0 42616 585723 1558519 6312457 980640376 334633647 34 2999187 335210898
======================
   8      48 sdd 5338 0 42656 586556 1560578 6312469 981934848 335080099 0 3003485 335658138
======================
   8      48 sdd 5344 0 42704 587355 1562635 6312482 983229312 335507200 0 3007514 336086030
======================
   8      48 sdd 5349 0 42744 588173 1564722 6312494 984542840 335904679 142 3010994 336488801
======================
   8      48 sdd 5354 0 42784 589253 1566917 6312506 985923576 336322043 54 3015264 336918206
======================
   8      48 sdd 5360 0 42832 590237 1568990 6312520 987228160 336728862 51 3019158 337324856
======================
   8      48 sdd 5365 0 42872 591131 1571066 6312536 988533288 337177032 146 3023376 337785342
======================
   8      48 sdd 5370 0 42912 592103 1573155 6312549 989847976 337695096 143 3027990 338303598
======================
   8      48 sdd 5376 0 42960 592910 1575242 6312562 991161384 338176583 137 3032570 338785444
======================
   8      48 sdd 5381 0 43000 594153 1577329 6312573 992474144 338629769 138 3037117 339240132
======================
   8      48 sdd 5386 0 43040 594651 1579410 6312586 993783712 339123518 133 3041390 339733873
======================
   8      48 sdd 5392 0 43088 595450 1581497 6312599 995097120 339680826 139 3046325 340292352
======================
   8      48 sdd 5397 0 43128 596356 1583588 6312612 996411568 340260288 138 3051328 340872977
======================
   8      48 sdd 5402 0 43168 597072 1585654 6312625 997711792 340681064 154 3055240 341294140
======================
   8      48 sdd 5408 0 43216 597613 1587698 6312638 998998192 341091033 138 3059001 341704965
======================
   8      48 sdd 5413 0 43256 598360 1589721 6312650 1000270512 341465697 151 3062710 342079744
======================
   8      48 sdd 5418 0 43296 599277 1591779 6312663 1001565616 341880107 139 3066610 342495116
======================
   8      48 sdd 5424 0 43344 600123 1593868 6312676 1002880304 342365755 150 3071272 342976006
======================
   8      48 sdd 5429 0 43384 600780 1595953 6312688 1004191792 342823354 154 3075575 343437649
======================
   8      48 sdd 5434 0 43424 601606 1598007 6312701 1005484336 343234985 156 3079416 343849884
======================
   8      48 sdd 5440 0 43472 602741 1600059 6312714 1006775472 343659896 0 3083326 344253873
======================
   8      48 sdd 5445 0 43512 603551 1602111 6312726 1008066224 344066759 150 3087209 344665555
======================
   8      48 sdd 5449 0 43544 604322 1604148 6312739 1009348016 344533690 0 3091418 345129226
======================
   8      48 sdd 5456 0 43600 605264 1606280 6312752 1010689840 344981612 75 3095776 345579302
======================
   8      48 sdd 5460 0 43632 606053 1608277 6312765 1011945152 345450650 0 3100057 346047896
======================
   8      48 sdd 5466 0 43680 606919 1610435 6312778 1013303488 345903954 133 3104347 346508236
======================
   8      48 sdd 5471 0 43720 607815 1612416 6312787 1014550424 346417600 0 3109034 347016577
======================
   8      48 sdd 5476 0 43760 608434 1614486 6312800 1015853080 346846631 0 3112999 347446212
======================
   8      48 sdd 5481 0 43800 609181 1616557 6312812 1017155736 347257077 0 3116782 347857386
======================
   8      48 sdd 5488 0 43856 609944 1618692 6312825 1018499352 347697778 133 3120928 348321153
======================
   8      48 sdd 5492 0 43888 610436 1620762 6312837 1019802128 348111690 92 3124530 348734567
======================
   8      48 sdd 5498 0 43936 611485 1622836 6312849 1021106576 348551763 128 3128711 349176816
======================
   8      48 sdd 5504 0 43984 612396 1624923 6312864 1022420000 349146389 132 3133503 349771783
======================
   8      48 sdd 5509 0 44024 613030 1627017 6312880 1023736016 349646748 142 3138115 350274215
======================
   8      48 sdd 5513 0 44056 613767 1629103 6312893 1025048784 350126701 61 3142586 350747907
======================
   8      48 sdd 5520 0 44112 614714 1631189 6312906 1026361552 350677755 143 3147490 351306492
======================
   8      48 sdd 5524 0 44144 615240 1633282 6312919 1027677280 351222520 50 3152157 351842544
======================
   8      48 sdd 5529 0 44184 616280 1635367 6312932 1028989408 351787928 48 3157057 352408719
======================
   8      48 sdd 5535 0 44232 617194 1637440 6312945 1030294112 352186069 58 3160955 352809818
======================
   8      48 sdd 5540 0 44272 618047 1639421 6312957 1031539936 352565926 149 3164453 353198002
======================
   8      48 sdd 5545 0 44312 618808 1641502 6312970 1032849632 353044815 132 3168944 353676611
======================
   8      48 sdd 5551 0 44360 619873 1643588 6312983 1034162400 353538893 129 3173640 354167490
======================
   8      48 sdd 5556 0 44400 620581 1645645 6312995 1035456224 353955071 130 3177399 354580848
======================
   8      48 sdd 5561 0 44440 621534 1647691 6313008 1036743648 354361601 54 3181136 354982491
======================
   8      48 sdd 5567 0 44488 622353 1649776 6313021 1038055648 354805022 0 3185376 355418307
======================
   8      48 sdd 5572 0 44528 622933 1651884 6313033 1039381728 355275877 154 3189816 355896062
======================
   8      48 sdd 5577 0 44568 623694 1653970 6313046 1040694496 355791782 135 3194505 356414374
======================
   8      48 sdd 5583 0 44616 624765 1655973 6313055 1041955384 356329897 0 3199307 356945560
======================
   8      48 sdd 5588 0 44656 625715 1658043 6313069 1043258048 356707884 0 3203074 357324478
======================
   8      48 sdd 5593 0 44696 626356 1660013 6313081 1044496584 357108918 102 3206626 357733737
======================
   8      48 sdd 5597 0 44728 626605 1662015 6313093 1045756352 357492290 67 3209949 358127276
======================
   8      48 sdd 5604 0 44784 627545 1664066 6313105 1047046968 357864360 139 3213823 358506783
======================
   8      48 sdd 5608 0 44816 627984 1666155 6313116 1048361008 358363486 94 3218437 359003812
======================
   8      48 sdd 5613 0 44856 628568 1668241 6313129 1049673776 358919388 91 3223287 359559813
======================
   8      48 sdd 5620 0 44912 629637 1670329 6313142 1050987824 359463858 137 3228160 360105040
======================
   8      48 sdd 5624 0 44944 630152 1672415 6313153 1052299944 359950339 84 3232489 360591494
======================
   8      48 sdd 5629 0 44984 631069 1674495 6313166 1053608872 360517655 87 3237427 361160188
======================
   8      48 sdd 5635 0 45032 632280 1676585 6313180 1054924208 361076484 80 3242336 361718991
======================
   8      48 sdd 5640 0 45072 632954 1678664 6313192 1056231856 361554655 85 3246597 362198436
======================
   8      48 sdd 5644 0 45104 633749 1680103 6313205 1057136688 361822672 0 3249403 362447157
