======================
   8      16 sdb 18020 0 144082 2268905 2923279 9405931 1837849512 709108202 1 6347204 711359212
started
======================
   8      16 sdb 18104 0 144754 2269255 2923294 9405947 1837849760 709108207 0 6347493 711359501
======================
   8      16 sdb 18112 0 144818 2270246 2925428 9405963 1839187672 709550084 149 6351172 711805969
======================
   8      16 sdb 18117 0 144858 2271633 2927735 9405977 1840636112 710147555 4 6356174 712402436
======================
   8      16 sdb 18124 0 144914 2273701 2930037 9405999 1842073424 710656300 128 6361184 712934599
======================
   8      16 sdb 18129 0 144954 2274974 2932175 9406015 1843413184 711295416 91 6366186 713552718
======================
   8      16 sdb 18135 0 145002 2276767 2934502 9406050 1844871080 711826426 133 6371190 714103896
======================
   8      16 sdb 18142 0 145058 2278909 2936687 9406072 1846240664 712341332 35 6376193 714612113
======================
   8      16 sdb 18148 0 145106 2280362 2938996 9406110 1847684960 712928850 57 6381195 715203200
======================
   8      16 sdb 18153 0 145146 2281344 2941138 9406153 1849025112 713578894 8 6386197 715842785
======================
   8      16 sdb 18159 0 145194 2283300 2943410 9406216 1850445832 714099674 109 6391200 716385325
======================
   8      16 sdb 18164 0 145234 2284634 2945678 9406216 1851865624 714695044 66 6396202 716980730
======================
   8      16 sdb 18169 0 145274 2286098 2947832 9406282 1853211776 715248616 1 6401205 717516977
======================
   8      16 sdb 18176 0 145330 2288254 2950248 9406330 1854720784 715787264 69 6406208 718074285
======================
   8      16 sdb 18181 0 145370 2289292 2952398 9406400 1856064152 716397161 47 6411210 718682096
======================
   8      16 sdb 18188 0 145426 2291317 2954695 9406434 1857505312 716941187 132 6416212 719235249
======================
   8      16 sdb 18194 0 145474 2292865 2957025 9406497 1858960832 717510710 143 6421217 719802062
======================
   8      16 sdb 18198 0 145506 2293963 2959152 9406534 1860294392 718098198 1 6426219 720374286
======================
   8      16 sdb 18205 0 145562 2295954 2961472 9406608 1861740944 718615026 134 6431221 720900734
======================
   8      16 sdb 18210 0 145602 2297225 2963609 9406650 1863076560 719209396 130 6436225 721519991
======================
   8      16 sdb 18216 0 145650 2298843 2965933 9406713 1864526520 719741214 129 6441227 722042946
======================
   8      16 sdb 18222 0 145698 2300125 2968232 9406750 1865966872 720331568 54 6446229 722627504
======================
   8      16 sdb 18228 0 145746 2301604 2970408 9406824 1867323424 720933709 149 6451232 723218443
======================
   8      16 sdb 18233 0 145786 2303113 2972732 9406859 1868781776 721500996 145 6456235 723808042
======================
   8      16 sdb 18239 0 145834 2304390 2974916 9406935 1870144712 722097813 105 6461239 724389840
======================
   8      16 sdb 18245 0 145882 2305687 2977237 9406975 1871597600 722681154 136 6466248 724993054
======================
   8      16 sdb 18251 0 145930 2307834 2979364 9407044 1872927832 723188310 158 6471249 725497324
======================
   8      16 sdb 18256 0 145970 2309094 2981626 9407087 1874342600 723771948 1 6476251 726063166
======================
   8      16 sdb 18262 0 146018 2310593 2983871 9407182 1875738928 724353819 136 6481257 726655932
======================
   8      16 sdb 18268 0 146066 2312139 2986048 9407218 1877102336 724910384 129 6486258 727228324
======================
   8      16 sdb 18273 0 146106 2313370 2988305 9407290 1878509960 725512835 76 6491259 727828376
======================
   8      16 sdb 18278 0 146146 2314500 2990493 9407330 1879875152 726101421 107 6496264 728421193
======================
   8      16 sdb 18285 0 146202 2316776 2992772 9407395 1881293848 726612984 154 6501267 728928936
======================
   8      16 sdb 18290 0 146242 2318198 2994900 9407433 1882627320 727186490 137 6506270 729504480
======================
   8      16 sdb 18295 0 146282 2319224 2997189 9407469 1884061376 727807516 146 6511275 730130220
======================
   8      16 sdb 18302 0 146338 2320685 2999482 9407533 1885490712 728364947 151 6516278 730691457
======================
   8      16 sdb 18307 0 146378 2322181 3001581 9407574 1886805896 728977005 143 6521279 731305187
======================
   8      16 sdb 18312 0 146418 2323192 3003873 9407646 1888237672 729566287 89 6526280 731890900
======================
   8      16 sdb 18319 0 146474 2324798 3006068 9407684 1889613064 730140536 135 6531281 732455303
======================
   8      16 sdb 18324 0 146514 2326257 3008345 9407747 1891037712 730712909 148 6536280 733042838
======================
   8      16 sdb 18329 0 146554 2327711 3010476 9407781 1892375080 731290228 139 6541285 733623137
======================
   8      16 sdb 18335 0 146602 2329095 3012742 9407846 1893792680 731860031 26 6546286 734178536
======================
   8      16 sdb 18341 0 146650 2330676 3014988 9407901 1895198704 732456006 157 6551288 734797915
======================
   8      16 sdb 18347 0 146698 2331804 3017166 9407964 1896560904 733052529 157 6556292 735389990
======================
   8      16 sdb 18352 0 146738 2333138 3019423 9407999 1897973344 733641970 112 6561295 735978962
======================
   8      16 sdb 18357 0 146778 2334258 3021532 9408060 1899291064 734245767 106 6566298 736582271
======================
   8      16 sdb 18364 0 146834 2335441 3023788 9408142 1900695736 734857303 144 6571302 737198504
======================
   8      16 sdb 18369 0 146874 2336923 3026076 9408211 1902116080 735403197 91 6576300 737741495
======================
   8      16 sdb 18374 0 146914 2338208 3028145 9408246 1903414912 736004569 137 6581304 738349488
======================
   8      16 sdb 18380 0 146962 2339998 3030393 9408315 1904818800 736554302 53 6586310 738888668
======================
   8      16 sdb 18386 0 147010 2341676 3032622 9408350 1906217408 737113197 138 6591311 739462715
======================
   8      16 sdb 18391 0 147050 2342701 3034786 9408412 1907568640 737717751 136 6596313 740064777
======================
   8      16 sdb 18398 0 147106 2344832 3037028 9408449 1908973568 738261326 131 6601318 740608418
======================
   8      16 sdb 18403 0 147146 2346063 3039100 9408518 1910267816 738885983 142 6606321 741228459
======================
   8      16 sdb 18408 0 147186 2347223 3041371 9408556 1911690288 739493979 158 6611323 741847290
======================
   8      16 sdb 18414 0 147234 2348598 3043528 9408619 1913036824 740059088 145 6616326 742418481
======================
   8      16 sdb 18419 0 147274 2350186 3045728 9408701 1914400872 740632196 124 6621326 742986915
======================
   8      16 sdb 18424 0 147314 2351644 3047979 9408762 1915809992 741209266 36 6626329 743552843
======================
   8      16 sdb 18431 0 147370 2353609 3050078 9408798 1917125288 741749969 147 6631331 744094099
======================
   8      16 sdb 18436 0 147410 2354927 3052317 9408866 1918520312 742319472 148 6636334 744678774
======================
   8      16 sdb 18441 0 147450 2356032 3054344 9408903 1919789344 742954420 156 6641337 745293835
======================
   8      16 sdb 18447 0 147498 2357976 3056541 9408967 1921161976 743443320 130 6646359 745804311
======================
   8      16 sdb 18452 0 147538 2359430 3058747 9409009 1922543376 744043479 155 6651361 746409821
======================
   8      16 sdb 18457 0 147578 2360807 3060778 9409070 1923815520 744642502 128 6656366 747008780
======================
   8      16 sdb 18463 0 147626 2362697 3062973 9409104 1925189784 745196571 74 6661370 747559166
======================
   8      16 sdb 18469 0 147674 2364113 3065186 9409169 1926572632 745750141 158 6666372 748112486
======================
   8      16 sdb 18473 0 147706 2365114 3067256 9409213 1927867456 746373923 62 6671374 748735288
======================
   8      16 sdb 18480 0 147762 2366784 3069441 9409290 1929230056 746921813 146 6676378 749292615
======================
   8      16 sdb 18485 0 147802 2368242 3071497 9409339 1930515488 747501239 149 6681380 749875093
======================
   8      16 sdb 18491 0 147850 2369997 3073638 9409425 1931848112 748042434 106 6686382 750395953
======================
   8      16 sdb 18496 0 147890 2371219 3075831 9409463 1933220880 748631478 129 6691426 751015693
======================
   8      16 sdb 18501 0 147930 2372581 3077977 9409547 1934558816 749200904 139 6696427 751577805
======================
   8      16 sdb 18507 0 147978 2374464 3080125 9409582 1935903832 749746346 155 6701429 752107124
======================
   8      16 sdb 18512 0 148018 2375867 3082236 9409642 1937221200 750305244 146 6706432 752687469
======================
   8      16 sdb 18518 0 148066 2377054 3084465 9409679 1938616152 750926983 150 6711433 753309275
======================
   8      16 sdb 18524 0 148114 2378123 3086573 9409751 1939930120 751514583 154 6716434 753898471
======================
   8      16 sdb 18529 0 148154 2379373 3088737 9409791 1941285056 752112829 132 6721437 754495732
======================
   8      16 sdb 18534 0 148194 2381011 3090937 9409851 1942660688 752684825 143 6726440 755065425
======================
   8      16 sdb 18540 0 148242 2382725 3092962 9409894 1943925656 753240558 131 6731441 755624069
======================
   8      16 sdb 18545 0 148282 2384190 3095163 9409959 1945300024 753822937 148 6736444 756213977
======================
   8      16 sdb 18550 0 148322 2385456 3097369 9410014 1946677856 754452526 46 6741446 756819883
======================
   8      16 sdb 18556 0 148370 2386702 3099426 9410072 1947962608 755019363 85 6746449 757397464
======================
   8      16 sdb 18561 0 148410 2387974 3101612 9410111 1949334752 755640935 7 6751451 758012020
======================
   8      16 sdb 18566 0 148450 2389079 3103628 9410174 1950595016 756204170 45 6756454 758590675
======================
   8      16 sdb 18573 0 148506 2390719 3105735 9410209 1951915880 756772820 75 6761457 759165486
======================
   8      16 sdb 18577 0 148538 2391777 3107869 9410234 1953249896 757397747 14 6766460 759775317
======================
   8      16 sdb 18582 0 148578 2392748 3109862 9410266 1954495144 758023944 141 6771462 760422671
======================
   8      16 sdb 18588 0 148626 2394290 3112003 9410338 1955832064 758586589 136 6776464 760986039
======================
   8      16 sdb 18593 0 148666 2395840 3114028 9410389 1957091216 759145740 142 6781467 761559078
======================
   8      16 sdb 18598 0 148706 2397398 3116164 9410450 1958427112 759758471 10 6786469 762139926
======================
   8      16 sdb 18604 0 148754 2399073 3118302 9410484 1959761328 760306637 128 6791472 762711134
======================
   8      16 sdb 18609 0 148794 2400525 3120287 9410522 1961004696 760941230 134 6796476 763331609
======================
   8      16 sdb 18613 0 148826 2401793 3122481 9410578 1962375952 761486316 8 6801480 763871863
