1491.859
1631.112
1638.457
1660.594
1674.950
1653.736
1643.741
1636.718
1680.670
1695.680
1687.303
1689.581
1656.413
1661.521
1649.728
1643.249
1667.823
1659.417
1651.133
1633.084
1641.970
1646.648
1693.399
1675.688
1667.814
1648.551
1643.718
1649.082
1641.724
1647.942
1655.434
1664.165
1654.742
1668.342
1658.830
1591.607
1600.954
1599.334
1664.491
1683.569
1664.942
1646.893
1650.760
1657.333
1644.629
1645.726
1672.043
1692.237
1704.430
1692.646
1691.843
1694.141
1700.043
1694.242
1689.242
1651.042
1648.631
1675.341
1697.137
1688.336
1698.039
1698.647
1673.532
1650.183
1693.308
1664.667
1658.261
1652.535
1665.438
1660.426
1665.946
1650.847
1696.222
1646.325
1658.625
1670.564
1698.484
1684.455
1679.546
1646.019
1647.929
1655.338
1679.236
1663.006
1666.524
1689.935
1673.843
1654.841
1661.724
1660.636
1655.445
1655.310
1649.112
1658.217
1653.420
1659.346
1612.426
1563.035
1596.432
1665.535
1657.125
1676.843
1668.837
1655.819
1655.122
1659.029
1654.710
1655.640
1661.145
1668.936
1640.935
1653.225
1659.937
1661.948
1673.026
1692.440
1688.338
1663.634
1159.195
