46.6
51.0
51.2
51.9
52.3
51.7
51.4
51.1
52.5
53.0
52.7
52.8
51.8
51.9
51.6
51.4
52.1
51.9
51.6
51.0
51.3
51.5
52.9
52.4
52.1
51.5
51.4
51.5
51.3
51.5
51.7
52.0
51.7
52.1
51.8
49.7
50.0
50.0
52.0
52.6
52.0
51.5
51.6
51.8
51.4
51.4
52.3
52.9
53.3
52.9
52.9
52.9
53.1
52.9
52.8
51.6
51.5
52.4
53.0
52.8
53.1
53.1
52.3
51.6
52.9
52.0
51.8
51.6
52.0
51.9
52.1
51.6
53.0
51.4
51.8
52.2
53.1
52.6
52.5
51.4
51.5
51.7
52.5
52.0
52.1
52.8
52.3
51.7
51.9
51.9
51.7
51.7
51.5
51.8
51.7
51.9
50.4
48.8
49.9
52.0
51.8
52.4
52.2
51.7
51.7
51.8
51.7
51.7
51.9
52.2
51.3
51.7
51.9
51.9
52.3
52.9
52.8
52.0
36.2
