192.308		999
96.4286		2049
56.6802		4279
18.7883		24269
8.19114		1632
8.9395		8095
12.7632		1671
6.70312		1995
7.2428		827
29.4148		21732
12.1446		8097
8.38274		6
10.045		8925
8.93622		1445
7.60041		3155
4.51825		8266
15.9884		16176
7.10958		899
8.47068		8228
8.549		8210
11.5416		8303
8.54813		8
14.3963		4003
4.5976		1634
6.3658		9299
15.738		16180
10.3707		8136
6.91926		273
10.3893		8093
12.6794		8879
7.93135		532
10.0657		2735
3.66817		778
28.1586		17400
11.7365		8090
8.38782		8099
7.99184		210
10.1436		8091
12.8683		8850
11.355		3479
5.54804		659
4.49085		1416
59.6017		24260
10.4488		7
9.62255		8943
11.6025		956
7.68117		8291
8.71531		8321
7.17544		1026
10.6555		2768
29.9564		8296
9.99288		16178
10.4174		8111
7.20497		11
11.1798		8633
7.98165		637
6.94972		9696
7.05238		909
9.89838		1576
27.0236		16172
9.6769		8100
13.1845		9597
7.04612		724
7.83854		8112
13.8557		1439
4.91005		888
6.98978		2349
25.9788		16172
11.0368		8098
7.56555		14
8.36305		8112
10.4501		562
8.98673		8680
4.64833		590
5.85662		749
6.40624		2013
28.363		8086
12.3479		16190
8.05195		24
9.50337		8417
7.74534		312
8.94729		8092
9.89554		1713
5.75147		2084
4.34222		1734
41.0742		5979
11.6325		24261
9.52908		10
8.08742		555
7.1799		8670
10.0796		8092
10.5472		710
7.08316		1402
7.1439		1178
31.7419		9249
16.0622		16176
8.2599		10
9.85034		8092
13.8383		8622
7.61852		5
13.5098		1941
6.23067		3409
3.78168		1335
24.4897		24264
7.52404		12
9.02935		8738
6.16827		80
7.75031		8092
11.741		8235
5.1226		1662
8.42809		946
9.55557		1298
26.435		16172
9.07829		8093
8.51117		8089
8.68581		13
9.91274		8758
13.7535		1346
6.65986		2339
5.23484		620
26.2533		16171
12.8535		8096
9.12194		8099
9.76221		153
10.1275		8187
6.53859		76
8.84302		10717
5.528		661
5.4049		1829
27.4398		8086
15.7754		16176
8.29668		1
8.61158		8214
9.29261		8154
7.15739		7
12.2993		1974
5.90793		3414
3.49225		1532
7.40375		8154
12.0769		16180
9.47342		8111
7.89061		16
11.9657		8521
8.21465		601
14.0344		5770
7.11282		1092
4.73496		1791
3.079		9316
12.0506		16177
8.55896		14
8.90052		8097
10.8239		8567
7.41573		25
13.1919		1004
6.64415		4398
4.30973		453
54.6559		4138
13.3263		24260
8.78498		7
10.9297		8917
7.10278		6
12.3819		9141
5.27328		653
7.3222		748
4.82628		2351
26.8709		8161
14.5389		16180
9.07577		8344
8.28376		5
14.2784		8497
7.9767		484
9.06962		9226
4.45451		645
7.83408		1512
7.49092		8212
27.2704		8085
15.2877		8109
6.72821		8102
7.50348		116
9.34905		8270
7.06424		72
10.3666		3382
7.28181		2629
4.24029		2395
25.9462		24266
7.43626		7
8.4017		8612
7.20446		191
8.2695		8113
11.8158		8094
5.01609		1914
8.62057		1099
8.25724		1296
27.8034		16171
9.78484		8097
9.9989		8097
8.092		5
11.1279		8790
14.1887		1385
5.16793		3167
6.73243		779
3.06195		103
28.2469		21941
12.4887		8117
6.18531		13
8.41674		8094
8.59705		559
8.13492		8092
10.2864		1646
6.05808		2682
5.5874		549
25.0417		16172
11.2556		8094
9.13153		8096
7.97519		539
9.04478		8326
5.35412		369
6.40854		9291
6.48154		962
9.61385		1153
27.6284		8547
5.20492		16173
10.4464		6
9.41729		8093
9.70901		8089
7.85544		727
12.1302		1647
6.15679		2506
4.21484		352
25.9563		16172
11.5546		8096
12.9733		8369
8.2073		521
10.9003		8090
14.8617		2284
6.73153		1897
4.95581		553
25.2033		9304
23.6051		16177
7.52946		138
10.3731		8102
7.47394		7
9.87028		8733
14.4715		1720
6.65294		2336
5.175		386
28.3925		15541
20.602		16182
8.23559		10
6.96198		7
10.8799		8257
6.85871		179
6.88482		8636
7.83098		1169
10.1795		2552
27.3865		8086
25.5341		16182
6.75551		3
9.43296		8093
9.29365		488
5.94373		8858
6.61894		1199
5.75279		2269
5.60386		846
16.6436		7136
26.8028		16172
14.8352		8100
7.38327		601
6.23852		8828
8.48382		7
8.45739		8336
7.49819		1165
5.6354		2108
6.50283		1047
28.4211		8167
31.6456		16172
13.6911		643
9.50615		8095
8.17353		7
8.6851		8094
8.22322		2102
6.37655		3228
5.52481		633
4.32808		8202
16.5277		16190
6.81659		19
8.70376		8104
9.85944		8089
7.06629		742
11.6487		1820
5.60499		2389
4.86012		443
26.5175		16172
11.9512		8093
11.5413		8299
7.94953		19
9.21815		8274
12.4855		782
7.0695		7004
6.71547		2841
4.83017		1785
5.75431		248
15.6327		24260
6.95276		10
9.75293		8090
7.30437		675
7.16311		8108
9.14047		337
7.27465		9428
4.25493		504
7.24204		1077
7.93372		590
31.0115		15025
18.7576		16179
6.92835		10
7.21443		11
8.10248		8880
10.239		8091
6.85662		1912
3.69099		495
7.16712		1394
6.4722		8311
26.3356		8086
10.1949		8098
9.14947		8098
9.61162		531
9.66647		8299
7.60176		363
9.34473		9145
7.44681		1897
3.92908		1415
3.55058		213
30.1205		20380
13.8899		8097
6.83023		8
12.8483		8605
6.82085		637
8.53421		8093
8.42885		1227
5.28387		1939
6.80025		1380
33.9879		6950
26.4018		16172
9.32256		8099
8.80865		669
-nan		0
13.3165		7716
7.66332		10484
4.89432		781
6.72058		721
6.25697		2092
29.0445		8147
22.1729		16174
7.91092		69
9.65266		8092
8.68227		598
9.79377		8098
13.4488		2343
5.8744		1973
4.46355		422
27.0831		16172
13.1687		8096
10.9501		8308
8.99764		583
12.5114		8089
12.281		1510
6.12065		623
5.54981		2425
3.74464		8181
30.9518		16171
9.11503		18
10.162		8094
7.89904		628
7.54618		8091
12.327		1436
5.54257		2375
6.04025		774
25.8771		8086
19.7884		16178
8.3479		124
