======================
   8      48 sdd 40443 1204 333092 177348 28213493 15156895 346963104 67773167 0 936632 67958724
======================
   8      48 sdd 40448 1204 333132 177350 28213493 15156895 346963104 67773167 0 936634 67958726
======================
   8      48 sdd 40462 1204 333244 177352 28213549 15161158 346997656 67775777 0 936783 67961338
======================
   8      48 sdd 40462 1204 333244 177352 28213549 15161158 346997656 67775777 0 936783 67961338
======================
   8      48 sdd 40462 1204 333244 177352 28213632 15165374 347032048 67779288 0 936851 67964849
started
======================
   8      48 sdd 40510 1204 333628 177387 28213638 15165380 347032144 67779299 0 936860 67964895
======================
   8      48 sdd 40553 1204 333972 177433 28219028 15166754 347086256 67787334 0 936982 67972975
======================
   8      48 sdd 40576 1204 334156 177436 28226616 15168949 347164520 67788279 0 937123 67973921
======================
   8      48 sdd 40604 1204 334380 177487 28232927 15170666 347228744 67789014 0 937288 67974704
======================
   8      48 sdd 40634 1204 334620 177608 28272761 15179098 347614872 67824728 0 938085 68010627
======================
   8      48 sdd 40662 1204 334844 177613 28272787 15180987 347630192 67824961 0 938107 68010865
======================
   8      48 sdd 40689 1204 335060 177886 28343232 15190495 348269816 68019833 0 939912 68206080
======================
   8      48 sdd 40715 1204 335268 177895 28343296 15195397 348309544 68021116 0 939959 68207372
======================
   8      48 sdd 40740 1204 335468 177992 28376809 15201994 348630424 68044490 99 940645 68230938
======================
   8      48 sdd 40767 1204 335684 178165 28403572 15206824 348883168 68116634 0 941395 68303141
======================
   8      48 sdd 40794 1204 335900 178249 28403593 15208358 348895608 68116804 0 941492 68303394
======================
   8      48 sdd 40820 1204 336108 178279 28422174 15217400 349116592 68124763 0 941967 68311373
======================
   8      48 sdd 40878 1204 336572 178463 28461877 15220179 349456448 68153566 0 942852 68340337
======================
   8      48 sdd 40935 1204 337028 178581 28461922 15223519 349483528 68154207 0 942980 68341096
======================
   8      48 sdd 40957 1204 337204 178588 28480574 15225849 349651384 68156456 0 943309 68343352
======================
   8      48 sdd 40982 1204 337404 178742 28519089 15236779 350046944 68234920 0 944301 68422022
======================
   8      48 sdd 41003 1204 337572 178813 28525329 15238357 350109488 68235596 0 944488 68422777
======================
   8      48 sdd 41027 1204 337764 178959 28575826 15247004 350582640 68253834 0 945790 68441147
======================
   8      48 sdd 41046 1204 337916 179060 28575847 15248507 350594832 68254001 0 945905 68441415
======================
   8      48 sdd 41072 1204 338124 179069 28589824 15255984 350766464 68258812 0 946194 68446231
======================
   8      48 sdd 41091 1204 338276 179200 28627827 15258352 351089432 68319428 0 946931 68506967
======================
   8      48 sdd 41116 1204 338476 179305 28627874 15261829 351117624 68320111 0 947063 68507755
======================
   8      48 sdd 41143 1204 338692 179479 28680211 15270270 351603848 68352572 0 948231 68540365
======================
   8      48 sdd 41168 1204 338892 179509 28680266 15274476 351637936 68353615 0 948295 68541438
======================
   8      48 sdd 41187 1204 339044 179585 28686624 15275951 351700600 68354314 0 948483 68542212
======================
   8      48 sdd 41212 1204 339244 179752 28733245 15284428 352141384 68382289 0 949506 68570330
======================
   8      48 sdd 41237 1204 339444 179833 28733265 15285918 352153464 68382447 0 949600 68570569
======================
   8      48 sdd 41263 1204 339652 179978 28785873 15294553 352643408 68421800 0 950699 68610039
======================
   8      48 sdd 41287 1204 339844 179987 28785929 15298883 352678496 68422807 0 950743 68611055
======================
   8      48 sdd 41313 1204 340052 180161 28831797 15304736 353092264 68459986 126 951650 68648485
======================
   8      48 sdd 41331 1204 340196 180218 28834795 15309006 353150408 68466395 0 951785 68654855
======================
   8      48 sdd 41363 1204 340452 180319 28841022 15310157 353209432 68467004 0 951998 68655561
======================
   8      48 sdd 41384 1204 340620 180442 28880239 15318009 353585984 68494504 0 952845 68683176
======================
   8      48 sdd 41407 1204 340804 180519 28880256 15319170 353595408 68494604 0 952932 68683353
======================
   8      48 sdd 41436 1204 341036 180687 28927240 15326958 354033584 68535479 0 953976 68724378
======================
   8      48 sdd 41459 1204 341220 180692 28927292 15330953 354065960 68536373 0 954012 68725277
======================
   8      48 sdd 41478 1204 341372 180764 28933404 15332431 354126680 68537057 0 954198 68726029
======================
   8      48 sdd 41504 1204 341580 180927 28974133 15340397 354516240 68571845 0 955042 68761155
======================
   8      48 sdd 41527 1204 341764 181003 28974555 15341851 354531248 68572021 1 955142 68761406
======================
   8      48 sdd 41588 1204 342252 181154 29020627 15350342 354967752 68606244 0 956185 68795751
======================
   8      48 sdd 41612 1204 342444 181235 29020676 15354078 354998032 68607010 0 956295 68796597
======================
   8      48 sdd 41676 1205 342964 181393 29068385 15360717 355432816 68641996 0 957258 68831737
======================
   8      48 sdd 41695 1205 343116 181423 29068434 15364438 355462976 68642773 0 957318 68832544
======================
   8      48 sdd 41719 1205 343308 181524 29094395 15369130 355698432 68648517 25 957864 68838750
======================
   8      48 sdd 41743 1205 343500 181639 29114953 15373213 355905328 68660543 0 958396 68850505
======================
   8      48 sdd 41766 1205 343684 181714 29121276 15374653 355967432 68661220 0 958585 68851257
======================
   8      48 sdd 41784 1205 343828 181789 29161177 15382846 356352184 68708806 0 959333 68899057
======================
   8      48 sdd 41807 1205 344012 181891 29161194 15384008 356361616 68708904 0 959445 68899257
======================
   8      48 sdd 41826 1205 344164 181896 29173643 15385863 356476048 68710175 0 959668 68900530
======================
   8      48 sdd 41850 1205 344356 181974 29207745 15393836 356812648 68765567 0 960355 68955991
======================
   8      48 sdd 41873 1205 344540 182045 29220096 15396919 356936120 68767179 0 960653 68957671
======================
   8      48 sdd 41898 1205 344740 182117 29233366 15406074 357115520 68783384 0 960984 68973940
======================
   8      48 sdd 41925 1205 344956 182176 29260744 15409289 357360264 68823650 0 961485 69014255
======================
   8      48 sdd 41957 1205 345212 182521 29302561 15414980 357740328 68870304 0 962502 69061234
======================
   8      48 sdd 41975 1205 345356 182618 29302581 15416448 357752232 68870458 0 962612 69061484
======================
   8      48 sdd 42000 1205 345556 182725 29348132 15424114 358177968 68893900 0 963618 69085078
======================
   8      48 sdd 42019 1205 345708 182729 29348183 15428011 358209552 68894754 0 963653 69085936
======================
   8      48 sdd 42044 1205 345908 182915 29394674 15432868 358620336 68931891 0 964595 69123357
======================
   8      48 sdd 42067 1205 346092 182943 29394726 15436889 358652920 68932776 0 964655 69124270
======================
   8      48 sdd 42090 1205 346276 183010 29398702 15438356 358696464 68933135 0 964837 69124692
======================
   8      48 sdd 42114 1205 346468 183107 29440945 15446564 359100072 68962205 0 965711 69153915
======================
   8      48 sdd 42138 1205 346660 183193 29440966 15448022 359111904 68962360 0 965810 69154156
======================
   8      48 sdd 42157 1205 346812 183320 29486985 15455921 359543248 69010100 0 966683 69202011
======================
   8      48 sdd 42181 1205 347004 183416 29487001 15457055 359552448 69010201 0 966789 69202208
======================
   8      48 sdd 42204 1205 347188 183510 29533207 15464657 359982912 69048147 0 967766 69240247
======================
   8      48 sdd 42228 1205 347380 183515 29533259 15468675 360015472 69049036 0 967804 69241141
======================
   8      48 sdd 42287 1205 347852 183698 29559829 15474246 360272600 69059376 49 968413 69251675
======================
   8      48 sdd 42344 1205 348308 183851 29579268 15478288 360460448 69074686 0 968903 69267180
======================
   8      48 sdd 42363 1205 348460 183946 29579288 15479725 360472104 69074843 0 969011 69267432
======================
   8      48 sdd 42387 1205 348652 184068 29625078 15487579 360901256 69109033 0 969939 69301717
======================
   8      48 sdd 42411 1205 348844 184144 29625099 15489031 360913040 69109188 0 970028 69301948
======================
   8      48 sdd 42435 1205 349036 184250 29671533 15497041 361348592 69164129 0 970906 69357209
======================
   8      48 sdd 42453 1205 349180 184255 29671584 15500913 361379976 69164950 0 970942 69358035
======================
   8      48 sdd 42483 1205 349420 184336 29683192 15502045 361481896 69165960 0 971234 69359124
======================
   8      48 sdd 42508 1205 349620 184366 29709566 15510870 361763488 69195311 106 971737 69388562
======================
   8      48 sdd 42535 1205 349836 184454 29717973 15513754 361853816 69214473 0 972016 69407752
======================
   8      48 sdd 42567 1217 350188 184562 29738976 15515844 362038560 69232903 0 972467 69426275
======================
   8      48 sdd 42592 1217 350388 184666 29766037 15523531 362316544 69257077 0 973157 69450544
======================
   8      48 sdd 42609 1217 350524 184739 29778568 15525380 362431584 69258372 0 973448 69451907
======================
   8      48 sdd 42633 1217 350716 184837 29812933 15533474 362771256 69279247 0 974355 69472859
======================
   8      48 sdd 42652 1217 350868 184905 29812975 15536636 362796888 69279818 0 974448 69473498
======================
   8      48 sdd 42676 1217 351060 185008 29860765 15542163 363223424 69308638 0 975410 69502410
======================
   8      48 sdd 42695 1217 351212 185061 29860813 15545858 363253368 69309434 0 975494 69503259
======================
   8      48 sdd 42717 1217 351388 185135 29872394 15547019 363355304 69310458 0 975779 69504357
======================
   8      48 sdd 42740 1217 351572 185212 29907112 15554723 363694680 69338476 0 976474 69532432
======================
   8      48 sdd 42765 1217 351772 185289 29913441 15556173 363756912 69339217 0 976665 69533248
======================
   8      48 sdd 42791 1217 351980 185398 29952369 15564489 364134864 69363279 0 977526 69557412
======================
   8      48 sdd 42813 1217 352156 185471 29958659 15565923 364196656 69364139 0 977713 69558343
======================
   8      48 sdd 42839 1235 352508 185647 29998005 15574737 364581936 69409202 0 978556 69603793
======================
   8      48 sdd 42863 1235 352700 185729 29998050 15578188 364609904 69409865 0 978666 69604537
======================
   8      48 sdd 42888 1250 353020 185732 30045478 15584738 365041728 69457877 0 979547 69652535
======================
   8      48 sdd 42913 1250 353220 185738 30045522 15588117 365069112 69458562 0 979580 69653226
======================
   8      48 sdd 42935 1250 353396 185893 30092390 15593349 365485912 69479421 0 980623 69674226
======================
   8      48 sdd 42994 1250 353868 185950 30092446 15597630 365520608 69480485 0 980689 69675347
======================
   8      48 sdd 43013 1250 354020 186039 30098741 15599075 365582528 69481208 0 980893 69676161
======================
   8      48 sdd 43069 1250 354468 186182 30138301 15607150 365963608 69517619 0 981708 69712693
======================
   8      48 sdd 43088 1250 354620 186258 30138321 15608592 365975304 69517776 0 981797 69712926
======================
   8      48 sdd 43111 1250 354804 186323 30184225 15616048 366402184 69568689 0 982621 69763884
======================
   8      48 sdd 43136 1250 355004 186353 30184275 15619908 366433464 69569543 0 982682 69764768
======================
   8      48 sdd 43160 1250 355196 186491 30230815 15625323 366849104 69595679 0 983701 69791021
======================
   8      48 sdd 43183 1250 355380 186498 30230870 15629533 366883224 69596682 0 983741 69792031
======================
   8      48 sdd 43204 1250 355548 186572 30241883 15631024 366983256 69597651 0 984028 69793074
======================
   8      48 sdd 43225 1250 355716 186670 30276963 15639432 367331160 69624605 0 984791 69820114
======================
   8      48 sdd 43249 1250 355908 186772 30282702 15640889 367388728 69625214 0 985005 69820820
======================
   8      48 sdd 43270 1250 356076 186899 30322703 15647957 367765280 69670197 0 985854 69865908
======================
   8      48 sdd 43293 1250 356260 186975 30322739 15650702 367787528 69670646 0 985952 69866433
======================
   8      48 sdd 43321 1272 356660 187106 30369003 15658430 368219464 69702048 0 986901 69898038
======================
   8      48 sdd 43345 1272 356852 187109 30369055 15662452 368252056 69702967 0 986936 69898960
======================
   8      48 sdd 43364 1272 357004 187178 30380129 15664322 368355608 69704121 0 987224 69900189
======================
   8      48 sdd 43389 1272 357204 187278 30415975 15672388 368706904 69734927 0 987981 69931076
======================
   8      48 sdd 43423 1272 357476 187357 30422229 15673837 368768528 69735613 0 988173 69931838
======================
   8      48 sdd 43462 1272 357788 187557 30462525 15680441 369143728 69761364 0 989074 69957778
======================
   8      48 sdd 43481 1272 357940 187635 30462568 15683656 369169792 69761951 0 989179 69958443
======================
   8      48 sdd 43515 1274 358228 187764 30508925 15691184 369600872 69803224 0 990182 69999817
======================
   8      48 sdd 43539 1274 358420 187771 30508976 15695121 369632776 69804062 0 990221 70000662
======================
   8      48 sdd 43560 1274 358588 187891 30555005 15700497 370044016 69842031 0 991156 70038746
======================
   8      48 sdd 43578 1274 358732 187943 30555060 15704751 370078488 69843066 0 991243 70039833
======================
   8      48 sdd 43603 1274 358932 188043 30559362 15705911 370122184 69843400 0 991455 70040266
======================
   8      48 sdd 43627 1274 359124 188145 30601322 15713729 370520408 69872075 0 992338 70069044
======================
   8      48 sdd 43650 1274 359308 188222 30601342 15715177 370532152 69872233 0 992427 70069278
======================
   8      48 sdd 43703 1274 359732 189254 30647292 15722293 370956680 69904692 0 993453 70102744
======================
   8      48 sdd 43759 1274 360180 189352 30647328 15724990 370978544 69905126 0 993557 70103276
======================
   8      48 sdd 43781 1275 360364 189358 30665284 15731983 371178136 69913279 39 993969 70111452
======================
   8      48 sdd 43809 1276 360596 189461 30692940 15735968 371431264 69931400 0 994607 70129645
======================
   8      48 sdd 43828 1276 360748 189537 30692960 15737433 371443144 69931560 0 994696 70129880
======================
   8      48 sdd 43851 1276 360932 189649 30739184 15745259 371875544 69980494 0 995545 70178917
======================
   8      48 sdd 43876 1276 361132 189656 30739210 15747126 371890688 69980736 0 995569 70179165
======================
   8      48 sdd 43898 1276 361308 189688 30750902 15755236 372049104 69999989 0 995865 70198441
======================
   8      48 sdd 43921 1276 361492 189840 30785858 15759193 372360408 70027056 0 996674 70225637
======================
   8      48 sdd 43942 1276 361660 189918 30798514 15760360 372470992 70028311 0 996964 70226983
======================
   8      48 sdd 43964 1276 361836 189991 30832607 15768194 372806408 70056745 0 997795 70255477
======================
   8      48 sdd 43987 1276 362020 190065 30838959 15769681 372869120 70057455 0 997983 70256257
======================
   8      48 sdd 44008 1276 362188 190073 30853046 15776886 373039456 70064008 0 998309 70262813
======================
   8      48 sdd 44033 1276 362388 190169 30878911 15779649 373268480 70097240 0 998860 70296131
======================
   8      48 sdd 44054 1276 362556 190231 30895919 15787513 373467456 70123083 0 999253 70322024
======================
   8      48 sdd 44078 1276 362748 190338 30925631 15791463 373736752 70170350 0 999832 70369388
======================
   8      48 sdd 44103 1276 362948 190392 30942877 15792935 373886496 70172524 0 1000203 70371615
======================
   8      48 sdd 44126 1276 363132 190503 30973322 15802808 374209040 70220358 0 1000942 70419547
======================
   8      48 sdd 44144 1276 363276 190506 30979661 15805687 374282784 70229096 0 1001071 70428287
======================
   8      48 sdd 44170 1277 363492 190676 31021867 15811132 374663992 70301593 0 1002002 70500937
======================
   8      48 sdd 44189 1277 363644 190680 31021915 15814803 374693744 70302380 0 1002036 70501728
======================
   8      48 sdd 44212 1277 363828 190776 31034636 15815966 374804816 70303651 0 1002344 70503091
======================
   8      48 sdd 44233 1277 363996 190875 31069168 15823795 375143704 70344563 0 1003030 70544089
======================
   8      48 sdd 44255 1277 364172 190975 31075434 15824931 375202920 70345193 0 1003241 70544816
======================
   8      48 sdd 44277 1277 364348 191080 31115583 15832815 375587184 70378506 0 1004064 70578216
======================
   8      48 sdd 44300 1277 364532 191154 31115603 15834290 375599144 70378669 0 1004152 70578453
======================
   8      48 sdd 44326 1277 364740 191303 31161749 15841733 376027856 70411768 0 1005193 70611693
======================
   8      48 sdd 44417 1277 365468 191444 31161785 15844482 376050136 70412208 0 1005295 70612274
======================
   8      48 sdd 44436 1277 365620 191448 31172604 15852562 376201328 70417673 0 1005557 70617740
======================
   8      48 sdd 44461 1277 365820 191582 31208113 15856176 376514312 70443788 0 1006325 70643974
======================
   8      48 sdd 44486 1277 366020 191685 31218597 15857633 376609840 70444727 0 1006642 70645014
======================
   8      48 sdd 44512 1277 366228 191788 31255072 15864598 376957360 70485885 0 1007401 70686364
======================
   8      48 sdd 44531 1277 366380 191838 31255110 15867431 376980328 70486370 0 1007474 70686898
======================
   8      48 sdd 44557 1277 366588 191872 31274962 15875744 377205648 70518032 0 1007868 70718676
======================
   8      48 sdd 44589 1277 366844 192024 31301588 15879291 377447032 70541041 0 1008515 70741829
======================
   8      48 sdd 44623 1277 367116 192102 31317315 15881081 377587168 70544198 0 1008907 70745057
======================
   8      48 sdd 44669 1281 367516 192561 31349721 15890475 377921568 70570441 0 1009968 70771733
======================
   8      48 sdd 44692 1281 367700 192633 31353209 15893063 377970176 70571009 0 1010159 70772372
======================
   8      48 sdd 44728 1289 368052 192798 31384245 15895401 378237168 70592853 39 1010873 70794382
======================
   8      48 sdd 44751 1289 368236 192873 31398899 15902577 378411808 70608276 0 1011257 70809857
======================
   8      48 sdd 44773 1289 368412 192945 31411267 15904408 378525400 70609645 0 1011547 70811302
======================
   8      48 sdd 44797 1289 368604 193040 31446960 15912220 378873440 70639218 0 1012293 70840953
======================
   8      48 sdd 44820 1289 368788 193106 31453740 15913725 378939720 70640847 0 1012532 70842643
======================
   8      48 sdd 44841 1289 368956 193208 31493845 15921761 379324848 70750912 0 1013557 70952808
======================
   8      48 sdd 44865 1289 369148 193283 31493870 15923604 379339792 70751149 0 1013648 70953120
======================
   8      48 sdd 44889 1289 369340 193398 31540125 15932457 379780656 70812256 0 1014535 71014325
======================
   8      48 sdd 44908 1289 369492 193400 31540172 15935975 379809176 70812978 0 1014566 71015049
======================
   8      48 sdd 44934 1298 369772 193567 31587768 15940512 380226240 70839966 0 1015692 71042181
======================
   8      48 sdd 44952 1298 369916 193569 31587824 15944842 380261328 70840979 0 1015728 71043196
======================
   8      48 sdd 44975 1298 370100 193668 31594044 15946005 380320392 70841667 0 1015940 71043978
======================
   8      48 sdd 44993 1298 370244 193695 31621489 15954639 380609024 70865192 67 1016502 71067589
======================
   8      48 sdd 45018 1298 370444 193788 31634120 15957862 380735856 70883430 0 1016812 71085856
======================
   8      48 sdd 45045 1302 370692 193865 31650419 15959350 380878152 70884865 0 1017205 71087356
======================
   8      48 sdd 45104 1302 371164 193990 31683194 15967401 381204760 70906140 0 1018056 71108758
======================
   8      48 sdd 45160 1302 371612 194058 31693583 15968873 381299648 70917162 0 1018307 71119961
======================
   8      48 sdd 45183 1302 371796 194223 31728871 15976119 381639920 70975658 0 1019117 71178615
======================
   8      48 sdd 45202 1302 371948 194297 31728911 15979154 381664520 70976179 0 1019215 71179210
======================
   8      48 sdd 45227 1302 372148 194400 31774999 15987332 382098648 71003203 0 1020264 71206374
======================
   8      48 sdd 45250 1302 372332 194403 31775045 15990840 382127080 71003912 0 1020295 71207086
======================
   8      48 sdd 45280 1305 372596 194568 31822679 15996291 382551760 71028853 0 1021454 71232165
======================
   8      48 sdd 45309 1305 372828 194609 31822733 16000403 382585088 71029756 0 1021519 71233107
======================
   8      48 sdd 45338 1308 373084 194699 31833740 16001587 382682616 71030687 0 1021817 71234137
======================
   8      48 sdd 45367 1308 373316 194784 31869261 16009485 383029968 71050043 0 1022589 71253578
======================
   8      48 sdd 45388 1308 373484 194860 31869277 16010660 383039496 71050147 0 1022676 71253758
======================
   8      48 sdd 45408 1308 373644 194958 31915809 16018540 383474792 71095836 0 1023619 71299578
======================
   8      48 sdd 45433 1308 373844 195030 31915857 16022228 383504680 71096559 0 1023721 71300372
======================
   8      48 sdd 45475 1308 374180 195140 31962591 16027797 383923104 71150499 0 1024611 71354408
======================
   8      48 sdd 45512 1308 374476 195216 31962646 16031992 383957104 71151506 0 1024720 71355491
======================
   8      48 sdd 45531 1308 374628 195291 31968913 16033453 384018928 71152249 0 1024909 71356308
======================
   8      48 sdd 45557 1308 374836 195414 32008799 16041491 384402320 71181463 0 1025790 71385630
======================
   8      48 sdd 45575 1308 374980 195490 32008820 16042950 384414160 71181625 0 1025879 71385868
======================
   8      48 sdd 45599 1308 375172 195595 32055177 16050461 384845104 71206842 0 1026929 71411167
======================
   8      48 sdd 45618 1308 375324 195600 32055229 16054452 384877448 71207699 0 1026967 71412028
======================
   8      48 sdd 45643 1308 375524 195676 32061401 16055604 384936040 71208367 0 1027154 71412770
======================
   8      48 sdd 45664 1308 375692 195776 32101723 16063247 385319760 71250496 0 1027926 71454985
======================
   8      48 sdd 45686 1308 375868 195881 32101740 16064412 385329216 71250605 0 1028044 71455199
======================
   8      48 sdd 45704 1308 376012 195900 32119226 16072255 385531848 71259448 0 1028416 71464062
======================
   8      48 sdd 45726 1308 376188 195967 32148096 16074371 385779736 71272417 0 1028969 71477107
======================
   8      48 sdd 45746 1308 376348 195994 32154225 16077372 385852776 71281361 0 1029120 71486076
======================
   8      48 sdd 45771 1308 376548 196196 32194616 16085210 386238608 71347282 0 1030160 71552174
