25707.950
20451.469
16825.152
19759.926
18371.392
18345.304
16878.468
16614.076
16526.722
15265.678
15656.579
15868.759
16151.018
16245.717
16128.744
16589.511
15471.851
15705.189
15890.098
16277.798
15425.193
14722.526
15960.287
16450.782
15244.222
16617.401
16034.704
15206.018
15854.999
15852.234
14609.239
16334.076
15322.360
15259.115
16214.175
14998.983
16492.414
15908.399
15506.671
15593.476
14902.999
15787.598
15287.756
14567.660
15671.770
14926.463
17058.473
16591.012
14885.060
15499.102
15654.410
15768.325
15973.515
16051.444
15145.766
16496.921
16128.048
16072.262
16492.874
13349.560
16252.132
15135.329
16613.294
15621.650
16302.753
15788.433
16058.483
16069.771
15939.487
15857.382
16172.443
15024.752
15598.679
14999.886
11152.690
