======================
   8      16 sdb 56588892 33647 13014328292 2359278096 28055809 79389683 17589547128 1878828216 1 194601194 4237903065
======================
   8      16 sdb 56588924 33647 13014328548 2359278416 28056923 79389683 17590249208 1878969523 83 194602540 4238062419
======================
   8      16 sdb 56588930 33647 13014328596 2359280000 28058921 79389716 17591498496 1879562821 129 194607541 4238659676
======================
   8      16 sdb 56588937 33647 13014328652 2359281751 28061452 79389729 17593092344 1880129339 82 194612542 4239222228
======================
   8      16 sdb 56588943 33647 13014328700 2359283760 28063934 79389747 17594652856 1880628400 90 194617544 4239726287
======================
   8      16 sdb 56588949 33647 13014328748 2359285208 28066473 79389762 17596249056 1881221047 1 194622548 4240303218
======================
   8      16 sdb 56588957 33647 13014328812 2359287813 28068979 79389785 17597824712 1881704927 143 194627548 4240793755
======================
   8      16 sdb 56588963 33647 13014328860 2359289690 28071522 79389804 17599423760 1882255323 154 194632551 4241357365
======================
   8      16 sdb 56588969 33647 13014328908 2359291384 28074042 79389818 17601008680 1882836209 145 194637554 4241944080
======================
   8      16 sdb 56588976 33647 13014328964 2359293093 28076569 79389833 17602599984 1883406648 135 194642556 4242517600
======================
   8      16 sdb 56588982 33647 13014329012 2359294615 28079133 79389853 17604209696 1884005905 157 194647558 4243116211
======================
   8      16 sdb 56588989 33647 13014329068 2359296899 28081627 79389867 17605780128 1884498072 134 194652562 4243611360
======================
   8      16 sdb 56588995 33647 13014329116 2359298573 28084168 79389884 17607376360 1885061812 149 194657563 4244178499
======================
   8      16 sdb 56589001 33647 13014329164 2359300015 28086686 79389900 17608960272 1885643122 141 194662564 4244761311
======================
   8      16 sdb 56589008 33647 13014329220 2359301844 28089225 79389918 17610557760 1886209401 125 194667567 4245327039
======================
   8      16 sdb 56589014 33647 13014329268 2359303643 28091751 79389941 17612145920 1886775680 105 194672569 4245894113
======================
   8      16 sdb 56589021 33647 13014329324 2359305748 28094273 79389954 17613731776 1887287005 81 194677573 4246404632
======================
   8      16 sdb 56589028 33647 13014329380 2359307840 28096790 79389971 17615313536 1887821397 157 194682574 4246934564
======================
   8      16 sdb 56589033 33647 13014329420 2359309211 28099351 79389987 17616924456 1888402758 7 194687577 4247509447
======================
   8      16 sdb 56589041 33647 13014329484 2359311572 28101851 79390005 17618497496 1888879125 134 194692579 4247994105
======================
   8      16 sdb 56589047 33647 13014329532 2359313312 28104396 79390022 17620096920 1889458616 135 194697580 4248577469
======================
   8      16 sdb 56589054 33647 13014329588 2359315278 28106943 79390039 17621698256 1889978666 146 194702583 4249105976
======================
   8      16 sdb 56589060 33647 13014329636 2359317221 28109462 79390056 17623283976 1890524885 56 194707585 4249651877
======================
   8      16 sdb 56589067 33647 13014329692 2359319250 28111882 79390074 17624804792 1891049538 152 194712588 4250168239
======================
   8      16 sdb 56589073 33647 13014329740 2359321217 28114446 79390092 17626417920 1891596731 127 194717591 4250733405
======================
   8      16 sdb 56589079 33647 13014329788 2359323041 28116933 79390110 17627981632 1892155994 116 194722594 4251288831
======================
   8      16 sdb 56589086 33647 13014329844 2359325241 28119355 79390115 17629504888 1892654533 138 194727596 4251793972
======================
   8      16 sdb 56589091 33647 13014329884 2359326598 28121842 79390130 17631068952 1893241386 1 194732599 4252364712
======================
   8      16 sdb 56589097 33647 13014329932 2359328426 28124284 79390148 17632604376 1893801397 61 194737600 4252939835
======================
   8      16 sdb 56589104 33647 13014329988 2359330353 28126731 79390166 17634142616 1894352243 116 194742603 4253500405
======================
   8      16 sdb 56589110 33647 13014330036 2359332228 28129182 79390181 17635685416 1894879031 159 194747606 4254028300
======================
   8      16 sdb 56589117 33647 13014330092 2359334189 28131617 79390199 17637216864 1895412085 157 194752608 4254565167
======================
   8      16 sdb 56589123 33647 13014330140 2359335715 28134096 79390217 17638774192 1896004496 135 194757610 4255156413
======================
   8      16 sdb 56589129 33647 13014330188 2359337270 28136570 79390235 17640329712 1896577475 128 194762611 4255733256
======================
   8      16 sdb 56589134 33647 13014330228 2359339085 28138937 79390252 17641818144 1897119322 1 194767613 4256255199
======================
   8      16 sdb 56589141 33647 13014330284 2359341105 28141448 79390269 17643397712 1897682365 145 194772614 4256824558
======================
   8      16 sdb 56589147 33647 13014330332 2359343477 28143905 79390288 17644942360 1898136756 36 194777616 4257285739
======================
   8      16 sdb 56589153 33647 13014330380 2359345267 28146359 79390306 17646483944 1898709386 86 194782620 4257867611
======================
   8      16 sdb 56589160 33647 13014330436 2359346797 28148844 79390321 17648048120 1899298543 142 194787622 4258460581
======================
   8      16 sdb 56589166 33647 13014330484 2359348507 28151258 79390340 17649566400 1899872921 140 194792624 4259038975
======================
   8      16 sdb 56589172 33647 13014330532 2359350539 28153745 79390358 17651129216 1900423682 153 194797624 4259590617
======================
   8      16 sdb 56589179 33647 13014330588 2359352777 28156165 79390377 17652649936 1900924810 136 194802625 4260088105
======================
   8      16 sdb 56589185 33647 13014330636 2359354619 28158636 79390394 17654203024 1901492338 142 194807629 4260650030
======================
   8      16 sdb 56589191 33647 13014330684 2359356454 28161082 79390412 17655741888 1902050603 132 194812632 4261221312
======================
   8      16 sdb 56589198 33647 13014330740 2359358639 28163503 79390431 17657263880 1902570740 143 194817635 4261738573
======================
   8      16 sdb 56589204 33647 13014330788 2359360139 28165972 79390449 17658816200 1903169244 156 194822639 4262336814
======================
   8      16 sdb 56589210 33647 13014330836 2359362050 28168407 79390464 17660349016 1903676047 108 194827641 4262854089
======================
   8      16 sdb 56589216 33647 13014330884 2359364036 28170868 79390484 17661894336 1904218962 152 194832644 4263399750
======================
   8      16 sdb 56589222 33647 13014330932 2359365555 28173313 79390500 17663432544 1904797396 128 194837646 4263981395
======================
   8      16 sdb 56589229 33647 13014330988 2359367743 28175776 79390519 17664980400 1905317163 137 194842647 4264501759
======================
   8      16 sdb 56589235 33647 13014331036 2359369493 28178216 79390537 17666515048 1905875732 129 194847649 4265055311
======================
   8      16 sdb 56589241 33647 13014331084 2359371381 28180607 79390553 17668019336 1906421972 1 194852653 4265589729
======================
   8      16 sdb 56589248 33647 13014331140 2359373125 28183129 79390572 17669603176 1906964623 130 194857656 4266154884
======================
   8      16 sdb 56589253 33647 13014331180 2359374660 28185566 79390590 17671135272 1907550485 49 194862658 4266732988
======================
   8      16 sdb 56589260 33647 13014331236 2359376708 28187958 79390605 17672640824 1908088685 130 194867661 4267284071
======================
   8      16 sdb 56589266 33647 13014331284 2359378427 28190381 79390626 17674163104 1908637134 152 194872663 4267834043
======================
   8      16 sdb 56589272 33647 13014331332 2359380006 28192790 79390642 17675678656 1909225926 156 194877665 4268414092
======================
   8      16 sdb 56589279 33647 13014331388 2359382033 28195206 79390660 17677196176 1909745263 145 194882666 4268946276
======================
   8      16 sdb 56589285 33647 13014331436 2359383768 28197642 79390673 17678730248 1910309836 154 194887667 4269500514
======================
   8      16 sdb 56589291 33647 13014331484 2359385629 28200047 79390694 17680241640 1910839669 134 194892669 4270042250
======================
   8      16 sdb 56589297 33647 13014331532 2359387108 28202476 79390713 17681771112 1911436714 148 194897672 4270641429
======================
   8      16 sdb 56589303 33647 13014331580 2359388727 28204884 79390731 17683281784 1912016463 139 194902675 4271222160
======================
   8      16 sdb 56589310 33647 13014331636 2359390704 28207330 79390746 17684820120 1912556790 147 194907677 4271751668
======================
   8      16 sdb 56589315 33647 13014331676 2359391705 28209731 79390760 17686332056 1913182970 25 194912681 4272377399
======================
   8      16 sdb 56589322 33647 13014331732 2359393827 28212150 79390783 17687852760 1913710312 125 194917682 4272918444
======================
   8      16 sdb 56589328 33647 13014331780 2359395693 28214584 79390797 17689384096 1914283554 18 194922686 4273480138
======================
   8      16 sdb 56589334 33647 13014331828 2359397577 28217019 79390815 17690913128 1914820012 132 194927688 4274021867
======================
   8      16 sdb 56589341 33647 13014331884 2359399500 28219415 79390831 17692419984 1915371629 104 194932691 4274567604
======================
   8      16 sdb 56589346 33647 13014331924 2359400989 28221712 79390848 17693865672 1915958582 44 194937694 4275167932
======================
   8      16 sdb 56589352 33647 13014331972 2359402698 28224068 79390865 17695345024 1916506266 132 194942698 4275723235
======================
   8      16 sdb 56589358 33647 13014332020 2359404499 28226379 79390880 17696799424 1917062520 43 194947700 4276274069
======================
   8      16 sdb 56589364 33647 13014332068 2359406301 28228746 79390897 17698287952 1917606544 73 194952701 4276825063
======================
   8      16 sdb 56589371 33647 13014332124 2359408254 28231051 79390916 17699736984 1918135223 88 194957703 4277354999
======================
   8      16 sdb 56589376 33647 13014332164 2359409679 28233403 79390930 17701214944 1918718959 109 194962706 4277945463
======================
   8      16 sdb 56589382 33647 13014332212 2359411522 28235738 79390948 17702683888 1919268994 118 194967710 4278486315
======================
   8      16 sdb 56589388 33647 13014332260 2359413625 28238025 79390953 17704121400 1919761489 99 194972713 4278992148
======================
   8      16 sdb 56589394 33647 13014332308 2359415577 28240321 79390970 17705564024 1920322033 137 194977716 4279556329
======================
   8      16 sdb 56589400 33647 13014332356 2359417434 28242654 79390989 17707030088 1920898869 143 194982719 4280129050
======================
   8      16 sdb 56589406 33647 13014332404 2359418985 28244916 79391005 17708453104 1921438033 158 194987722 4280674781
======================
   8      16 sdb 56589411 33647 13014332444 2359420296 28247231 79391020 17709908240 1922035816 69 194992725 4281269271
======================
   8      16 sdb 56589416 33647 13014332484 2359421702 28249386 79391038 17711261912 1922568264 1 194997728 4281786560
======================
   8      16 sdb 56589423 33647 13014332540 2359423985 28251802 79391056 17712780952 1923092493 87 195002731 4282332575
======================
   8      16 sdb 56589429 33647 13014332588 2359425922 28254120 79391072 17714238656 1923656664 154 195007734 4282899730
======================
   8      16 sdb 56589435 33647 13014332636 2359427579 28256418 79391089 17715682560 1924224264 59 195012738 4283461920
======================
   8      16 sdb 56589441 33647 13014332684 2359429206 28258740 79391107 17717141576 1924794725 157 195017739 4284041984
======================
   8      16 sdb 56589447 33647 13014332732 2359430909 28261021 79391121 17718576472 1925364157 137 195022743 4284607518
======================
   8      16 sdb 56589453 33647 13014332780 2359432720 28263308 79391140 17720013352 1925905401 135 195027745 4285148905
======================
   8      16 sdb 56589458 33647 13014332820 2359434197 28265555 79391155 17721425744 1926480719 98 195032747 4285731040
======================
   8      16 sdb 56589464 33647 13014332868 2359436046 28267838 79391171 17722862192 1927080280 133 195037750 4286318824
started
======================
   8      16 sdb 56589590 33647 13014333870 2359437622 28269315 79391198 17723781088 1927440395 0 195041151 4286673916
======================
   8      16 sdb 56590624 33647 13014598086 2359472495 28269315 79391198 17723781088 1927440395 16 195045466 4286709009
======================
   8      16 sdb 56591652 33647 13014861254 2359522621 28269318 79391202 17723781144 1927440395 8 195050469 4286760213
======================
   8      16 sdb 56592614 33647 13015107526 2359572683 28269318 79391202 17723781144 1927440395 3 195055472 4286809174
======================
   8      16 sdb 56593649 33647 13015372486 2359617702 28269318 79391202 17723781144 1927440395 6 195060475 4286854314
======================
   8      16 sdb 56594724 33647 13015647686 2359663141 28269318 79391202 17723781144 1927440395 5 195065479 4286899609
======================
   8      16 sdb 56595834 33647 13015931846 2359712056 28269318 79391202 17723781144 1927440395 11 195070482 4286948771
======================
   8      16 sdb 56596886 33647 13016201158 2359760290 28269318 79391202 17723781144 1927440395 7 195075485 4286997175
======================
   8      16 sdb 56597974 33647 13016479686 2359807814 28269320 79391204 17723781176 1927440395 6 195080489 4287044249
======================
   8      16 sdb 56599097 33647 13016767174 2359855928 28269320 79391204 17723781176 1927440395 10 195085493 4287092730
======================
   8      16 sdb 56600202 33647 13017050054 2359904535 28269320 79391204 17723781176 1927440395 12 195090496 4287140945
======================
   8      16 sdb 56600972 33647 13017247174 2359957130 28269320 79391204 17723781176 1927440395 16 195095498 4287193571
======================
   8      16 sdb 56602057 33647 13017524934 2360003416 28269320 79391204 17723781176 1927440395 10 195100502 4287240041
======================
   8      16 sdb 56603167 33647 13017809094 2360052580 28269320 79391204 17723781176 1927440395 5 195105506 4287289086
======================
   8      16 sdb 56604256 33647 13018087878 2360098770 28269320 79391204 17723781176 1927440395 17 195110511 4287335537
======================
   8      16 sdb 56605339 33647 13018365126 2360146920 28269320 79391204 17723781176 1927440395 5 195115515 4287383584
======================
   8      16 sdb 56606443 33647 13018647750 2360197962 28269320 79391204 17723781176 1927440395 14 195120532 4287434339
======================
   8      16 sdb 56607521 33647 13018923718 2360245399 28269320 79391204 17723781176 1927440395 8 195125536 4287482067
======================
   8      16 sdb 56608565 33647 13019190982 2360291944 28269320 79391204 17723781176 1927440395 5 195130539 4287528701
======================
   8      16 sdb 56609684 33647 13019477446 2360342484 28269320 79391204 17723781176 1927440395 9 195135542 4287579168
======================
   8      16 sdb 56610784 33647 13019759046 2360390615 28269320 79391204 17723781176 1927440395 12 195140546 4287627235
======================
   8      16 sdb 56611854 33647 13020032966 2360438922 28269320 79391204 17723781176 1927440395 4 195145549 4287675402
======================
   8      16 sdb 56612934 33647 13020309446 2360487258 28269320 79391204 17723781176 1927440395 7 195150552 4287723888
======================
   8      16 sdb 56614030 33647 13020590022 2360535193 28269320 79391204 17723781176 1927440395 9 195155556 4287771735
======================
   8      16 sdb 56615125 33647 13020870342 2360582671 28269320 79391204 17723781176 1927440395 7 195160559 4287819103
======================
   8      16 sdb 56616255 33647 13021159622 2360632110 28269320 79391204 17723781176 1927440395 10 195165562 4287868687
======================
   8      16 sdb 56617337 33647 13021436614 2360679136 28269320 79391204 17723781176 1927440395 12 195170565 4287915672
======================
   8      16 sdb 56618391 33647 13021706438 2360729006 28269320 79391204 17723781176 1927440395 13 195175568 4287965513
======================
   8      16 sdb 56619474 33647 13021983686 2360778629 28269320 79391204 17723781176 1927440395 10 195180572 4288015545
======================
   8      16 sdb 56620552 33647 13022259654 2360826384 28269320 79391204 17723781176 1927440395 8 195185575 4288063201
======================
   8      16 sdb 56621658 33647 13022542790 2360876138 28269320 79391204 17723781176 1927440395 12 195190580 4288112961
======================
   8      16 sdb 56622730 33647 13022817222 2360924054 28269320 79391204 17723781176 1927440395 14 195195583 4288160743
======================
   8      16 sdb 56623796 33647 13023090118 2360972871 28269320 79391204 17723781176 1927440395 19 195200586 4288209291
======================
   8      16 sdb 56624915 33647 13023376582 2361023412 28269320 79391204 17723781176 1927440395 5 195205589 4288260014
======================
   8      16 sdb 56626039 33647 13023664326 2361073143 28269320 79391204 17723781176 1927440395 8 195210593 4288309615
======================
   8      16 sdb 56627133 33647 13023944390 2361123238 28269320 79391204 17723781176 1927440395 9 195215596 4288359683
======================
   8      16 sdb 56628186 33647 13024213958 2361170899 28269320 79391204 17723781176 1927440395 10 195220599 4288407615
======================
   8      16 sdb 56629279 33647 13024493766 2361217917 28269320 79391204 17723781176 1927440395 17 195225603 4288454912
======================
   8      16 sdb 56630342 33647 13024765894 2361266262 28269320 79391204 17723781176 1927440395 6 195230606 4288502692
======================
   8      16 sdb 56631416 33647 13025040838 2361313499 28269320 79391204 17723781176 1927440395 13 195235609 4288549822
======================
   8      16 sdb 56632504 33647 13025319366 2361359977 28269320 79391204 17723781176 1927440395 8 195240612 4288596542
======================
   8      16 sdb 56633603 33647 13025600710 2361409209 28269320 79391204 17723781176 1927440395 4 195245615 4288645939
======================
   8      16 sdb 56634691 33647 13025879238 2361458845 28269320 79391204 17723781176 1927440395 6 195250619 4288695396
======================
   8      16 sdb 56635814 33647 13026166726 2361508395 28269320 79391204 17723781176 1927440395 15 195255623 4288744905
======================
   8      16 sdb 56636919 33647 13026449606 2361556880 28269320 79391204 17723781176 1927440395 13 195260627 4288793654
======================
   8      16 sdb 56637988 33647 13026723270 2361603167 28269320 79391204 17723781176 1927440395 4 195265631 4288839645
======================
   8      16 sdb 56639079 33647 13027002566 2361649434 28269320 79391204 17723781176 1927440395 8 195270634 4288885888
======================
   8      16 sdb 56640190 33647 13027286982 2361696944 28269320 79391204 17723781176 1927440395 8 195275637 4288933874
======================
   8      16 sdb 56641253 33647 13027559110 2361745147 28269320 79391204 17723781176 1927440395 10 195280641 4288981644
======================
   8      16 sdb 56642331 33647 13027835078 2361793903 28269320 79391204 17723781176 1927440395 12 195285644 4289030944
======================
   8      16 sdb 56643421 33647 13028114118 2361843075 28269320 79391204 17723781176 1927440395 5 195290647 4289079648
======================
   8      16 sdb 56644505 33647 13028391622 2361891721 28269320 79391204 17723781176 1927440395 2 195295650 4289128093
======================
   8      16 sdb 56645614 33647 13028675526 2361939620 28269320 79391204 17723781176 1927440395 13 195300653 4289176036
======================
   8      16 sdb 56646704 33647 13028954566 2361988018 28269320 79391204 17723781176 1927440395 9 195305657 4289225121
======================
   8      16 sdb 56647811 33647 13029237958 2362035880 28269320 79391204 17723781176 1927440395 15 195310661 4289272637
======================
   8      16 sdb 56648915 33647 13029520582 2362082990 28269320 79391204 17723781176 1927440395 5 195315663 4289319356
======================
   8      16 sdb 56650005 33647 13029799622 2362132014 28269320 79391204 17723781176 1927440395 11 195320666 4289368600
======================
   8      16 sdb 56651099 33647 13030079686 2362179068 28269320 79391204 17723781176 1927440395 8 195325669 4289415650
======================
   8      16 sdb 56652153 33647 13030349510 2362227555 28269320 79391204 17723781176 1927440395 9 195330675 4289464299
======================
   8      16 sdb 56653260 33647 13030632902 2362276717 28269320 79391204 17723781176 1927440395 10 195335678 4289513828
======================
   8      16 sdb 56654347 33647 13030911174 2362325640 28269320 79391204 17723781176 1927440395 11 195340682 4289562064
======================
   8      16 sdb 56655446 33647 13031192518 2362373639 28269320 79391204 17723781176 1927440395 2 195345686 4289609892
======================
   8      16 sdb 56656509 33647 13031464646 2362421869 28269320 79391204 17723781176 1927440395 6 195350689 4289658278
======================
   8      16 sdb 56657577 33647 13031738054 2362472064 28269320 79391204 17723781176 1927440395 12 195355692 4289708862
======================
   8      16 sdb 56658606 33647 13032001478 2362519556 28269320 79391204 17723781176 1927440395 5 195360696 4289756190
======================
   8      16 sdb 56659655 33647 13032270022 2362565953 28269320 79391204 17723781176 1927440395 7 195365698 4289802332
======================
   8      16 sdb 56660739 33647 13032547526 2362613152 28269320 79391204 17723781176 1927440395 12 195370701 4289849643
======================
   8      16 sdb 56661786 33647 13032815558 2362659710 28269320 79391204 17723781176 1927440395 11 195375704 4289896030
======================
   8      16 sdb 56662878 33647 13033095110 2362707047 28269320 79391204 17723781176 1927440395 9 195380707 4289943508
======================
   8      16 sdb 56663942 33647 13033367494 2362754759 28269320 79391204 17723781176 1927440395 7 195385711 4289991393
======================
   8      16 sdb 56665040 33647 13033648582 2362799731 28269320 79391204 17723781176 1927440395 15 195390715 4290036389
======================
   8      16 sdb 56666150 33647 13033932742 2362850260 28269320 79391204 17723781176 1927440395 7 195395718 4290087232
======================
   8      16 sdb 56667243 33647 13034212550 2362898723 28269320 79391204 17723781176 1927440395 17 195400734 4290135052
======================
   8      16 sdb 56668349 33647 13034495686 2362949015 28269320 79391204 17723781176 1927440395 3 195405738 4290185278
======================
   8      16 sdb 56669460 33647 13034780102 2362998661 28269320 79391204 17723781176 1927440395 13 195410741 4290235511
======================
   8      16 sdb 56670539 33647 13035056326 2363045357 28269320 79391204 17723781176 1927440395 10 195415744 4290282358
======================
   8      16 sdb 56671604 33647 13035328966 2363091101 28269320 79391204 17723781176 1927440395 22 195420747 4290327589
======================
   8      16 sdb 56672704 33647 13035610566 2363137908 28269320 79391204 17723781176 1927440395 3 195425750 4290374226
======================
   8      16 sdb 56673781 33647 13035886278 2363184666 28269320 79391204 17723781176 1927440395 11 195430753 4290421139
======================
   8      16 sdb 56674867 33647 13036164294 2363232900 28269320 79391204 17723781176 1927440395 11 195435757 4290469356
======================
   8      16 sdb 56675928 33647 13036435910 2363278892 28269320 79391204 17723781176 1927440395 14 195440760 4290515559
======================
   8      16 sdb 56677041 33647 13036720838 2363328704 28269320 79391204 17723781176 1927440395 12 195445763 4290565320
======================
   8      16 sdb 56678150 33647 13037004742 2363377076 28269320 79391204 17723781176 1927440395 7 195450766 4290613670
======================
   8      16 sdb 56679219 33647 13037278406 2363425505 28269320 79391204 17723781176 1927440395 11 195455769 4290661764
======================
   8      16 sdb 56680304 33647 13037556166 2363472438 28269320 79391204 17723781176 1927440395 6 195460772 4290708961
======================
   8      16 sdb 56681416 33647 13037840838 2363520048 28269320 79391204 17723781176 1927440395 10 195465775 4290756675
======================
   8      16 sdb 56682493 33647 13038116550 2363568508 28269320 79391204 17723781176 1927440395 11 195470778 4290805175
======================
   8      16 sdb 56683557 33647 13038388934 2363615860 28269320 79391204 17723781176 1927440395 12 195475781 4290852640
======================
   8      16 sdb 56684643 33647 13038666950 2363663099 28269320 79391204 17723781176 1927440395 6 195480785 4290899950
======================
   8      16 sdb 56685730 33647 13038945222 2363712637 28269320 79391204 17723781176 1927440395 8 195485788 4290949214
======================
   8      16 sdb 56686801 33647 13039219398 2363760724 28269320 79391204 17723781176 1927440395 14 195490791 4290997177
======================
   8      16 sdb 56687890 33647 13039498182 2363808130 28269320 79391204 17723781176 1927440395 14 195495795 4291044955
======================
   8      16 sdb 56688982 33647 13039777734 2363855859 28269320 79391204 17723781176 1927440395 9 195500798 4291092307
======================
   8      16 sdb 56690035 33647 13040047302 2363902138 28269320 79391204 17723781176 1927440395 8 195505801 4291138693
======================
   8      16 sdb 56691159 33647 13040335046 2363953212 28269320 79391204 17723781176 1927440395 15 195510805 4291189805
======================
   8      16 sdb 56692254 33647 13040615366 2364003754 28269320 79391204 17723781176 1927440395 8 195515808 4291240176
======================
   8      16 sdb 56693320 33647 13040888262 2364052002 28269320 79391204 17723781176 1927440395 12 195520812 4291288449
======================
   8      16 sdb 56694409 33647 13041167046 2364098287 28269320 79391204 17723781176 1927440395 18 195525815 4291334664
======================
   8      16 sdb 56695510 33647 13041448902 2364145425 28269320 79391204 17723781176 1927440395 16 195530818 4291382097
======================
   8      16 sdb 56696564 33647 13041718726 2364192438 28269320 79391204 17723781176 1927440395 8 195535822 4291429025
======================
   8      16 sdb 56697643 33647 13041994950 2364239829 28269320 79391204 17723781176 1927440395 10 195540825 4291476369
======================
   8      16 sdb 56698707 33647 13042267334 2364288084 28269320 79391204 17723781176 1927440395 5 195545829 4291524626
======================
   8      16 sdb 56699786 33647 13042543558 2364334938 28269320 79391204 17723781176 1927440395 19 195550832 4291571406
======================
   8      16 sdb 56700908 33647 13042830790 2364384131 28269320 79391204 17723781176 1927440395 4 195555835 4291620509
======================
   8      16 sdb 56701984 33647 13043106246 2364433798 28269320 79391204 17723781176 1927440395 10 195560838 4291670130
======================
   8      16 sdb 56703066 33647 13043383238 2364482287 28269320 79391204 17723781176 1927440395 11 195565842 4291718549
======================
   8      16 sdb 56704145 33647 13043659462 2364530168 28269320 79391204 17723781176 1927440395 11 195570845 4291766746
======================
   8      16 sdb 56705233 33647 13043937990 2364579774 28269320 79391204 17723781176 1927440395 10 195575848 4291816468
======================
   8      16 sdb 56706295 33647 13044209862 2364628545 28269320 79391204 17723781176 1927440395 10 195580851 4291864967
======================
   8      16 sdb 56707377 33647 13044486854 2364678325 28269320 79391204 17723781176 1927440395 13 195585855 4291914848
======================
   8      16 sdb 56708445 33647 13044760262 2364725369 28269320 79391204 17723781176 1927440395 5 195590858 4291961692
======================
   8      16 sdb 56709524 33647 13045036486 2364775594 28269320 79391204 17723781176 1927440395 14 195595861 4292012025
======================
   8      16 sdb 56710568 33647 13045303750 2364823922 28269320 79391204 17723781176 1927440395 14 195600864 4292060214
======================
   8      16 sdb 56711609 33647 13045570246 2364869381 28269320 79391204 17723781176 1927440395 8 195605867 4292105812
======================
   8      16 sdb 56712693 33647 13045847750 2364915209 28269320 79391204 17723781176 1927440395 12 195610871 4292152049
======================
   8      16 sdb 56713785 33647 13046127302 2364965008 28269320 79391204 17723781176 1927440395 13 195615874 4292202015
======================
   8      16 sdb 56714910 33647 13046415302 2365015964 28269320 79391204 17723781176 1927440395 10 195620877 4292252622
======================
   8      16 sdb 56716005 33647 13046695622 2365065044 28269320 79391204 17723781176 1927440395 9 195625880 4292301522
======================
   8      16 sdb 56717059 33647 13046965446 2365112992 28269320 79391204 17723781176 1927440395 13 195630883 4292349776
======================
   8      16 sdb 56718172 33647 13047250374 2365160905 28269320 79391204 17723781176 1927440395 6 195635887 4292397373
======================
   8      16 sdb 56719242 33647 13047524294 2365208107 28269320 79391204 17723781176 1927440395 10 195640890 4292444380
======================
   8      16 sdb 56720351 33647 13047808198 2365255445 28269320 79391204 17723781176 1927440395 9 195645893 4292491557
======================
   8      16 sdb 56721465 33647 13048093382 2365306402 28269320 79391204 17723781176 1927440395 13 195650897 4292542536
======================
   8      16 sdb 56722625 33647 13048390342 2365356838 28269320 79391204 17723781176 1927440395 17 195655900 4292593235
======================
   8      16 sdb 56723668 33647 13048657350 2365405119 28269320 79391204 17723781176 1927440395 5 195660903 4292641785
======================
   8      16 sdb 56724763 33647 13048937670 2365452470 28269320 79391204 17723781176 1927440395 5 195665907 4292689046
======================
   8      16 sdb 56725837 33647 13049212614 2365499421 28269320 79391204 17723781176 1927440395 13 195670910 4292735603
======================
   8      16 sdb 56726921 33647 13049490118 2365546091 28269320 79391204 17723781176 1927440395 10 195675914 4292782424
======================
   8      16 sdb 56727959 33647 13049755846 2365594108 28269320 79391204 17723781176 1927440395 8 195680917 4292830804
======================
   8      16 sdb 56729044 33647 13050033606 2365642450 28269320 79391204 17723781176 1927440395 10 195685919 4292878961
======================
   8      16 sdb 56730120 33647 13050309062 2365689621 28269320 79391204 17723781176 1927440395 10 195690922 4292926054
======================
   8      16 sdb 56731253 33647 13050599110 2365737427 28269320 79391204 17723781176 1927440395 13 195695925 4292974441
======================
   8      16 sdb 56732317 33647 13050871494 2365784604 28269320 79391204 17723781176 1927440395 9 195700929 4293020852
======================
   8      16 sdb 56733373 33647 13051141830 2365830949 28269320 79391204 17723781176 1927440395 6 195705932 4293067386
======================
   8      16 sdb 56734485 33647 13051426502 2365878198 28269320 79391204 17723781176 1927440395 6 195710935 4293114732
======================
   8      16 sdb 56735578 33647 13051706310 2365923692 28269320 79391204 17723781176 1927440395 10 195715938 4293160117
======================
   8      16 sdb 56736652 33647 13051981254 2365970603 28269320 79391204 17723781176 1927440395 9 195720941 4293207134
======================
   8      16 sdb 56737784 33647 13052271046 2366020866 28269320 79391204 17723781176 1927440395 12 195725944 4293257668
======================
   8      16 sdb 56738872 33647 13052549574 2366069834 28269320 79391204 17723781176 1927440395 17 195730947 4293306537
======================
   8      16 sdb 56739974 33647 13052831686 2366117648 28269320 79391204 17723781176 1927440395 10 195735951 4293354172
======================
   8      16 sdb 56741033 33647 13053102790 2366164718 28269320 79391204 17723781176 1927440395 7 195740954 4293401232
======================
   8      16 sdb 56742139 33647 13053385926 2366214723 28269320 79391204 17723781176 1927440395 17 195745957 4293451170
======================
   8      16 sdb 56743258 33647 13053672390 2366263137 28269320 79391204 17723781176 1927440395 3 195750961 4293499537
======================
   8      16 sdb 56744325 33647 13053945542 2366310666 28269320 79391204 17723781176 1927440395 11 195755964 4293547531
======================
   8      16 sdb 56745431 33647 13054228678 2366359699 28269320 79391204 17723781176 1927440395 14 195760968 4293596381
======================
   8      16 sdb 56746521 33647 13054507718 2366410271 28269320 79391204 17723781176 1927440395 8 195765971 4293646860
======================
   8      16 sdb 56747644 33647 13054795206 2366457986 28269320 79391204 17723781176 1927440395 4 195770974 4293694261
======================
   8      16 sdb 56748777 33647 13055085254 2366505139 28269320 79391204 17723781176 1927440395 15 195775977 4293741919
======================
   8      16 sdb 56749857 33647 13055361734 2366555790 28269320 79391204 17723781176 1927440395 17 195780981 4293791901
======================
   8      16 sdb 56750951 33647 13055641798 2366605597 28269320 79391204 17723781176 1927440395 7 195785984 4293842063
======================
   8      16 sdb 56752028 33647 13055917510 2366654389 28269320 79391204 17723781176 1927440395 10 195790987 4293891206
======================
   8      16 sdb 56753137 33647 13056201414 2366702663 28269320 79391204 17723781176 1927440395 9 195795990 4293939262
======================
   8      16 sdb 56754199 33647 13056473286 2366752227 28269320 79391204 17723781176 1927440395 8 195800993 4293988886
======================
   8      16 sdb 56755275 33647 13056748742 2366799900 28269320 79391204 17723781176 1927440395 11 195805997 4294036322
======================
   8      16 sdb 56756357 33647 13057025734 2366847814 28269320 79391204 17723781176 1927440395 8 195811000 4294084234
======================
   8      16 sdb 56757419 33647 13057297606 2366895553 28269320 79391204 17723781176 1927440395 10 195816003 4294131825
======================
   8      16 sdb 56758489 33647 13057571526 2366944714 28269320 79391204 17723781176 1927440395 8 195821006 4294181128
======================
   8      16 sdb 56759577 33647 13057850054 2366993576 28269320 79391204 17723781176 1927440395 5 195826010 4294229885
======================
   8      16 sdb 56760627 33647 13058118854 2367041936 28269320 79391204 17723781176 1927440395 6 195831012 4294278402
======================
   8      16 sdb 56761719 33647 13058398406 2367089415 28269320 79391204 17723781176 1927440395 17 195836015 4294325729
======================
   8      16 sdb 56762806 33647 13058676678 2367137123 28269320 79391204 17723781176 1927440395 11 195841018 4294373493
======================
   8      16 sdb 56763871 33647 13058949318 2367185546 28269320 79391204 17723781176 1927440395 14 195846021 4294421898
======================
   8      16 sdb 56764941 33647 13059223238 2367234155 28269320 79391204 17723781176 1927440395 9 195851025 4294470397
======================
   8      16 sdb 56765999 33647 13059494086 2367282426 28269320 79391204 17723781176 1927440395 7 195856029 4294518855
======================
   8      16 sdb 56767063 33647 13059766470 2367330585 28269320 79391204 17723781176 1927440395 12 195861033 4294567148
======================
   8      16 sdb 56768181 33647 13060052678 2367380958 28269320 79391204 17723781176 1927440395 15 195866036 4294617311
======================
   8      16 sdb 56769307 33647 13060340934 2367428347 28269320 79391204 17723781176 1927440395 8 195871040 4294664756
======================
   8      16 sdb 56770406 33647 13060622278 2367476386 28269320 79391204 17723781176 1927440395 10 195876043 4294712846
======================
   8      16 sdb 56771452 33647 13060890054 2367523795 28269320 79391204 17723781176 1927440395 11 195881046 4294760382
======================
   8      16 sdb 56772548 33647 13061170630 2367571050 28269320 79391204 17723781176 1927440395 7 195886049 4294807616
======================
   8      16 sdb 56773623 33647 13061445830 2367620823 28269320 79391204 17723781176 1927440395 6 195891052 4294857235
======================
   8      16 sdb 56774696 33647 13061720518 2367667202 28269320 79391204 17723781176 1927440395 10 195896057 4294903641
======================
   8      16 sdb 56775777 33647 13061997254 2367717809 28269320 79391204 17723781176 1927440395 12 195901060 4294954157
======================
   8      16 sdb 56776874 33647 13062278086 2367765767 28269320 79391204 17723781176 1927440395 3 195906064 34750
======================
   8      16 sdb 56777967 33647 13062557894 2367812820 28269320 79391204 17723781176 1927440395 8 195911067 82118
======================
   8      16 sdb 56779076 33647 13062841798 2367859663 28269320 79391204 17723781176 1927440395 10 195916070 128777
======================
   8      16 sdb 56780194 33647 13063128006 2367908041 28269320 79391204 17723781176 1927440395 5 195921073 176893
======================
   8      16 sdb 56781296 33647 13063410118 2367957527 28269320 79391204 17723781176 1927440395 13 195926077 226408
======================
   8      16 sdb 56782390 33647 13063690182 2368005468 28269320 79391204 17723781176 1927440395 8 195931080 274472
======================
   8      16 sdb 56783466 33647 13063965638 2368054557 28269320 79391204 17723781176 1927440395 9 195936081 323844
======================
   8      16 sdb 56784532 33647 13064238534 2368102038 28269320 79391204 17723781176 1927440395 18 195941084 370827
======================
   8      16 sdb 56785632 33647 13064520134 2368147345 28269320 79391204 17723781176 1927440395 9 195946088 416261
======================
   8      16 sdb 56786693 33647 13064791750 2368195766 28269320 79391204 17723781176 1927440395 11 195951091 465439
======================
   8      16 sdb 56787812 33647 13065078214 2368245485 28269320 79391204 17723781176 1927440395 12 195956094 514511
======================
   8      16 sdb 56788905 33647 13065358022 2368293841 28269320 79391204 17723781176 1927440395 5 195961096 562950
======================
   8      16 sdb 56789985 33647 13065634502 2368342060 28269320 79391204 17723781176 1927440395 7 195966098 611281
======================
   8      16 sdb 56791060 33647 13065909702 2368389206 28269320 79391204 17723781176 1927440395 10 195971101 658262
======================
   8      16 sdb 56792169 33647 13066193606 2368436852 28269320 79391204 17723781176 1927440395 6 195976105 705915
======================
   8      16 sdb 56793268 33647 13066474950 2368484039 28269320 79391204 17723781176 1927440395 4 195981108 752964
======================
   8      16 sdb 56794360 33647 13066754502 2368528779 28269320 79391204 17723781176 1927440395 8 195986111 797916
======================
   8      16 sdb 56795487 33647 13067043014 2368576505 28269320 79391204 17723781176 1927440395 15 195991114 845823
======================
   8      16 sdb 56796560 33647 13067317702 2368624757 28269320 79391204 17723781176 1927440395 7 195996117 893900
======================
   8      16 sdb 56797679 33647 13067604166 2368671666 28269320 79391204 17723781176 1927440395 14 196001121 940818
======================
   8      16 sdb 56798793 33647 13067889350 2368720865 28269320 79391204 17723781176 1927440395 10 196006125 990149
======================
   8      16 sdb 56799887 33647 13068169414 2368768528 28269320 79391204 17723781176 1927440395 5 196011128 1037481
======================
   8      16 sdb 56800977 33647 13068448454 2368815125 28269320 79391204 17723781176 1927440395 11 196016131 1084286
======================
   8      16 sdb 56802094 33647 13068734406 2368865540 28269320 79391204 17723781176 1927440395 13 196021134 1134410
======================
   8      16 sdb 56803213 33647 13069020870 2368913147 28269320 79391204 17723781176 1927440395 4 196026137 1182286
======================
   8      16 sdb 56804294 33647 13069297606 2368960759 28269320 79391204 17723781176 1927440395 6 196031140 1229744
======================
   8      16 sdb 56805387 33647 13069577414 2369006765 28269320 79391204 17723781176 1927440395 9 196036143 1275980
======================
   8      16 sdb 56806473 33647 13069855430 2369055105 28269320 79391204 17723781176 1927440395 12 196041146 1324441
======================
   8      16 sdb 56807567 33647 13070135494 2369101744 28269320 79391204 17723781176 1927440395 11 196046149 1371432
======================
   8      16 sdb 56808653 33647 13070413510 2369148882 28269320 79391204 17723781176 1927440395 10 196051153 1417932
======================
   8      16 sdb 56809755 33647 13070695622 2369196463 28269320 79391204 17723781176 1927440395 5 196056156 1465525
======================
   8      16 sdb 56810835 33647 13070972102 2369244436 28269320 79391204 17723781176 1927440395 12 196061159 1513122
======================
   8      16 sdb 56811952 33647 13071258054 2369292643 28269320 79391204 17723781176 1927440395 13 196066164 1562055
======================
   8      16 sdb 56813033 33647 13071534790 2369341568 28269320 79391204 17723781176 1927440395 18 196071167 1610503
======================
   8      16 sdb 56814129 33647 13071815366 2369391108 28269320 79391204 17723781176 1927440395 6 196076170 1660099
======================
   8      16 sdb 56815199 33647 13072089286 2369436104 28269320 79391204 17723781176 1927440395 3 196081173 1704902
======================
   8      16 sdb 56816317 33647 13072375494 2369484578 28269320 79391204 17723781176 1927440395 10 196086177 1753536
======================
   8      16 sdb 56817430 33647 13072660422 2369531168 28269320 79391204 17723781176 1927440395 12 196091180 1800197
======================
   8      16 sdb 56818519 33647 13072939206 2369580178 28269320 79391204 17723781176 1927440395 13 196096183 1849086
======================
   8      16 sdb 56819623 33647 13073221830 2369628308 28269320 79391204 17723781176 1927440395 11 196101186 1897268
======================
   8      16 sdb 56820717 33647 13073501894 2369675242 28269320 79391204 17723781176 1927440395 6 196106190 1944043
======================
   8      16 sdb 56821812 33647 13073782214 2369722459 28269320 79391204 17723781176 1927440395 11 196111193 1991360
======================
   8      16 sdb 56822914 33647 13074064326 2369773180 28269320 79391204 17723781176 1927440395 14 196116196 2042042
======================
   8      16 sdb 56823999 33647 13074342086 2369821716 28269320 79391204 17723781176 1927440395 12 196121199 2090615
======================
   8      16 sdb 56825095 33647 13074622662 2369867666 28269320 79391204 17723781176 1927440395 9 196126202 2136866
======================
   8      16 sdb 56826195 33647 13074904262 2369917907 28269320 79391204 17723781176 1927440395 3 196131206 2186829
======================
   8      16 sdb 56827300 33647 13075187142 2369966173 28269320 79391204 17723781176 1927440395 17 196136210 2235296
======================
   8      16 sdb 56828376 33647 13075462598 2370014645 28269320 79391204 17723781176 1927440395 16 196141213 2284139
======================
   8      16 sdb 56829447 33647 13075736774 2370062175 28269320 79391204 17723781176 1927440395 13 196146216 2331212
======================
   8      16 sdb 56830549 33647 13076018886 2370111919 28269320 79391204 17723781176 1927440395 10 196151220 2380836
======================
   8      16 sdb 56831640 33647 13076298182 2370159595 28269320 79391204 17723781176 1927440395 13 196156223 2428963
======================
   8      16 sdb 56832733 33647 13076577990 2370206391 28269320 79391204 17723781176 1927440395 6 196161226 2475448
======================
   8      16 sdb 56833862 33647 13076867014 2370255732 28269320 79391204 17723781176 1927440395 9 196166228 2525027
======================
   8      16 sdb 56834920 33647 13077137862 2370304107 28269320 79391204 17723781176 1927440395 3 196171231 2573044
======================
   8      16 sdb 56836051 33647 13077427398 2370352071 28269320 79391204 17723781176 1927440395 10 196176235 2621229
======================
   8      16 sdb 56837153 33647 13077709510 2370401514 28269320 79391204 17723781176 1927440395 9 196181239 2670860
======================
   8      16 sdb 56838237 33647 13077987014 2370447930 28269320 79391204 17723781176 1927440395 5 196186242 2716878
======================
   8      16 sdb 56839345 33647 13078270662 2370498006 28269320 79391204 17723781176 1927440395 12 196191245 2766847
======================
   8      16 sdb 56840428 33647 13078547910 2370547497 28269320 79391204 17723781176 1927440395 12 196196248 2816448
======================
   8      16 sdb 56841506 33647 13078823878 2370596797 28269320 79391204 17723781176 1927440395 13 196201252 2865652
======================
   8      16 sdb 56842574 33647 13079097286 2370643783 28269320 79391204 17723781176 1927440395 13 196206255 2912968
======================
   8      16 sdb 56843656 33647 13079374278 2370691453 28269320 79391204 17723781176 1927440395 10 196211259 2960976
======================
   8      16 sdb 56844754 33647 13079655366 2370740093 28269320 79391204 17723781176 1927440395 8 196216262 3009122
======================
   8      16 sdb 56845839 33647 13079933126 2370787155 28269320 79391204 17723781176 1927440395 16 196221265 3056162
======================
   8      16 sdb 56846917 33647 13080209094 2370835328 28269320 79391204 17723781176 1927440395 13 196226268 3104459
======================
   8      16 sdb 56847989 33647 13080483526 2370885794 28269320 79391204 17723781176 1927440395 10 196231272 3155215
======================
   8      16 sdb 56849098 33647 13080767430 2370935188 28269320 79391204 17723781176 1927440395 14 196236275 3204476
======================
   8      16 sdb 56850200 33647 13081049542 2370984078 28269320 79391204 17723781176 1927440395 3 196241278 3252910
======================
   8      16 sdb 56851302 33647 13081331654 2371031756 28269320 79391204 17723781176 1927440395 9 196246280 3300837
======================
   8      16 sdb 56852398 33647 13081612230 2371080559 28269320 79391204 17723781176 1927440395 14 196251283 3349736
======================
   8      16 sdb 56853498 33647 13081893830 2371128594 28269320 79391204 17723781176 1927440395 7 196256287 3397426
======================
   8      16 sdb 56854552 33647 13082163654 2371174455 28269320 79391204 17723781176 1927440395 10 196261290 3443507
======================
   8      16 sdb 56855647 33647 13082443974 2371223504 28269320 79391204 17723781176 1927440395 13 196266293 3492307
======================
   8      16 sdb 56856716 33647 13082717638 2371271628 28269320 79391204 17723781176 1927440395 6 196271296 3540636
======================
   8      16 sdb 56857751 33647 13082982598 2371318368 28269320 79391204 17723781176 1927440395 5 196276300 3587183
======================
   8      16 sdb 56858832 33647 13083259334 2371365390 28269320 79391204 17723781176 1927440395 15 196281303 3634433
======================
   8      16 sdb 56859893 33647 13083530950 2371413582 28269320 79391204 17723781176 1927440395 12 196286306 3682460
======================
   8      16 sdb 56860995 33647 13083813062 2371461258 28269320 79391204 17723781176 1927440395 9 196291308 3730168
======================
   8      16 sdb 56862098 33647 13084095430 2371509423 28269320 79391204 17723781176 1927440395 18 196296311 3778621
======================
   8      16 sdb 56863189 33647 13084374726 2371556471 28269320 79391204 17723781176 1927440395 11 196301315 3825431
======================
   8      16 sdb 56864299 33647 13084658886 2371604990 28269320 79391204 17723781176 1927440395 7 196306318 3873997
======================
   8      16 sdb 56865404 33647 13084941766 2371652199 28269320 79391204 17723781176 1927440395 9 196311321 3920991
======================
   8      16 sdb 56866481 33647 13085217478 2371698895 28269320 79391204 17723781176 1927440395 17 196316324 3968045
======================
   8      16 sdb 56867542 33647 13085489094 2371744205 28269320 79391204 17723781176 1927440395 13 196321327 4013333
======================
   8      16 sdb 56868600 33647 13085759942 2371791556 28269320 79391204 17723781176 1927440395 13 196326331 4060595
======================
   8      16 sdb 56869701 33647 13086041798 2371840231 28269320 79391204 17723781176 1927440395 8 196331334 4109166
======================
   8      16 sdb 56870793 33647 13086321350 2371889652 28269320 79391204 17723781176 1927440395 5 196336337 4158751
======================
   8      16 sdb 56871877 33647 13086598854 2371938899 28269320 79391204 17723781176 1927440395 8 196341340 4207857
======================
   8      16 sdb 56872960 33647 13086876102 2371985796 28269320 79391204 17723781176 1927440395 10 196346343 4254589
======================
   8      16 sdb 56874026 33647 13087148998 2372034204 28269320 79391204 17723781176 1927440395 11 196351347 4303167
======================
   8      16 sdb 56875137 33647 13087433414 2372082469 28269320 79391204 17723781176 1927440395 10 196356351 4351414
======================
   8      16 sdb 56876278 33647 13087725510 2372132940 28269320 79391204 17723781176 1927440395 15 196361354 4401857
======================
   8      16 sdb 56877334 33647 13087995846 2372183805 28269320 79391204 17723781176 1927440395 10 196366357 4453095
======================
   8      16 sdb 56878405 33647 13088270022 2372233434 28269320 79391204 17723781176 1927440395 13 196371360 4502487
======================
   8      16 sdb 56879490 33647 13088547782 2372279406 28269320 79391204 17723781176 1927440395 11 196376363 4548465
======================
   8      16 sdb 56880600 33647 13088831942 2372328881 28269320 79391204 17723781176 1927440395 9 196381367 4598094
======================
   8      16 sdb 56881685 33647 13089109702 2372377882 28269320 79391204 17723781176 1927440395 5 196386370 4647004
======================
   8      16 sdb 56882780 33647 13089390022 2372425410 28269320 79391204 17723781176 1927440395 8 196391373 4694862
======================
   8      16 sdb 56883880 33647 13089671622 2372473521 28269320 79391204 17723781176 1927440395 5 196396376 4742426
======================
   8      16 sdb 56884964 33647 13089949126 2372520206 28269320 79391204 17723781176 1927440395 2 196401379 4789055
======================
   8      16 sdb 56886090 33647 13090237382 2372568280 28269320 79391204 17723781176 1927440395 7 196406382 4837095
======================
   8      16 sdb 56887185 33647 13090517702 2372614871 28269320 79391204 17723781176 1927440395 17 196411386 4883655
======================
   8      16 sdb 56888304 33647 13090804166 2372662688 28269320 79391204 17723781176 1927440395 11 196416390 4931744
======================
   8      16 sdb 56889415 33647 13091088582 2372710790 28269320 79391204 17723781176 1927440395 22 196421394 4979490
======================
   8      16 sdb 56890503 33647 13091367110 2372757274 28269320 79391204 17723781176 1927440395 15 196426398 5025900
======================
   8      16 sdb 56891630 33647 13091655622 2372808026 28269320 79391204 17723781176 1927440395 12 196431402 5077422
======================
   8      16 sdb 56892721 33647 13091934918 2372857367 28269320 79391204 17723781176 1927440395 2 196436405 5126077
======================
   8      16 sdb 56893791 33647 13092208838 2372905780 28269320 79391204 17723781176 1927440395 14 196441408 5174482
======================
   8      16 sdb 56894907 33647 13092494534 2372956182 28269320 79391204 17723781176 1927440395 8 196446412 5225498
======================
   8      16 sdb 56896023 33647 13092780230 2373004237 28269320 79391204 17723781176 1927440395 18 196451416 5273047
======================
   8      16 sdb 56897091 33647 13093053638 2373050036 28269320 79391204 17723781176 1927440395 6 196456420 5319078
======================
   8      16 sdb 56898187 33647 13093334214 2373098251 28269320 79391204 17723781176 1927440395 6 196461423 5367189
======================
   8      16 sdb 56899283 33647 13093614790 2373146004 28269320 79391204 17723781176 1927440395 10 196466426 5414881
======================
   8      16 sdb 56900421 33647 13093906118 2373195642 28269320 79391204 17723781176 1927440395 13 196471429 5465122
======================
   8      16 sdb 56901516 33647 13094186438 2373243580 28269320 79391204 17723781176 1927440395 7 196476433 5512407
======================
   8      16 sdb 56902621 33647 13094469318 2373291786 28269320 79391204 17723781176 1927440395 10 196481436 5560710
======================
   8      16 sdb 56903709 33647 13094747846 2373338247 28269320 79391204 17723781176 1927440395 4 196486439 5607192
======================
   8      16 sdb 56904807 33647 13095028934 2373385440 28269320 79391204 17723781176 1927440395 17 196491442 5654512
======================
   8      16 sdb 56905896 33647 13095307718 2373432674 28269320 79391204 17723781176 1927440395 16 196496446 5701486
======================
   8      16 sdb 56906985 33647 13095586502 2373481937 28269320 79391204 17723781176 1927440395 9 196501449 5750995
======================
   8      16 sdb 56908085 33647 13095868102 2373530445 28269320 79391204 17723781176 1927440395 7 196506452 5799580
======================
   8      16 sdb 56909184 33647 13096149446 2373577467 28269320 79391204 17723781176 1927440395 6 196511456 5846408
======================
   8      16 sdb 56910287 33647 13096431814 2373624852 28269320 79391204 17723781176 1927440395 9 196516459 5893585
======================
   8      16 sdb 56911391 33647 13096714438 2373674998 28269320 79391204 17723781176 1927440395 10 196521463 5943782
======================
   8      16 sdb 56912456 33647 13096987078 2373722556 28269320 79391204 17723781176 1927440395 10 196526466 5991835
======================
   8      16 sdb 56913551 33647 13097267398 2373770775 28269320 79391204 17723781176 1927440395 9 196531469 6039570
======================
   8      16 sdb 56914683 33647 13097557190 2373818654 28269320 79391204 17723781176 1927440395 3 196536473 6087459
======================
   8      16 sdb 56915790 33647 13097840582 2373867051 28269320 79391204 17723781176 1927440395 12 196541476 6135746
======================
   8      16 sdb 56916881 33647 13098119878 2373913081 28269320 79391204 17723781176 1927440395 9 196546479 6181982
======================
   8      16 sdb 56917973 33647 13098399430 2373961331 28269320 79391204 17723781176 1927440395 24 196551482 6230353
======================
   8      16 sdb 56919070 33647 13098680262 2374010997 28269320 79391204 17723781176 1927440395 6 196556487 6279743
======================
   8      16 sdb 56920163 33647 13098960070 2374060269 28269320 79391204 17723781176 1927440395 8 196561490 6328972
======================
   8      16 sdb 56921255 33647 13099239622 2374107490 28269320 79391204 17723781176 1927440395 13 196566493 6376529
======================
   8      16 sdb 56922311 33647 13099509958 2374152559 28269320 79391204 17723781176 1927440395 10 196571496 6421362
======================
   8      16 sdb 56923364 33647 13099779526 2374198478 28269320 79391204 17723781176 1927440395 7 196576500 6467263
======================
   8      16 sdb 56924434 33647 13100053446 2374246246 28269320 79391204 17723781176 1927440395 18 196581503 6515306
======================
   8      16 sdb 56925537 33647 13100335814 2374293016 28269320 79391204 17723781176 1927440395 9 196586506 6561790
======================
   8      16 sdb 56926624 33647 13100614086 2374340493 28269320 79391204 17723781176 1927440395 8 196591509 6609278
======================
   8      16 sdb 56927754 33647 13100903366 2374386259 28269320 79391204 17723781176 1927440395 6 196596513 6655180
======================
   8      16 sdb 56928880 33647 13101191622 2374435889 28269320 79391204 17723781176 1927440395 7 196601516 6704476
======================
   8      16 sdb 56930010 33647 13101480902 2374482950 28269320 79391204 17723781176 1927440395 8 196606520 6751853
======================
   8      16 sdb 56931106 33647 13101761478 2374533444 28269320 79391204 17723781176 1927440395 9 196611524 6802186
======================
   8      16 sdb 56932215 33647 13102045382 2374581107 28269320 79391204 17723781176 1927440395 9 196616527 6849963
======================
   8      16 sdb 56933321 33647 13102328518 2374629690 28269320 79391204 17723781176 1927440395 13 196621530 6898441
======================
   8      16 sdb 56934425 33647 13102611142 2374675818 28269320 79391204 17723781176 1927440395 10 196626533 6944708
======================
   8      16 sdb 56935539 33647 13102896326 2374722604 28269320 79391204 17723781176 1927440395 11 196631537 6991516
======================
   8      16 sdb 56936608 33647 13103169990 2374769491 28269320 79391204 17723781176 1927440395 10 196636540 7038727
======================
   8      16 sdb 56937745 33647 13103461062 2374819588 28269320 79391204 17723781176 1927440395 15 196641543 7088230
======================
   8      16 sdb 56938834 33647 13103739846 2374866968 28269320 79391204 17723781176 1927440395 12 196646547 7135737
======================
   8      16 sdb 56939949 33647 13104025286 2374917261 28269320 79391204 17723781176 1927440395 9 196651552 7186262
======================
   8      16 sdb 56941063 33647 13104310470 2374965180 28269320 79391204 17723781176 1927440395 12 196656556 7234445
======================
   8      16 sdb 56942156 33647 13104590278 2375013560 28269320 79391204 17723781176 1927440395 5 196661559 7282303
======================
   8      16 sdb 56943280 33647 13104878022 2375063364 28269320 79391204 17723781176 1927440395 11 196666563 7332638
======================
   8      16 sdb 56944376 33647 13105158598 2375111860 28269320 79391204 17723781176 1927440395 13 196671566 7380631
======================
   8      16 sdb 56945475 33647 13105439942 2375160016 28269320 79391204 17723781176 1927440395 10 196676570 7428939
======================
   8      16 sdb 56946572 33647 13105720774 2375207469 28269320 79391204 17723781176 1927440395 11 196681573 7476075
======================
   8      16 sdb 56947663 33647 13106000070 2375255300 28269320 79391204 17723781176 1927440395 10 196686575 7524583
======================
   8      16 sdb 56948760 33647 13106280902 2375302960 28269320 79391204 17723781176 1927440395 6 196691578 7571849
======================
   8      16 sdb 56949855 33647 13106561222 2375350080 28269320 79391204 17723781176 1927440395 10 196696581 7618960
======================
   8      16 sdb 56950952 33647 13106842054 2375396605 28269320 79391204 17723781176 1927440395 2 196701585 7665358
======================
   8      16 sdb 56952085 33647 13107132102 2375443920 28269320 79391204 17723781176 1927440395 7 196706589 7712708
======================
   8      16 sdb 56953171 33647 13107410118 2375490463 28269320 79391204 17723781176 1927440395 11 196711592 7759057
======================
   8      16 sdb 56954275 33647 13107692742 2375538330 28269320 79391204 17723781176 1927440395 15 196716596 7807100
======================
   8      16 sdb 56955347 33647 13107967174 2375583837 28269320 79391204 17723781176 1927440395 5 196721599 7852638
======================
   8      16 sdb 56956427 33647 13108243654 2375631436 28269320 79391204 17723781176 1927440395 11 196726602 7899933
======================
   8      16 sdb 56957497 33647 13108517574 2375680952 28269320 79391204 17723781176 1927440395 18 196731604 7949476
======================
   8      16 sdb 56958571 33647 13108792518 2375729832 28269320 79391204 17723781176 1927440395 6 196736606 7998882
======================
   8      16 sdb 56959638 33647 13109065670 2375776077 28269320 79391204 17723781176 1927440395 8 196741610 8045160
======================
   8      16 sdb 56960731 33647 13109345478 2375824678 28269320 79391204 17723781176 1927440395 8 196746613 8093652
======================
   8      16 sdb 56961838 33647 13109628870 2375873144 28269320 79391204 17723781176 1927440395 12 196751617 8141827
======================
   8      16 sdb 56962920 33647 13109905862 2375922396 28269320 79391204 17723781176 1927440395 3 196756620 8191029
======================
   8      16 sdb 56964027 33647 13110189254 2375970452 28269320 79391204 17723781176 1927440395 14 196761623 8239212
======================
   8      16 sdb 56965138 33647 13110473670 2376018074 28269320 79391204 17723781176 1927440395 15 196766626 8287252
======================
   8      16 sdb 56966249 33647 13110758086 2376065809 28269320 79391204 17723781176 1927440395 7 196771629 8334854
======================
   8      16 sdb 56967321 33647 13111032518 2376113047 28269320 79391204 17723781176 1927440395 7 196776633 8381856
======================
   8      16 sdb 56968419 33647 13111313606 2376159758 28269320 79391204 17723781176 1927440395 11 196781635 8428604
======================
   8      16 sdb 56969519 33647 13111595206 2376208044 28269320 79391204 17723781176 1927440395 10 196786638 8476995
======================
   8      16 sdb 56970618 33647 13111876550 2376256313 28269320 79391204 17723781176 1927440395 16 196791641 8525281
======================
   8      16 sdb 56971739 33647 13112163526 2376305071 28269320 79391204 17723781176 1927440395 6 196796644 8574135
======================
   8      16 sdb 56972820 33647 13112440262 2376353256 28269320 79391204 17723781176 1927440395 11 196801648 8621977
======================
   8      16 sdb 56973903 33647 13112717510 2376402032 28269320 79391204 17723781176 1927440395 11 196806652 8670889
======================
   8      16 sdb 56974991 33647 13112996038 2376450329 28269320 79391204 17723781176 1927440395 9 196811655 8719146
======================
   8      16 sdb 56976076 33647 13113273798 2376498883 28269320 79391204 17723781176 1927440395 6 196816658 8767733
======================
   8      16 sdb 56977150 33647 13113548742 2376546808 28269320 79391204 17723781176 1927440395 4 196821661 8815327
======================
   8      16 sdb 56978260 33647 13113832902 2376596027 28269320 79391204 17723781176 1927440395 9 196826665 8865067
======================
   8      16 sdb 56979385 33647 13114120902 2376645752 28269320 79391204 17723781176 1927440395 12 196831668 8914548
======================
   8      16 sdb 56980462 33647 13114396614 2376695087 28269320 79391204 17723781176 1927440395 14 196836671 8964334
======================
   8      16 sdb 56981551 33647 13114675398 2376744479 28269320 79391204 17723781176 1927440395 12 196841675 9013265
======================
   8      16 sdb 56982644 33647 13114955206 2376792426 28269320 79391204 17723781176 1927440395 5 196846678 9061023
======================
   8      16 sdb 56983747 33647 13115237574 2376839096 28269320 79391204 17723781176 1927440395 5 196851681 9107890
======================
   8      16 sdb 56984836 33647 13115516358 2376887468 28269320 79391204 17723781176 1927440395 8 196856683 9156399
======================
   8      16 sdb 56985923 33647 13115794630 2376937607 28269320 79391204 17723781176 1927440395 2 196861687 9206241
======================
   8      16 sdb 56986984 33647 13116066246 2376984627 28269320 79391204 17723781176 1927440395 14 196866690 9253381
======================
   8      16 sdb 56988072 33647 13116344774 2377033509 28269320 79391204 17723781176 1927440395 9 196871694 9302251
======================
   8      16 sdb 56989168 33647 13116625350 2377080066 28269320 79391204 17723781176 1927440395 14 196876697 9349085
======================
   8      16 sdb 56990254 33647 13116903366 2377130517 28269320 79391204 17723781176 1927440395 11 196881700 9399216
======================
   8      16 sdb 56991348 33647 13117183430 2377177620 28269320 79391204 17723781176 1927440395 7 196886703 9446563
======================
   8      16 sdb 56992415 33647 13117456582 2377225543 28269320 79391204 17723781176 1927440395 3 196891707 9494321
======================
   8      16 sdb 56993542 33647 13117745094 2377273498 28269320 79391204 17723781176 1927440395 7 196896710 9542274
======================
   8      16 sdb 56994627 33647 13118022854 2377321426 28269320 79391204 17723781176 1927440395 12 196901713 9590490
======================
   8      16 sdb 56995738 33647 13118307270 2377368838 28269320 79391204 17723781176 1927440395 16 196906716 9638247
======================
   8      16 sdb 56996834 33647 13118587846 2377418010 28269320 79391204 17723781176 1927440395 12 196911720 9686842
======================
   8      16 sdb 56997895 33647 13118859462 2377465049 28269320 79391204 17723781176 1927440395 10 196916723 9733923
======================
   8      16 sdb 56998996 33647 13119141318 2377513084 28269320 79391204 17723781176 1927440395 11 196921726 9781805
======================
   8      16 sdb 57000118 33647 13119428550 2377561349 28269320 79391204 17723781176 1927440395 9 196926729 9830037
======================
   8      16 sdb 57001217 33647 13119709894 2377609391 28269320 79391204 17723781176 1927440395 10 196931734 9878113
======================
   8      16 sdb 57002329 33647 13119994566 2377657036 28269320 79391204 17723781176 1927440395 8 196936737 9926003
======================
   8      16 sdb 57003425 33647 13120275142 2377704568 28269320 79391204 17723781176 1927440395 8 196941740 9973263
======================
   8      16 sdb 57004543 33647 13120561350 2377751058 28269320 79391204 17723781176 1927440395 6 196946744 10019970
======================
   8      16 sdb 57005643 33647 13120842950 2377800505 28269320 79391204 17723781176 1927440395 9 196951748 10069435
======================
   8      16 sdb 57006724 33647 13121119686 2377846262 28269320 79391204 17723781176 1927440395 12 196956751 10114779
======================
   8      16 sdb 57007832 33647 13121403334 2377895342 28269320 79391204 17723781176 1927440395 13 196961754 10164473
======================
   8      16 sdb 57008903 33647 13121677510 2377943883 28269320 79391204 17723781176 1927440395 7 196966757 10212873
======================
   8      16 sdb 57010011 33647 13121961158 2377994010 28269320 79391204 17723781176 1927440395 10 196971760 10262753
======================
   8      16 sdb 57011106 33647 13122241478 2378042746 28269320 79391204 17723781176 1927440395 9 196976762 10311525
======================
   8      16 sdb 57012188 33647 13122518470 2378092103 28269320 79391204 17723781176 1927440395 11 196981766 10361520
======================
   8      16 sdb 57013276 33647 13122796998 2378139006 28269320 79391204 17723781176 1927440395 9 196986769 10407748
======================
   8      16 sdb 57014374 33647 13123078086 2378187844 28269320 79391204 17723781176 1927440395 15 196991772 10456451
======================
   8      16 sdb 57015504 33647 13123367366 2378237197 28269320 79391204 17723781176 1927440395 14 196996776 10506210
======================
   8      16 sdb 57016619 33647 13123652806 2378285345 28269320 79391204 17723781176 1927440395 7 197001779 10554091
======================
   8      16 sdb 57017759 33647 13123944646 2378333322 28269320 79391204 17723781176 1927440395 16 197006782 10602233
======================
   8      16 sdb 57018863 33647 13124227270 2378382673 28269320 79391204 17723781176 1927440395 14 197011785 10651502
======================
   8      16 sdb 57019990 33647 13124515782 2378434444 28269320 79391204 17723781176 1927440395 16 197016789 10703318
======================
   8      16 sdb 57021062 33647 13124790214 2378482306 28269320 79391204 17723781176 1927440395 8 197021792 10750918
======================
   8      16 sdb 57022143 33647 13125066950 2378530839 28269320 79391204 17723781176 1927440395 12 197026795 10799570
======================
   8      16 sdb 57023255 33647 13125351622 2378580031 28269320 79391204 17723781176 1927440395 13 197031798 10848652
======================
   8      16 sdb 57024317 33647 13125623494 2378625758 28269320 79391204 17723781176 1927440395 13 197036802 10894208
======================
   8      16 sdb 57025368 33647 13125892550 2378672511 28269320 79391204 17723781176 1927440395 12 197041805 10941295
======================
   8      16 sdb 57026466 33647 13126173638 2378720196 28269320 79391204 17723781176 1927440395 15 197046809 10988968
======================
   8      16 sdb 57027523 33647 13126444230 2378768541 28269320 79391204 17723781176 1927440395 9 197051812 11037289
======================
   8      16 sdb 57028620 33647 13126725062 2378819163 28269320 79391204 17723781176 1927440395 16 197056816 11087928
======================
   8      16 sdb 57029679 33647 13126996166 2378866508 28269320 79391204 17723781176 1927440395 10 197061819 11135377
======================
   8      16 sdb 57030741 33647 13127268038 2378913587 28269320 79391204 17723781176 1927440395 11 197066822 11182352
======================
   8      16 sdb 57031830 33647 13127546822 2378963674 28269320 79391204 17723781176 1927440395 6 197071825 11232590
======================
   8      16 sdb 57032913 33647 13127824070 2379009911 28269320 79391204 17723781176 1927440395 15 197076829 11278765
======================
   8      16 sdb 57034021 33647 13128107718 2379057863 28269320 79391204 17723781176 1927440395 13 197081832 11326554
======================
   8      16 sdb 57035142 33647 13128394694 2379105657 28269320 79391204 17723781176 1927440395 4 197086835 11374432
======================
   8      16 sdb 57036238 33647 13128675270 2379152411 28269320 79391204 17723781176 1927440395 13 197091838 11421496
======================
   8      16 sdb 57037314 33647 13128950726 2379200270 28269320 79391204 17723781176 1927440395 10 197096842 11469494
======================
   8      16 sdb 57038383 33647 13129224390 2379249134 28269320 79391204 17723781176 1927440395 15 197101845 11518107
======================
   8      16 sdb 57039473 33647 13129503430 2379298260 28269320 79391204 17723781176 1927440395 17 197106847 11567047
======================
   8      16 sdb 57040580 33647 13129786822 2379347081 28269320 79391204 17723781176 1927440395 15 197111850 11615890
======================
   8      16 sdb 57041681 33647 13130068678 2379394021 28269320 79391204 17723781176 1927440395 7 197116853 11662865
======================
   8      16 sdb 57042802 33647 13130355654 2379441560 28269320 79391204 17723781176 1927440395 13 197121857 11710225
======================
   8      16 sdb 57043861 33647 13130626758 2379488317 28269320 79391204 17723781176 1927440395 5 197126861 11756993
======================
   8      16 sdb 57044968 33647 13130910150 2379534818 28269320 79391204 17723781176 1927440395 10 197131864 11803963
======================
   8      16 sdb 57046060 33647 13131189702 2379583630 28269320 79391204 17723781176 1927440395 12 197136867 11852399
======================
   8      16 sdb 57047149 33647 13131468486 2379633935 28269320 79391204 17723781176 1927440395 8 197141871 11902791
======================
   8      16 sdb 57048240 33647 13131747782 2379681167 28269320 79391204 17723781176 1927440395 15 197146874 11950401
======================
   8      16 sdb 57049307 33647 13132020934 2379727990 28269320 79391204 17723781176 1927440395 18 197151878 11996622
======================
   8      16 sdb 57050448 33647 13132313030 2379775820 28269320 79391204 17723781176 1927440395 15 197156881 12044821
======================
   8      16 sdb 57051543 33647 13132593350 2379824553 28269320 79391204 17723781176 1927440395 6 197161885 12093190
======================
   8      16 sdb 57052663 33647 13132880070 2379871269 28269320 79391204 17723781176 1927440395 16 197166888 12140041
======================
   8      16 sdb 57053733 33647 13133153990 2379918860 28269320 79391204 17723781176 1927440395 10 197171891 12187350
======================
   8      16 sdb 57054866 33647 13133444038 2379966733 28269320 79391204 17723781176 1927440395 13 197176895 12235404
======================
   8      16 sdb 57055946 33647 13133720518 2380013751 28269320 79391204 17723781176 1927440395 8 197181899 12282382
======================
   8      16 sdb 57057071 33647 13134008518 2380063838 28269320 79391204 17723781176 1927440395 15 197186902 12332480
======================
   8      16 sdb 57058167 33647 13134289094 2380111400 28269320 79391204 17723781176 1927440395 12 197191905 12379832
======================
   8      16 sdb 57059235 33647 13134562502 2380157908 28269320 79391204 17723781176 1927440395 4 197196909 12426720
======================
   8      16 sdb 57060377 33647 13134854854 2380203400 28269320 79391204 17723781176 1927440395 11 197201914 12472006
======================
   8      16 sdb 57061525 33647 13135148742 2380250638 28269320 79391204 17723781176 1927440395 4 197206917 12519414
======================
   8      16 sdb 57062647 33647 13135435974 2380297416 28269320 79391204 17723781176 1927440395 8 197211920 12566676
======================
   8      16 sdb 57063789 33647 13135728326 2380343246 28269320 79391204 17723781176 1927440395 4 197216923 12611780
======================
   8      16 sdb 57064904 33647 13136013766 2380389235 28269320 79391204 17723781176 1927440395 8 197221927 12657949
======================
   8      16 sdb 57066047 33647 13136306374 2380434443 28269320 79391204 17723781176 1927440395 4 197226930 12703066
======================
   8      16 sdb 57067167 33647 13136593094 2380480895 28269320 79391204 17723781176 1927440395 18 197231933 12749286
======================
   8      16 sdb 57068283 33647 13136878790 2380526220 28269320 79391204 17723781176 1927440395 11 197236936 12794822
======================
   8      16 sdb 57069451 33647 13137177798 2380572169 28269320 79391204 17723781176 1927440395 9 197241940 12840851
======================
   8      16 sdb 57070601 33647 13137472198 2380620136 28269320 79391204 17723781176 1927440395 7 197246943 12888773
======================
   8      16 sdb 57071696 33647 13137752518 2380665542 28269320 79391204 17723781176 1927440395 20 197251947 12934188
======================
   8      16 sdb 57072802 33647 13138035654 2380713011 28269320 79391204 17723781176 1927440395 13 197256950 12981874
======================
   8      16 sdb 57073926 33647 13138323398 2380761800 28269320 79391204 17723781176 1927440395 4 197261954 13030302
======================
   8      16 sdb 57075079 33647 13138618566 2380807019 28269320 79391204 17723781176 1927440395 7 197266956 13076100
======================
   8      16 sdb 57076235 33647 13138914502 2380850891 28269320 79391204 17723781176 1927440395 5 197271960 13119510
======================
   8      16 sdb 57077425 33647 13139219142 2380894704 28269320 79391204 17723781176 1927440395 4 197276963 13163406
======================
   8      16 sdb 57078637 33647 13139529414 2380935803 28269320 79391204 17723781176 1927440395 6 197281966 13204392
======================
   8      16 sdb 57079966 33647 13139869638 2380971101 28269320 79391204 17723781176 1927440395 5 197286970 13239516
