======================
   8      16 sdb 69389866 33647 16286070244 2424265914 33478137 94666223 21001725976 3130241027 33 220094266 1259291380
======================
   8      16 sdb 69389987 33647 16286071212 2424272011 33479545 94666223 21002613272 3130568249 133 220097551 1259648747
======================
   8      16 sdb 69389994 33647 16286071268 2424273525 33481906 94666253 21004092032 3131152197 128 220102554 1260227019
======================
   8      16 sdb 69389999 33647 16286071308 2424274870 33484424 94666268 21005676944 3131728294 141 220107557 1260806803
======================
   8      16 sdb 69390005 33647 16286071356 2424276435 33486944 94666283 21007262760 3132328140 135 220112571 1261406332
======================
   8      16 sdb 69390011 33647 16286071404 2424278027 33489453 94666298 21008841912 3132903559 150 220117579 1261982966
======================
   8      16 sdb 69390018 33647 16286071460 2424280151 33491966 94666313 21010423880 3133428388 136 220122581 1262511688
======================
   8      16 sdb 69390024 33647 16286071508 2424281824 33494488 94666328 21012011352 3133991426 113 220127584 1263074659
======================
   8      16 sdb 69390031 33647 16286071564 2424283836 33497012 94666343 21013600104 3134494835 62 220132587 1263574082
======================
   8      16 sdb 69390037 33647 16286071612 2424285335 33499557 94666359 21015201416 3135102933 17 220137590 1264174525
======================
   8      16 sdb 69390044 33647 16286071668 2424287304 33502089 94666374 21016795288 3135640008 129 220142593 1264723902
======================
   8      16 sdb 69390051 33647 16286071724 2424289429 33504613 94666389 21018382776 3136148931 154 220147594 1265234294
======================
   8      16 sdb 69390057 33647 16286071772 2424291487 33507109 94666404 21019953864 3136678626 136 220152597 1265756427
======================
   8      16 sdb 69390064 33647 16286071828 2424292847 33509621 94666419 21021535192 3137245370 151 220157600 1266339335
======================
   8      16 sdb 69390070 33647 16286071876 2424294628 33512134 94666433 21023116264 3137792388 134 220162602 1266888521
======================
   8      16 sdb 69390076 33647 16286071924 2424296533 33514697 94666449 21024729728 3138348994 148 220167613 1267441546
======================
   8      16 sdb 69390083 33647 16286071980 2424298664 33517185 94666463 21026295056 3138862986 130 220172615 1267958406
======================
   8      16 sdb 69390089 33647 16286072028 2424300426 33519741 94666478 21027904032 3139407884 146 220177615 1268510024
======================
   8      16 sdb 69390096 33647 16286072084 2424302679 33522235 94666493 21029473840 3139896866 138 220182618 1268998661
======================
   8      16 sdb 69390102 33647 16286072132 2424304566 33524798 94666507 21031086656 3140462472 141 220187620 1269568535
======================
   8      16 sdb 69390108 33647 16286072180 2424306244 33527299 94666522 21032660944 3141031100 128 220192625 1270139419
======================
   8      16 sdb 69390115 33647 16286072236 2424308285 33529860 94666537 21034271600 3141522412 73 220197626 1270628885
======================
   8      16 sdb 69390121 33647 16286072284 2424309991 33532386 94666552 21035861632 3142084282 46 220202629 1271186318
======================
   8      16 sdb 69390128 33647 16286072340 2424312139 33534873 94666569 21037427232 3142606228 58 220207632 1271713085
======================
   8      16 sdb 69390134 33647 16286072388 2424313924 33537357 94666584 21038990640 3143160518 73 220212632 1272271354
======================
   8      16 sdb 69390140 33647 16286072436 2424315657 33539787 94666599 21040520256 3143722506 142 220217633 1272842534
======================
   8      16 sdb 69390147 33647 16286072492 2424318081 33542238 94666613 21042062416 3144217414 141 220222636 1273338753
======================
   8      16 sdb 69390153 33647 16286072540 2424319949 33544685 94666628 21043602656 3144763774 128 220227639 1273885112
======================
   8      16 sdb 69390160 33647 16286072596 2424322186 33547155 94666643 21045157360 3145284978 155 220232640 1274400242
======================
   8      16 sdb 69390166 33647 16286072644 2424323493 33549597 94666658 21046694992 3145885072 135 220237642 1275011458
======================
   8      16 sdb 69390172 33647 16286072692 2424324953 33552084 94666673 21048260576 3146474171 139 220242644 1275601259
======================
   8      16 sdb 69390179 33647 16286072748 2424327128 33554511 94666688 21049786160 3146994663 135 220247645 1276120150
======================
   8      16 sdb 69390185 33647 16286072796 2424328762 33556994 94666703 21051349776 3147573851 145 220252649 1276696172
======================
   8      16 sdb 69390191 33647 16286072844 2424330130 33559420 94666713 21052876832 3148165013 87 220257652 1277294744
======================
   8      16 sdb 69390197 33647 16286072892 2424331549 33561865 94666728 21054415792 3148780731 141 220262655 1277898491
======================
   8      16 sdb 69390203 33647 16286072940 2424333248 33564332 94666743 21055968576 3149348515 153 220267658 1278465398
======================
   8      16 sdb 69390210 33647 16286072996 2424335049 33566737 94666758 21057483632 3149900682 18 220272660 1279022581
======================
   8      16 sdb 69390216 33647 16286073044 2424336756 33569218 94666772 21059043296 3150466178 131 220277662 1279599897
======================
   8      16 sdb 69390222 33647 16286073092 2424338656 33571584 94666777 21060533648 3151035109 1 220282664 1280155327
======================
   8      16 sdb 69390228 33647 16286073140 2424340351 33574057 94666792 21062090272 3151583458 1 220287666 1280705725
======================
   8      16 sdb 69390234 33647 16286073188 2424341812 33576553 94666807 21063661616 3152192111 4 220292670 1281316484
======================
   8      16 sdb 69390241 33647 16286073244 2424344322 33579000 94666822 21065201856 3152645976 56 220297672 1281784164
======================
   8      16 sdb 69390247 33647 16286073292 2424345960 33581430 94666837 21066729952 3153203946 127 220302676 1282351571
======================
   8      16 sdb 69390253 33647 16286073340 2424347784 33583910 94666852 21068291056 3153753352 146 220307680 1282903470
======================
   8      16 sdb 69390260 33647 16286073396 2424349838 33586317 94666867 21069806208 3154284114 156 220312682 1283435268
======================
   8      16 sdb 69390266 33647 16286073444 2424351647 33588799 94666882 21071368336 3154848893 140 220317684 1284001234
======================
   8      16 sdb 69390273 33647 16286073500 2424353555 33591220 94666897 21072892192 3155379004 135 220322687 1284533631
======================
   8      16 sdb 69390279 33647 16286073548 2424355039 33593678 94666911 21074438832 3155991381 158 220327690 1285143775
======================
   8      16 sdb 69390284 33647 16286073588 2424356494 33596131 94666926 21075982912 3156592423 5 220332693 1285731744
======================
   8      16 sdb 69390291 33647 16286073644 2424358682 33598562 94666941 21077512912 3157107460 73 220337696 1286264527
======================
   8      16 sdb 69390297 33647 16286073692 2424360155 33601043 94666956 21079074656 3157695435 91 220342698 1286854266
======================
   8      16 sdb 69390304 33647 16286073748 2424362154 33603489 94666971 21080614256 3158212501 144 220347701 1287376558
======================
   8      16 sdb 69390310 33647 16286073796 2424363864 33605953 94666986 21082163856 3158775681 129 220352704 1287941262
======================
   8      16 sdb 69390316 33647 16286073844 2424365452 33608347 94667001 21083670688 3159356288 151 220357706 1288523625
======================
   8      16 sdb 69390323 33647 16286073900 2424367591 33610770 94667016 21085195824 3159888905 153 220362709 1289045736
======================
   8      16 sdb 69390328 33647 16286073940 2424369130 33613166 94667031 21086703936 3160450751 23 220367712 1289607573
======================
   8      16 sdb 69390335 33647 16286073996 2424371130 33615596 94667046 21088233552 3160994750 92 220372714 1290165058
======================
   8      16 sdb 69390341 33647 16286074044 2424372974 33618027 94667060 21089763168 3161526490 141 220377716 1290701269
======================
   8      16 sdb 69390347 33647 16286074092 2424374337 33620438 94667075 21091280624 3162136709 132 220382719 1291314678
======================
   8      16 sdb 69390354 33647 16286074148 2424376350 33622868 94667091 21092809616 3162686697 146 220387721 1291860274
======================
   8      16 sdb 69390360 33647 16286074196 2424378098 33625274 94667106 21094323872 3163257188 130 220392725 1292425035
======================
   8      16 sdb 69390365 33647 16286074236 2424379512 33627694 94667121 21095847088 3163849902 49 220397727 1293022283
======================
   8      16 sdb 69390372 33647 16286074292 2424381775 33630117 94667136 21097370960 3164362284 127 220402730 1293545182
======================
   8      16 sdb 69390378 33647 16286074340 2424383788 33632553 94667151 21098904288 3164907421 137 220407732 1294093536
======================
   8      16 sdb 69390385 33647 16286074396 2424386069 33634954 94667166 21100415728 3165421423 140 220412734 1294604590
======================
   8      16 sdb 69390391 33647 16286074444 2424387558 33637391 94667181 21101949568 3165998016 150 220417737 1295187325
======================
   8      16 sdb 69390396 33647 16286074484 2424389105 33639784 94667196 21103455760 3166567642 40 220422739 1295747792
======================
   8      16 sdb 69390403 33647 16286074540 2424391108 33642166 94667210 21104954528 3167092654 158 220427741 1296288161
======================
   8      16 sdb 69390408 33647 16286074580 2424392060 33644406 94667223 21106364064 3167710533 1 220432743 1296884144
======================
   8      16 sdb 69390415 33647 16286074636 2424394443 33646824 94667238 21107886256 3168233206 82 220437744 1297426191
======================
   8      16 sdb 69390421 33647 16286074684 2424396146 33649156 94667252 21109353280 3168820868 156 220442749 1298019203
======================
   8      16 sdb 69390427 33647 16286074732 2424397966 33651490 94667266 21110822216 3169403444 143 220447752 1298595841
======================
   8      16 sdb 69390433 33647 16286074780 2424399823 33653821 94667279 21112288216 3169925231 149 220452754 1299128904
======================
   8      16 sdb 69390439 33647 16286074828 2424401215 33656149 94667294 21113753576 3170538783 130 220457757 1299742768
======================
   8      16 sdb 69390444 33647 16286074868 2424402865 33658508 94667307 21115238248 3171076697 64 220462761 1300275656
======================
   8      16 sdb 69390451 33647 16286074924 2424404925 33660771 94667321 21116661880 3171593624 136 220467764 1300801992
======================
   8      16 sdb 69390456 33647 16286074964 2424406056 33663096 94667334 21118125304 3172201959 59 220472766 1301403317
======================
   8      16 sdb 69390462 33647 16286075012 2424408131 33665236 94667344 21119472472 3172730096 1 220477769 1301919336
======================
   8      16 sdb 69390468 33647 16286075060 2424409797 33667661 94667358 21120998880 3173269605 75 220482772 1302478536
======================
   8      16 sdb 69390474 33647 16286075108 2424411701 33669950 94667375 21122438928 3173835549 141 220487775 1303049452
======================
   8      16 sdb 69390481 33647 16286075164 2424413564 33672233 94667388 21123874712 3174401400 135 220492778 1303616174
======================
   8      16 sdb 69390486 33647 16286075204 2424415201 33674546 94667401 21125331056 3174972185 138 220497779 1304189637
======================
   8      16 sdb 69390491 33647 16286075244 2424416644 33676854 94667415 21126783640 3175550525 48 220502780 1304761161
started
======================
   8      16 sdb 69390617 33647 16286076246 2424418693 33678113 94667433 21127567144 3175821988 0 220505540 1305021633
======================
   8      16 sdb 69391511 33647 16286083398 2424423423 33678116 94667435 21127567184 3175821988 1 220510270 1305026363
======================
   8      16 sdb 69392610 33647 16286092190 2424428193 33678116 94667435 21127567184 3175821988 1 220515039 1305031132
======================
   8      16 sdb 69393714 33647 16286101022 2424433008 33678116 94667435 21127567184 3175821988 1 220519854 1305035947
======================
   8      16 sdb 69394807 33647 16286109766 2424437787 33678116 94667435 21127567184 3175821988 1 220524633 1305040726
======================
   8      16 sdb 69395896 33647 16286118478 2424442556 33678116 94667435 21127567184 3175821988 1 220529400 1305045493
======================
   8      16 sdb 69396995 33647 16286127270 2424447324 33678116 94667435 21127567184 3175821988 1 220534166 1305050259
======================
   8      16 sdb 69398074 33647 16286135902 2424452146 33678116 94667435 21127567184 3175821988 1 220538988 1305055081
======================
   8      16 sdb 69399146 33647 16286144478 2424456956 33678118 94667435 21127567200 3175821988 1 220543801 1305059894
======================
   8      16 sdb 69400228 33647 16286153134 2424461760 33678118 94667435 21127567200 3175821988 1 220548602 1305064695
======================
   8      16 sdb 69401332 33647 16286161966 2424466556 33678118 94667435 21127567200 3175821988 1 220553399 1305069492
======================
   8      16 sdb 69402417 33647 16286170646 2424471374 33678118 94667435 21127567200 3175821988 1 220558218 1305074311
======================
   8      16 sdb 69403521 33647 16286179478 2424476191 33678118 94667435 21127567200 3175821988 1 220563032 1305079125
======================
   8      16 sdb 69404601 33647 16286188118 2424481015 33678118 94667435 21127567200 3175821988 1 220567853 1305083946
======================
   8      16 sdb 69405697 33647 16286196886 2424485801 33678118 94667435 21127567200 3175821988 1 220572636 1305088729
======================
   8      16 sdb 69406780 33647 16286205550 2424490617 33678118 94667435 21127567200 3175821988 1 220577455 1305093548
======================
   8      16 sdb 69407882 33647 16286214366 2424495429 33678118 94667435 21127567200 3175821988 1 220582266 1305098359
======================
   8      16 sdb 69408976 33647 16286223118 2424500227 33678118 94667435 21127567200 3175821988 1 220587057 1305103150
======================
   8      16 sdb 69410063 33647 16286231814 2424505010 33678118 94667435 21127567200 3175821988 1 220591842 1305107935
======================
   8      16 sdb 69411153 33647 16286240534 2424509808 33678118 94667435 21127567200 3175821988 1 220596635 1305112728
======================
   8      16 sdb 69412243 33647 16286249254 2424514588 33678118 94667435 21127567200 3175821988 1 220601416 1305117509
======================
   8      16 sdb 69413341 33647 16286258038 2424519379 33678118 94667435 21127567200 3175821988 1 220606203 1305122296
======================
   8      16 sdb 69414428 33647 16286266734 2424524154 33678118 94667435 21127567200 3175821988 1 220610980 1305127073
======================
   8      16 sdb 69415502 33647 16286275326 2424528944 33678118 94667435 21127567200 3175821988 1 220615767 1305131860
======================
   8      16 sdb 69416589 33647 16286284022 2424533746 33678118 94667435 21127567200 3175821988 1 220620562 1305136655
======================
   8      16 sdb 69417692 33647 16286292846 2424538548 33678118 94667435 21127567200 3175821988 1 220625364 1305141457
======================
   8      16 sdb 69418766 33647 16286301438 2424543329 33678118 94667435 21127567200 3175821988 1 220630144 1305146237
======================
   8      16 sdb 69419854 33647 16286310142 2424548148 33678118 94667435 21127567200 3175821988 1 220634960 1305151053
======================
   8      16 sdb 69420959 33647 16286318982 2424552947 33678118 94667435 21127567200 3175821988 1 220639761 1305155854
======================
   8      16 sdb 69422041 33647 16286327638 2424557761 33678118 94667435 21127567200 3175821988 1 220644571 1305160664
======================
   8      16 sdb 69423133 33647 16286336374 2424562580 33678118 94667435 21127567200 3175821988 1 220649391 1305165484
======================
   8      16 sdb 69424239 33647 16286345222 2424567378 33678118 94667435 21127567200 3175821988 1 220654188 1305170281
======================
   8      16 sdb 69425323 33647 16286353894 2424572175 33678118 94667435 21127567200 3175821988 1 220658984 1305175077
======================
   8      16 sdb 69426412 33647 16286362606 2424576975 33678118 94667435 21127567200 3175821988 1 220663783 1305179876
======================
   8      16 sdb 69427501 33647 16286371318 2424581776 33678118 94667435 21127567200 3175821988 1 220668582 1305184675
======================
   8      16 sdb 69428588 33647 16286380014 2424586571 33678118 94667435 21127567200 3175821988 1 220673378 1305189471
======================
   8      16 sdb 69429682 33647 16286388766 2424591356 33678118 94667435 21127567200 3175821988 1 220678166 1305194259
======================
   8      16 sdb 69430780 33647 16286397550 2424596169 33678118 94667435 21127567200 3175821988 1 220682978 1305199071
======================
   8      16 sdb 69431861 33647 16286406198 2424600987 33678118 94667435 21127567200 3175821988 1 220687792 1305203885
======================
   8      16 sdb 69432954 33647 16286414942 2424605783 33678118 94667435 21127567200 3175821988 1 220692591 1305208684
======================
   8      16 sdb 69434037 33647 16286423606 2424610576 33678118 94667435 21127567200 3175821988 1 220697381 1305213474
======================
   8      16 sdb 69435158 33647 16286432574 2424615346 33678118 94667435 21127567200 3175821988 1 220702149 1305218242
======================
   8      16 sdb 69436253 33647 16286441334 2424620144 33678118 94667435 21127567200 3175821988 1 220706946 1305223039
======================
   8      16 sdb 69437361 33647 16286450198 2424624936 33678118 94667435 21127567200 3175821988 1 220711738 1305227831
======================
   8      16 sdb 69438455 33647 16286458950 2424629721 33678118 94667435 21127567200 3175821988 1 220716524 1305232617
======================
   8      16 sdb 69439539 33647 16286467622 2424634540 33678118 94667435 21127567200 3175821988 1 220721338 1305237431
======================
   8      16 sdb 69440652 33647 16286476526 2424639347 33678118 94667435 21127567200 3175821988 1 220726151 1305242244
======================
   8      16 sdb 69441738 33647 16286485214 2424644151 33678118 94667435 21127567200 3175821988 1 220730951 1305247044
======================
   8      16 sdb 69442823 33647 16286493894 2424648960 33678118 94667435 21127567200 3175821988 1 220735761 1305251854
======================
   8      16 sdb 69443913 33647 16286502614 2424653749 33678118 94667435 21127567200 3175821988 1 220740544 1305256637
======================
   8      16 sdb 69445002 33647 16286511326 2424658548 33678118 94667435 21127567200 3175821988 1 220745343 1305261436
======================
   8      16 sdb 69446108 33647 16286520174 2424663323 33678118 94667435 21127567200 3175821988 1 220750119 1305266212
======================
   8      16 sdb 69447204 33647 16286528942 2424668122 33678118 94667435 21127567200 3175821988 1 220754914 1305271007
======================
   8      16 sdb 69448284 33647 16286537582 2424672923 33678118 94667435 21127567200 3175821988 1 220759716 1305275809
======================
   8      16 sdb 69449366 33647 16286546238 2424677719 33678118 94667435 21127567200 3175821988 1 220764510 1305280603
======================
   8      16 sdb 69450431 33647 16286554758 2424682508 33678118 94667435 21127567200 3175821988 1 220769299 1305285392
======================
   8      16 sdb 69451521 33647 16286563478 2424687308 33678118 94667435 21127567200 3175821988 0 220774097 1305290190
======================
   8      16 sdb 69452599 33647 16286572102 2424692113 33678118 94667435 21127567200 3175821988 1 220778905 1305294998
======================
   8      16 sdb 69453693 33647 16286580854 2424696913 33678118 94667435 21127567200 3175821988 1 220783705 1305299798
======================
   8      16 sdb 69454789 33647 16286589622 2424701684 33678118 94667435 21127567200 3175821988 0 220788472 1305304565
======================
   8      16 sdb 69455895 33647 16286598470 2424706489 33678118 94667435 21127567200 3175821988 1 220793278 1305309371
======================
   8      16 sdb 69456988 33647 16286607214 2424711296 33678118 94667435 21127567200 3175821988 1 220798085 1305314178
======================
   8      16 sdb 69458089 33647 16286616022 2424716099 33678118 94667435 21127567200 3175821988 1 220802892 1305318985
======================
   8      16 sdb 69459172 33647 16286624702 2424720900 33678118 94667435 21127567200 3175821988 1 220807688 1305323781
======================
   8      16 sdb 69460285 33647 16286633606 2424725721 33678118 94667435 21127567200 3175821988 1 220812507 1305328600
======================
   8      16 sdb 69461382 33647 16286642382 2424730496 33678118 94667435 21127567200 3175821988 1 220817284 1305333377
======================
   8      16 sdb 69462477 33647 16286651142 2424735301 33678118 94667435 21127567200 3175821988 1 220822087 1305338180
======================
   8      16 sdb 69463576 33647 16286659934 2424740088 33678118 94667435 21127567200 3175821988 1 220826872 1305342965
======================
   8      16 sdb 69464673 33647 16286668726 2424744889 33678118 94667435 21127567200 3175821988 1 220831674 1305347767
======================
   8      16 sdb 69465762 33647 16286677438 2424749694 33678118 94667435 21127567200 3175821988 1 220836474 1305352567
======================
   8      16 sdb 69466854 33647 16286686174 2424754496 33678118 94667435 21127567200 3175821988 1 220841278 1305357371
======================
   8      16 sdb 69467940 33647 16286694862 2424759283 33678118 94667435 21127567200 3175821988 1 220846066 1305362159
======================
   8      16 sdb 69469024 33647 16286703534 2424764080 33678118 94667435 21127567200 3175821988 1 220850860 1305366953
======================
   8      16 sdb 69470110 33647 16286712222 2424768866 33678118 94667435 21127567200 3175821988 1 220855642 1305371735
======================
   8      16 sdb 69471197 33647 16286720918 2424773669 33678118 94667435 21127567200 3175821988 1 220860446 1305376539
======================
   8      16 sdb 69472295 33647 16286729702 2424778468 33678118 94667435 21127567200 3175821988 1 220865244 1305381337
======================
   8      16 sdb 69473401 33647 16286738550 2424783246 33678118 94667435 21127567200 3175821988 0 220870021 1305386114
======================
   8      16 sdb 69474489 33647 16286747254 2424788052 33678118 94667435 21127567200 3175821988 1 220874826 1305390919
======================
   8      16 sdb 69475565 33647 16286755862 2424792847 33678118 94667435 21127567200 3175821988 1 220879621 1305395714
======================
   8      16 sdb 69476657 33647 16286764598 2424797653 33678118 94667435 21127567200 3175821988 1 220884426 1305400519
======================
   8      16 sdb 69477752 33647 16286773358 2424802449 33678118 94667435 21127567200 3175821988 1 220889221 1305405314
======================
   8      16 sdb 69478835 33647 16286782022 2424807242 33678118 94667435 21127567200 3175821988 1 220894009 1305410102
======================
   8      16 sdb 69479932 33647 16286790798 2424812023 33678118 94667435 21127567200 3175821988 1 220898793 1305414886
======================
   8      16 sdb 69481003 33647 16286799366 2424816795 33678118 94667435 21127567200 3175821988 1 220903561 1305419654
======================
   8      16 sdb 69482097 33647 16286808118 2424821601 33678118 94667435 21127567200 3175821988 1 220908366 1305424459
======================
   8      16 sdb 69483176 33647 16286816750 2424826388 33678118 94667435 21127567200 3175821988 1 220913153 1305429246
======================
   8      16 sdb 69484260 33647 16286825438 2424831184 33678118 94667435 21127567200 3175821988 1 220917948 1305434041
======================
   8      16 sdb 69485373 33647 16286834342 2424835962 33678118 94667435 21127567200 3175821988 1 220922726 1305438819
======================
   8      16 sdb 69486463 33647 16286843062 2424840743 33678118 94667435 21127567200 3175821988 1 220927504 1305443597
======================
   8      16 sdb 69487559 33647 16286851830 2424845566 33678118 94667435 21127567200 3175821988 1 220932329 1305448422
======================
   8      16 sdb 69488658 33647 16286860622 2424850361 33678118 94667435 21127567200 3175821988 1 220937121 1305453214
======================
   8      16 sdb 69489741 33647 16286869286 2424855162 33678118 94667435 21127567200 3175821988 1 220941921 1305458014
======================
   8      16 sdb 69490816 33647 16286877886 2424859954 33678118 94667435 21127567200 3175821988 1 220946711 1305462804
======================
   8      16 sdb 69491919 33647 16286886710 2424864744 33678118 94667435 21127567200 3175821988 1 220951500 1305467593
======================
   8      16 sdb 69493031 33647 16286895606 2424869519 33678118 94667435 21127567200 3175821988 1 220956275 1305472368
======================
   8      16 sdb 69494120 33647 16286904318 2424874310 33678118 94667435 21127567200 3175821988 1 220961063 1305477156
======================
   8      16 sdb 69495228 33647 16286913182 2424879121 33678118 94667435 21127567200 3175821988 1 220965876 1305481969
======================
   8      16 sdb 69496334 33647 16286922030 2424883916 33678118 94667435 21127567200 3175821988 1 220970668 1305486761
======================
   8      16 sdb 69497432 33647 16286930814 2424888708 33678118 94667435 21127567200 3175821988 1 220975460 1305491553
======================
   8      16 sdb 69498528 33647 16286939582 2424893503 33678118 94667435 21127567200 3175821988 1 220980255 1305496348
======================
   8      16 sdb 69499628 33647 16286948382 2424898288 33678118 94667435 21127567200 3175821988 1 220985036 1305501129
======================
   8      16 sdb 69500715 33647 16286957078 2424903090 33678118 94667435 21127567200 3175821988 1 220989834 1305505927
======================
   8      16 sdb 69501805 33647 16286965798 2424907885 33678118 94667435 21127567200 3175821988 1 220994632 1305510725
======================
   8      16 sdb 69502892 33647 16286974494 2424912687 33678118 94667435 21127567200 3175821988 1 220999430 1305515523
======================
   8      16 sdb 69503958 33647 16286983022 2424917508 33678118 94667435 21127567200 3175821988 1 221004250 1305520343
======================
   8      16 sdb 69505048 33647 16286991742 2424922282 33678118 94667435 21127567200 3175821988 1 221009028 1305525121
======================
   8      16 sdb 69506144 33647 16287000510 2424927074 33678118 94667435 21127567200 3175821988 1 221013818 1305529911
======================
   8      16 sdb 69507258 33647 16287009422 2424931865 33678118 94667435 21127567200 3175821988 1 221018612 1305534705
======================
   8      16 sdb 69508379 33647 16287018390 2424936640 33678118 94667435 21127567200 3175821988 1 221023382 1305539475
======================
   8      16 sdb 69509468 33647 16287027102 2424941455 33678118 94667435 21127567200 3175821988 0 221028195 1305544288
======================
   8      16 sdb 69510574 33647 16287035950 2424946260 33678118 94667435 21127567200 3175821988 1 221032999 1305549092
======================
   8      16 sdb 69511671 33647 16287044726 2424951071 33678118 94667435 21127567200 3175821988 1 221037809 1305553902
======================
   8      16 sdb 69512747 33647 16287053334 2424955885 33678118 94667435 21127567200 3175821988 1 221042622 1305558715
======================
   8      16 sdb 69513843 33647 16287062102 2424960689 33678118 94667435 21127567200 3175821988 1 221047426 1305563519
======================
   8      16 sdb 69514933 33647 16287070822 2424965513 33678118 94667435 21127567200 3175821988 1 221052247 1305568340
======================
   8      16 sdb 69516009 33647 16287079430 2424970353 33678118 94667435 21127567200 3175821988 0 221057087 1305573180
======================
   8      16 sdb 69517111 33647 16287088246 2424975177 33678118 94667435 21127567200 3175821988 1 221061916 1305578009
======================
   8      16 sdb 69518206 33647 16287097006 2424979977 33678118 94667435 21127567200 3175821988 1 221066713 1305582806
======================
   8      16 sdb 69519305 33647 16287105798 2424984782 33678118 94667435 21127567200 3175821988 1 221071519 1305587612
======================
   8      16 sdb 69520388 33647 16287114462 2424989576 33678118 94667435 21127567200 3175821988 1 221076310 1305592403
======================
   8      16 sdb 69521487 33647 16287123254 2424994375 33678118 94667435 21127567200 3175821988 1 221081109 1305597202
======================
   8      16 sdb 69522584 33647 16287132030 2424999206 33678118 94667435 21127567200 3175821988 1 221085937 1305602030
======================
   8      16 sdb 69523664 33647 16287140670 2425004012 33678118 94667435 21127567200 3175821988 1 221090742 1305606835
======================
   8      16 sdb 69524772 33647 16287149534 2425008822 33678118 94667435 21127567200 3175821988 1 221095550 1305611643
======================
   8      16 sdb 69525866 33647 16287158286 2425013609 33678118 94667435 21127567200 3175821988 1 221100332 1305616425
======================
   8      16 sdb 69526948 33647 16287166942 2425018399 33678118 94667435 21127567200 3175821988 1 221105122 1305621215
======================
   8      16 sdb 69528038 33647 16287175662 2425023188 33678118 94667435 21127567200 3175821988 1 221109914 1305626007
======================
   8      16 sdb 69529128 33647 16287184382 2425027981 33678118 94667435 21127567200 3175821988 1 221114704 1305630797
======================
   8      16 sdb 69530242 33647 16287193294 2425032789 33678118 94667435 21127567200 3175821988 1 221119508 1305635601
======================
   8      16 sdb 69531314 33647 16287201870 2425037607 33678118 94667435 21127567200 3175821988 1 221124324 1305640417
======================
   8      16 sdb 69532414 33647 16287210670 2425042392 33678118 94667435 21127567200 3175821988 1 221129110 1305645203
======================
   8      16 sdb 69533503 33647 16287219382 2425047180 33678118 94667435 21127567200 3175821988 1 221133896 1305649989
======================
   8      16 sdb 69534579 33647 16287227990 2425051992 33678118 94667435 21127567200 3175821988 1 221138706 1305654799
======================
   8      16 sdb 69535657 33647 16287236630 2425056783 33678118 94667435 21127567200 3175821988 1 221143496 1305659589
======================
   8      16 sdb 69536749 33647 16287245366 2425061575 33678118 94667435 21127567200 3175821988 1 221148287 1305664380
======================
   8      16 sdb 69537833 33647 16287254038 2425066387 33678118 94667435 21127567200 3175821988 1 221153097 1305669190
======================
   8      16 sdb 69538921 33647 16287262742 2425071214 33678118 94667435 21127567200 3175821988 1 221157924 1305674017
======================
   8      16 sdb 69540011 33647 16287271462 2425076010 33678118 94667435 21127567200 3175821988 1 221162718 1305678811
======================
   8      16 sdb 69541106 33647 16287280222 2425080826 33678118 94667435 21127567200 3175821988 1 221167533 1305683626
======================
   8      16 sdb 69542197 33647 16287288950 2425085626 33678118 94667435 21127567200 3175821988 1 221172331 1305688424
======================
   8      16 sdb 69543302 33647 16287297790 2425090448 33678118 94667435 21127567200 3175821988 1 221177151 1305693244
======================
   8      16 sdb 69544384 33647 16287306446 2425095252 33678118 94667435 21127567200 3175821988 1 221181958 1305698051
======================
   8      16 sdb 69545497 33647 16287315350 2425100101 33678118 94667435 21127567200 3175821988 1 221186803 1305702896
======================
   8      16 sdb 69546591 33647 16287324102 2425104913 33678118 94667435 21127567200 3175821988 0 221191614 1305707707
======================
   8      16 sdb 69547685 33647 16287332854 2425109695 33678118 94667435 21127567200 3175821988 1 221196399 1305712492
======================
   8      16 sdb 69548769 33647 16287341526 2425114497 33678118 94667435 21127567200 3175821988 1 221201197 1305717290
======================
   8      16 sdb 69549846 33647 16287350142 2425119281 33678118 94667435 21127567200 3175821988 1 221205981 1305722074
======================
   8      16 sdb 69550933 33647 16287358838 2425124089 33678118 94667435 21127567200 3175821988 1 221210788 1305726881
======================
   8      16 sdb 69552023 33647 16287367558 2425128862 33678118 94667435 21127567200 3175821988 1 221215562 1305731655
======================
   8      16 sdb 69553105 33647 16287376214 2425133643 33678118 94667435 21127567200 3175821988 1 221220344 1305736437
======================
   8      16 sdb 69554186 33647 16287384878 2425138445 33678118 94667435 21127567200 3175821988 1 221225149 1305741242
======================
   8      16 sdb 69555280 33647 16287393630 2425143228 33678118 94667435 21127567200 3175821988 1 221229926 1305746019
======================
   8      16 sdb 69556365 33647 16287402310 2425148003 33678118 94667435 21127567200 3175821988 1 221234702 1305750795
======================
   8      16 sdb 69557467 33647 16287411126 2425152783 33678118 94667435 21127567200 3175821988 1 221239483 1305755576
======================
   8      16 sdb 69558589 33647 16287420102 2425157574 33678118 94667435 21127567200 3175821988 1 221244273 1305760366
======================
   8      16 sdb 69559656 33647 16287428654 2425162394 33678118 94667435 21127567200 3175821988 1 221249093 1305765186
======================
   8      16 sdb 69560753 33647 16287437430 2425167192 33678118 94667435 21127567200 3175821988 1 221253886 1305769979
======================
   8      16 sdb 69561845 33647 16287446166 2425171998 33678118 94667435 21127567200 3175821988 1 221258693 1305774786
======================
   8      16 sdb 69562941 33647 16287454934 2425176829 33678118 94667435 21127567200 3175821988 1 221263524 1305779617
======================
   8      16 sdb 69564045 33647 16287463766 2425181700 33678118 94667435 21127567200 3175821988 1 221268390 1305784483
======================
   8      16 sdb 69565133 33647 16287472470 2425186496 33678118 94667435 21127567200 3175821988 1 221273185 1305789278
======================
   8      16 sdb 69566218 33647 16287481150 2425191292 33678118 94667435 21127567200 3175821988 1 221277978 1305794071
======================
   8      16 sdb 69567323 33647 16287489990 2425196163 33678118 94667435 21127567200 3175821988 1 221282851 1305798944
======================
   8      16 sdb 69568420 33647 16287498782 2425200971 33678118 94667435 21127567200 3175821988 1 221287656 1305803749
======================
   8      16 sdb 69569517 33647 16287507558 2425205763 33678118 94667435 21127567200 3175821988 1 221292446 1305808539
======================
   8      16 sdb 69570653 33647 16287516646 2425210669 33678118 94667435 21127567200 3175821988 1 221297349 1305813442
======================
   8      16 sdb 69571757 33647 16287525478 2425215578 33678118 94667435 21127567200 3175821988 1 221302258 1305818351
======================
   8      16 sdb 69572860 33647 16287534302 2425220450 33678118 94667435 21127567200 3175821988 1 221307132 1305823225
======================
   8      16 sdb 69573941 33647 16287542950 2425225264 33678118 94667435 21127567200 3175821988 1 221311946 1305828039
======================
   8      16 sdb 69575030 33647 16287551678 2425230071 33678118 94667435 21127567200 3175821988 1 221316750 1305832843
======================
   8      16 sdb 69576128 33647 16287560462 2425234873 33678118 94667435 21127567200 3175821988 1 221321547 1305837640
======================
   8      16 sdb 69577216 33647 16287569166 2425239678 33678118 94667435 21127567200 3175821988 1 221326355 1305842448
======================
   8      16 sdb 69578303 33647 16287577878 2425244500 33678118 94667435 21127567200 3175821988 1 221331172 1305847265
======================
   8      16 sdb 69579403 33647 16287586678 2425249307 33678118 94667435 21127567200 3175821988 1 221335981 1305852074
======================
   8      16 sdb 69580500 33647 16287595454 2425254117 33678118 94667435 21127567200 3175821988 1 221340791 1305856884
======================
   8      16 sdb 69581585 33647 16287604134 2425258943 33678118 94667435 21127567200 3175821988 1 221345617 1305861710
======================
   8      16 sdb 69582671 33647 16287612822 2425263739 33678118 94667435 21127567200 3175821988 1 221350408 1305866501
======================
   8      16 sdb 69583759 33647 16287621526 2425268530 33678118 94667435 21127567200 3175821988 1 221355195 1305871288
======================
   8      16 sdb 69584844 33647 16287630222 2425273306 33678118 94667435 21127567200 3175821988 1 221359969 1305876062
======================
   8      16 sdb 69585922 33647 16287638846 2425278070 33678118 94667435 21127567200 3175821988 1 221364734 1305880827
======================
   8      16 sdb 69587006 33647 16287647518 2425282860 33678118 94667435 21127567200 3175821988 1 221369521 1305885614
======================
   8      16 sdb 69588094 33647 16287656222 2425287642 33678118 94667435 21127567200 3175821988 1 221374304 1305890397
======================
   8      16 sdb 69589194 33647 16287665022 2425292473 33678118 94667435 21127567200 3175821988 1 221379133 1305895226
======================
   8      16 sdb 69590299 33647 16287673878 2425297247 33678118 94667435 21127567200 3175821988 1 221383904 1305899997
======================
   8      16 sdb 69591392 33647 16287682622 2425302043 33678118 94667435 21127567200 3175821988 1 221388699 1305904792
======================
   8      16 sdb 69592475 33647 16287691286 2425306855 33678118 94667435 21127567200 3175821988 1 221393507 1305909600
======================
   8      16 sdb 69593561 33647 16287699974 2425311668 33678118 94667435 21127567200 3175821988 1 221398321 1305914414
======================
   8      16 sdb 69594652 33647 16287708702 2425316489 33678118 94667435 21127567200 3175821988 1 221403142 1305919235
======================
   8      16 sdb 69595746 33647 16287717454 2425321279 33678118 94667435 21127567200 3175821988 1 221407927 1305924020
======================
   8      16 sdb 69596829 33647 16287726118 2425326076 33678118 94667435 21127567200 3175821988 1 221412724 1305928817
======================
   8      16 sdb 69597926 33647 16287734894 2425330856 33678118 94667435 21127567200 3175821988 1 221417504 1305933597
======================
   8      16 sdb 69599028 33647 16287743710 2425335672 33678118 94667435 21127567200 3175821988 1 221422315 1305938408
======================
   8      16 sdb 69600132 33647 16287752558 2425340473 33678118 94667435 21127567200 3175821988 0 221427114 1305943207
======================
   8      16 sdb 69601219 33647 16287761254 2425345254 33678118 94667435 21127567200 3175821988 1 221431897 1305947990
======================
   8      16 sdb 69602311 33647 16287769990 2425350052 33678118 94667435 21127567200 3175821988 1 221436693 1305952786
======================
   8      16 sdb 69603402 33647 16287778718 2425354866 33678118 94667435 21127567200 3175821988 1 221441505 1305957598
======================
   8      16 sdb 69604500 33647 16287787518 2425359693 33678118 94667435 21127567200 3175821988 1 221446333 1305962426
======================
   8      16 sdb 69605589 33647 16287796230 2425364486 33678118 94667435 21127567200 3175821988 1 221451126 1305967219
======================
   8      16 sdb 69606678 33647 16287804974 2425369275 33678118 94667435 21127567200 3175821988 1 221455915 1305972008
======================
   8      16 sdb 69607776 33647 16287813758 2425374038 33678118 94667435 21127567200 3175821988 1 221460676 1305976769
======================
   8      16 sdb 69608870 33647 16287822510 2425378831 33678118 94667435 21127567200 3175821988 1 221465469 1305981562
======================
   8      16 sdb 69609960 33647 16287831230 2425383641 33678118 94667435 21127567200 3175821988 1 221470276 1305986369
======================
   8      16 sdb 69611087 33647 16287840246 2425388492 33678118 94667435 21127567200 3175821988 1 221475131 1305991224
======================
   8      16 sdb 69612186 33647 16287849070 2425393272 33678118 94667435 21127567200 3175821988 1 221479911 1305996004
======================
   8      16 sdb 69613270 33647 16287857742 2425398073 33678118 94667435 21127567200 3175821988 1 221484711 1306000804
======================
   8      16 sdb 69614366 33647 16287866510 2425402881 33678118 94667435 21127567200 3175821988 1 221489515 1306005608
======================
   8      16 sdb 69615454 33647 16287875214 2425407677 33678118 94667435 21127567200 3175821988 1 221494310 1306010403
======================
   8      16 sdb 69616534 33647 16287883854 2425412478 33678118 94667435 21127567200 3175821988 1 221499109 1306015202
======================
   8      16 sdb 69617614 33647 16287892494 2425417272 33678118 94667435 21127567200 3175821988 1 221503905 1306019998
======================
   8      16 sdb 69618709 33647 16287901286 2425422090 33678118 94667435 21127567200 3175821988 1 221508720 1306024813
======================
   8      16 sdb 69619796 33647 16287909982 2425426886 33678118 94667435 21127567200 3175821988 1 221513512 1306029605
======================
   8      16 sdb 69620892 33647 16287918750 2425431653 33678118 94667435 21127567200 3175821988 1 221518279 1306034372
======================
   8      16 sdb 69621984 33647 16287927502 2425436444 33678118 94667435 21127567200 3175821988 1 221523069 1306039162
======================
   8      16 sdb 69623059 33647 16287936102 2425441229 33678118 94667435 21127567200 3175821988 1 221527853 1306043946
======================
   8      16 sdb 69624143 33647 16287944774 2425446038 33678118 94667435 21127567200 3175821988 1 221532664 1306048757
======================
   8      16 sdb 69625234 33647 16287953502 2425450836 33678118 94667435 21127567200 3175821988 1 221537460 1306053553
======================
   8      16 sdb 69626317 33647 16287962166 2425455653 33678118 94667435 21127567200 3175821988 1 221542272 1306058365
======================
   8      16 sdb 69627401 33647 16287970854 2425460452 33678118 94667435 21127567200 3175821988 1 221547070 1306063163
======================
   8      16 sdb 69628490 33647 16287979566 2425465248 33678118 94667435 21127567200 3175821988 1 221551870 1306067963
======================
   8      16 sdb 69629583 33647 16287988310 2425470047 33678118 94667435 21127567200 3175821988 1 221556667 1306072760
======================
   8      16 sdb 69630662 33647 16287996942 2425474877 33678118 94667435 21127567200 3175821988 1 221561493 1306077586
======================
   8      16 sdb 69631747 33647 16288005622 2425479685 33678118 94667435 21127567200 3175821988 1 221566302 1306082395
======================
   8      16 sdb 69632814 33647 16288014158 2425484479 33678118 94667435 21127567200 3175821988 1 221571091 1306087184
======================
   8      16 sdb 69633915 33647 16288022982 2425489298 33678118 94667435 21127567200 3175821988 1 221575907 1306092000
======================
   8      16 sdb 69635006 33647 16288031710 2425494097 33678118 94667435 21127567200 3175821988 1 221580710 1306096803
======================
   8      16 sdb 69636092 33647 16288040430 2425498907 33678118 94667435 21127567200 3175821988 1 221585513 1306101606
======================
   8      16 sdb 69637190 33647 16288049230 2425503682 33678118 94667435 21127567200 3175821988 1 221590288 1306106381
======================
   8      16 sdb 69638267 33647 16288057846 2425508505 33678118 94667435 21127567200 3175821988 1 221595107 1306111200
======================
   8      16 sdb 69639372 33647 16288066702 2425513310 33678118 94667435 21127567200 3175821988 1 221599905 1306115998
======================
   8      16 sdb 69640474 33647 16288075518 2425518119 33678118 94667435 21127567200 3175821988 1 221604712 1306120805
======================
   8      16 sdb 69641570 33647 16288084286 2425522913 33678118 94667435 21127567200 3175821988 0 221609506 1306125599
======================
   8      16 sdb 69642656 33647 16288092974 2425527709 33678118 94667435 21127567200 3175821988 1 221614302 1306130395
======================
   8      16 sdb 69643746 33647 16288101694 2425532503 33678118 94667435 21127567200 3175821988 1 221619100 1306135193
======================
   8      16 sdb 69644845 33647 16288110486 2425537302 33678118 94667435 21127567200 3175821988 1 221623896 1306139989
======================
   8      16 sdb 69645931 33647 16288119174 2425542097 33678118 94667435 21127567200 3175821988 1 221628693 1306144786
======================
   8      16 sdb 69647023 33647 16288127910 2425546902 33678118 94667435 21127567200 3175821988 1 221633494 1306149587
======================
   8      16 sdb 69648112 33647 16288136622 2425551709 33678118 94667435 21127567200 3175821988 1 221638298 1306154391
======================
   8      16 sdb 69649219 33647 16288145478 2425556517 33678118 94667435 21127567200 3175821988 1 221643104 1306159197
======================
   8      16 sdb 69650307 33647 16288154182 2425561302 33678118 94667435 21127567200 3175821988 1 221647888 1306163981
