======================
   8      48 sdd 2955659 126 755016850 6614143 1270963 5522693 799739328 375964433 0 6093976 382566913
======================
   8      48 sdd 2955668 126 755016922 6614381 1272077 5522693 800441408 376129425 83 6095433 382752298
======================
   8      48 sdd 2955674 126 755016970 6615582 1274174 5522728 801757448 376760510 30 6100436 383374833
======================
   8      48 sdd 2955680 126 755017018 6616973 1276269 5522741 803071576 377383513 155 6105439 384011010
======================
   8      48 sdd 2955686 126 755017066 6618201 1278359 5522753 804387504 377994453 150 6110441 384623930
======================
   8      48 sdd 2955691 126 755017106 6619365 1280452 5522766 805703512 378612743 141 6115443 385243872
======================
   8      48 sdd 2955696 126 755017146 6620538 1282539 5522775 807017264 379237286 133 6120446 385867134
======================
   8      48 sdd 2955702 126 755017194 6621761 1284629 5522791 808332592 379839229 158 6125448 386473651
======================
   8      48 sdd 2955707 126 755017234 6622890 1286721 5522800 809648560 380457587 145 6130451 387093478
======================
   8      48 sdd 2955712 126 755017274 6624027 1288808 5522817 810961968 381070256 134 6135452 387707304
======================
   8      48 sdd 2955718 126 755017322 6625287 1290899 5522826 812277680 381671825 128 6140454 388309557
======================
   8      48 sdd 2955723 126 755017362 6626689 1292990 5522843 813593008 382293819 148 6145456 388933475
======================
   8      48 sdd 2955728 126 755017402 6627934 1295079 5522852 814907704 382925633 136 6150459 389565706
======================
   8      48 sdd 2955734 126 755017450 6628976 1297167 5522866 816222944 383577094 2 6155462 390194974
======================
   8      48 sdd 2955739 126 755017490 6630153 1299259 5522878 817538032 384196259 21 6160465 390821310
======================
   8      48 sdd 2955744 126 755017530 6631407 1301347 5522891 818852080 384813808 42 6165468 391445661
======================
   8      48 sdd 2955750 126 755017578 6632694 1303438 5522904 820168048 385427030 73 6170471 392066276
======================
   8      48 sdd 2955755 126 755017618 6633901 1305529 5522916 821483120 386044695 79 6175473 392686054
======================
   8      48 sdd 2955760 126 755017658 6635023 1307618 5522929 822797808 386665882 99 6180476 393311126
======================
   8      48 sdd 2955766 126 755017706 6636215 1309708 5522942 824113008 387272103 92 6185478 393917886
======================
   8      48 sdd 2955771 126 755017746 6637326 1311796 5522954 825426544 387890010 114 6190481 394540017
======================
   8      48 sdd 2955776 126 755017786 6638430 1313886 5522958 826741872 388512974 132 6195484 395164353
======================
   8      48 sdd 2955782 126 755017834 6639432 1315978 5522971 828058224 389135798 158 6200485 395787601
======================
   8      48 sdd 2955787 126 755017874 6640592 1318066 5522984 829371640 389779532 149 6205489 396433674
======================
   8      48 sdd 2955792 126 755017914 6641765 1320152 5522997 830684408 390415395 140 6210492 397071413
======================
   8      48 sdd 2955798 126 755017962 6642917 1322242 5523010 831999736 391029888 136 6215493 397685502
======================
   8      48 sdd 2955803 126 755018002 6644249 1324331 5523023 833313032 391636588 132 6220496 398293834
======================
   8      48 sdd 2955808 126 755018042 6645576 1326417 5523036 834625672 392238754 129 6225498 398897224
======================
   8      48 sdd 2955814 126 755018090 6646809 1328509 5523049 835942280 392843505 120 6230500 399502092
======================
   8      48 sdd 2955819 126 755018130 6648363 1330595 5523061 837254408 393434483 118 6235503 400095511
======================
   8      48 sdd 2955824 126 755018170 6649770 1332682 5523074 838567816 394034017 114 6240506 400695653
======================
   8      48 sdd 2955830 126 755018218 6651038 1334772 5523087 839883144 394641800 107 6245509 401304455
======================
   8      48 sdd 2955835 126 755018258 6652160 1336861 5523099 841196936 395265149 102 6250512 401928301
======================
   8      48 sdd 2955841 126 755018306 6653588 1338949 5523112 842510984 395861048 146 6255515 402526255
======================
   8      48 sdd 2955846 126 755018346 6654473 1341040 5523125 843826952 396487789 89 6260517 403151135
======================
   8      48 sdd 2955851 126 755018386 6655733 1343128 5523137 845140360 397091988 85 6265520 403756774
======================
   8      48 sdd 2955856 126 755018426 6656689 1345213 5523150 846452488 397720196 83 6270523 404385403
======================
   8      48 sdd 2955861 126 755018466 6658148 1347307 5523164 847769496 398334680 73 6275525 404999248
======================
   8      48 sdd 2955867 126 755018514 6659647 1349396 5523176 849084176 398955277 141 6280529 405627149
======================
   8      48 sdd 2955871 126 755018546 6660719 1351484 5523189 850398224 399592919 62 6285532 406258379
======================
   8      48 sdd 2955877 126 755018594 6662205 1353576 5523202 851714576 400202774 53 6290534 406867709
======================
   8      48 sdd 2955882 126 755018634 6663598 1355666 5523215 853029904 400811178 46 6295538 407475612
======================
   8      48 sdd 2955887 126 755018674 6664685 1357752 5523228 854342672 401434800 43 6300542 408099883
======================
   8      48 sdd 2955893 126 755018722 6666112 1359841 5523241 855657360 402024084 37 6305545 408689172
======================
   8      48 sdd 2955898 126 755018762 6667503 1361930 5523254 856972048 402622620 31 6310548 409287452
======================
   8      48 sdd 2955904 126 755018810 6669136 1364019 5523267 858286480 403210370 133 6315550 409890712
======================
   8      48 sdd 2955910 126 755018858 6670241 1366110 5523280 859602448 403839547 128 6320553 410507583
======================
   8      48 sdd 2955915 126 755018898 6671517 1368190 5523293 860911376 404451670 152 6325556 411113951
======================
   8      48 sdd 2955920 126 755018938 6672414 1370266 5523306 862218384 405067278 137 6330561 411751627
======================
   8      48 sdd 2955926 126 755018986 6673831 1372366 5523320 863538720 405676564 153 6335562 412340919
======================
   8      48 sdd 2955931 126 755019026 6674734 1374459 5523333 864855840 406306485 134 6340565 412978442
======================
   8      48 sdd 2955936 126 755019066 6675984 1376547 5523347 866169896 406946794 130 6345568 413620093
======================
   8      48 sdd 2955942 126 755019114 6677252 1378639 5523358 867485856 407557490 154 6350570 414233994
======================
   8      48 sdd 2955947 126 755019154 6678188 1380728 5523371 868800544 408202299 157 6355574 414893341
======================
   8      48 sdd 2955952 126 755019194 6679601 1382816 5523384 870114592 408827627 137 6360577 415510508
======================
   8      48 sdd 2955958 126 755019242 6681047 1384909 5523396 871430944 409416187 128 6365580 416102065
======================
   8      48 sdd 2955963 126 755019282 6682286 1387000 5523409 872746912 410031207 146 6370583 416721231
======================
   8      48 sdd 2955968 126 755019322 6683456 1389087 5523422 874060320 410647680 135 6375585 417343740
======================
   8      48 sdd 2955974 126 755019370 6684858 1391180 5523434 875376672 411245729 145 6380587 417937962
======================
   8      48 sdd 2955979 126 755019410 6685909 1393269 5523447 876691360 411875150 159 6385590 418570706
======================
   8      48 sdd 2955984 126 755019450 6686809 1395357 5523460 878005408 412511436 143 6390594 419210940
======================
   8      48 sdd 2955990 126 755019498 6688000 1397451 5523473 879322032 413125038 158 6395597 419822820
======================
   8      48 sdd 2955995 126 755019538 6689137 1399540 5523486 880636464 413741234 158 6400600 420440219
======================
   8      48 sdd 2956000 126 755019578 6690261 1401627 5523499 881949872 414359248 141 6405603 421061137
======================
   8      48 sdd 2956006 126 755019626 6691343 1403720 5523511 883266480 414975368 155 6410606 421678722
======================
   8      48 sdd 2956011 126 755019666 6692463 1405809 5523524 884581168 415584204 150 6415608 422289250
======================
   8      48 sdd 2956016 126 755019706 6693637 1407897 5523539 885894976 416205350 147 6420611 422911401
======================
   8      48 sdd 2956022 126 755019754 6695036 1409990 5523551 887211584 416817947 140 6425615 423525305
======================
   8      48 sdd 2956027 126 755019794 6696212 1412079 5523564 888526272 417435055 132 6430618 424143721
======================
   8      48 sdd 2956032 126 755019834 6697534 1414168 5523578 889840336 418035043 156 6435621 424744839
======================
   8      48 sdd 2956038 126 755019882 6699257 1416260 5523590 891156048 418597447 144 6440624 425309212
======================
   8      48 sdd 2956043 126 755019922 6700294 1418350 5523603 892471376 419227763 144 6445627 425940367
======================
   8      48 sdd 2956048 126 755019962 6701507 1420437 5523616 893784784 419843455 133 6450631 426557400
======================
   8      48 sdd 2956054 126 755020010 6702886 1422531 5523629 895101408 420438678 145 6455633 427154087
======================
   8      48 sdd 2956059 126 755020050 6704169 1424620 5523642 896415840 421040058 147 6460635 427756695
======================
   8      48 sdd 2956064 126 755020090 6705373 1426708 5523655 897729888 421651158 130 6465639 428368414
======================
   8      48 sdd 2956070 126 755020138 6706555 1428800 5523667 899045856 422265889 149 6470642 428984659
======================
   8      48 sdd 2956075 126 755020178 6707462 1430889 5523680 900360544 422898309 139 6475645 429618069
======================
   8      48 sdd 2956080 126 755020218 6708792 1432977 5523694 901674344 423533954 133 6480649 430254843
======================
   8      48 sdd 2956086 126 755020266 6709974 1435070 5523706 902990952 424157974 148 6485652 430880002
======================
   8      48 sdd 2956091 126 755020306 6711384 1437159 5523719 904305640 424757045 129 6490656 431480373
======================
   8      48 sdd 2956096 126 755020346 6712634 1439248 5523732 905620328 425388297 136 6495659 432112893
======================
   8      48 sdd 2956102 126 755020394 6713676 1441341 5523744 906936680 426014684 127 6500662 432739891
======================
   8      48 sdd 2956107 126 755020434 6714929 1443431 5523757 908252008 426627026 120 6505665 433353494
======================
   8      48 sdd 2956112 126 755020474 6716259 1445517 5523770 909564776 427236620 117 6510668 433964930
======================
   8      48 sdd 2956118 126 755020522 6717195 1447611 5523783 910881400 427868639 108 6515668 434596513
======================
   8      48 sdd 2956123 126 755020562 6718312 1449701 5523796 912196472 428489203 101 6520672 435217417
======================
   8      48 sdd 2956128 126 755020602 6719451 1451782 5523809 913506040 429110850 103 6525676 435840755
======================
   8      48 sdd 2956134 126 755020650 6720417 1453876 5523821 914823288 429737455 93 6530679 436466524
======================
   8      48 sdd 2956139 126 755020690 6721535 1455961 5523834 916135416 430351048 91 6535681 437081830
======================
   8      48 sdd 2956144 126 755020730 6722674 1458049 5523847 917449464 430970695 86 6540684 437701298
======================
   8      48 sdd 2956150 126 755020778 6723699 1460121 5523859 918752632 431588697 98 6545687 438322151
======================
   8      48 sdd 2956155 126 755020818 6724964 1462208 5523872 920066040 432195003 94 6550690 438929147
======================
   8      48 sdd 2956160 126 755020858 6726125 1464308 5523887 921387528 432814593 77 6555693 439547329
======================
   8      48 sdd 2956167 126 755020914 6727429 1466403 5523899 922705416 433436267 134 6560696 440172470
======================
   8      48 sdd 2956172 126 755020954 6728590 1468488 5523908 924018144 434053690 133 6565699 440790860
======================
   8      48 sdd 2956176 126 755020986 6729658 1470573 5523925 925330304 434671940 61 6570702 441405390
started
======================
   8      48 sdd 2958097 126 755471588 6735263 1470987 5523938 925581160 434776282 3 6573420 441498922
======================
   8      48 sdd 2962379 126 756567780 6750146 1470990 5523940 925581200 434776282 3 6578436 441513807
======================
   8      48 sdd 2967385 126 757849316 6763837 1470990 5523940 925581200 434776282 3 6583439 441527487
======================
   8      48 sdd 2972397 126 759132388 6778003 1470990 5523940 925581200 434776282 3 6588441 441541649
======================
   8      48 sdd 2977409 126 760415460 6790421 1470990 5523940 925581200 434776282 3 6593445 441554056
======================
   8      48 sdd 2982410 126 761695716 6804723 1470990 5523940 925581200 434776282 3 6598448 441568358
======================
   8      48 sdd 2987303 126 762948380 6816234 1470990 5523940 925581200 434776282 2 6603451 441579856
======================
   8      48 sdd 2992127 126 764183324 6825876 1470990 5523940 925581200 434776282 2 6608459 441589487
======================
   8      48 sdd 2996948 126 765417500 6835528 1470992 5523940 925581216 434776282 2 6613472 441599125
======================
   8      48 sdd 3001775 126 766653212 6845205 1470992 5523940 925581216 434776282 2 6618475 441608789
======================
   8      48 sdd 3006605 126 767889436 6854847 1470992 5523940 925581216 434776282 1 6623479 441618418
======================
   8      48 sdd 3011429 126 769124380 6864476 1470992 5523940 925581216 434776282 2 6628482 441628037
======================
   8      48 sdd 3016234 126 770354612 6874075 1470992 5523940 925581216 434776282 2 6633485 441637624
======================
   8      48 sdd 3021092 126 771596500 6883742 1470992 5523940 925581216 434776282 2 6638487 441647288
======================
   8      48 sdd 3025984 126 772848852 6893424 1470992 5523940 925581216 434776282 2 6643499 441656956
======================
   8      48 sdd 3030864 126 774098132 6903048 1470992 5523940 925581216 434776282 2 6648502 441666574
======================
   8      48 sdd 3035743 126 775347156 6912732 1470992 5523940 925581216 434776282 2 6653504 441676242
======================
   8      48 sdd 3040625 126 776596948 6922376 1470992 5523940 925581216 434776282 2 6658507 441685882
======================
   8      48 sdd 3045525 126 777851356 6932035 1470992 5523940 925581216 434776282 2 6663510 441695534
======================
   8      48 sdd 3050444 126 779110620 6941664 1470992 5523940 925581216 434776282 1 6668520 441705154
======================
   8      48 sdd 3055336 126 780362972 6951335 1470992 5523940 925581216 434776282 2 6673524 441714818
======================
   8      48 sdd 3060245 126 781619676 6960938 1470992 5523940 925581216 434776282 2 6678527 441724409
======================
   8      48 sdd 3065162 126 782877660 6970595 1470992 5523940 925581216 434776282 2 6683530 441734050
======================
   8      48 sdd 3070076 126 784135644 6980226 1470992 5523940 925581216 434776282 2 6688533 441743669
======================
   8      48 sdd 3074986 126 785392604 6989837 1470992 5523940 925581216 434776282 2 6693536 441753269
======================
   8      48 sdd 3079896 126 786649564 6999455 1470992 5523940 925581216 434776282 2 6698540 441762881
======================
   8      48 sdd 3084788 126 787901916 7009097 1470992 5523940 925581216 434776282 1 6703544 441772510
======================
   8      48 sdd 3089699 126 789159132 7018735 1470992 5523940 925581216 434776282 2 6708547 441782141
======================
   8      48 sdd 3094610 126 790416348 7028369 1470992 5523940 925581216 434776282 2 6713551 441791770
======================
   8      48 sdd 3099519 126 791673052 7038015 1470992 5523940 925581216 434776282 2 6718553 441801408
======================
   8      48 sdd 3104427 126 792929500 7047659 1470992 5523940 925581216 434776282 2 6723556 441811038
======================
   8      48 sdd 3109339 126 794186972 7057305 1470992 5523940 925581216 434776282 2 6728560 441820673
======================
   8      48 sdd 3114255 126 795445468 7066947 1470992 5523940 925581216 434776282 2 6733565 441830310
======================
   8      48 sdd 3119149 126 796698332 7076613 1470992 5523940 925581216 434776282 2 6738568 441839968
======================
   8      48 sdd 3124062 126 797956060 7086258 1470992 5523940 925581216 434776282 2 6743571 441849608
======================
   8      48 sdd 3128971 126 799212764 7095909 1470992 5523940 925581216 434776282 2 6748574 441859250
======================
   8      48 sdd 3133882 126 800469980 7105544 1470992 5523940 925581216 434776282 2 6753577 441868875
======================
   8      48 sdd 3138797 126 801728220 7115187 1470992 5523940 925581216 434776282 2 6758581 441878510
======================
   8      48 sdd 3143711 126 802986204 7124833 1470992 5523940 925581216 434776282 2 6763585 441888144
======================
   8      48 sdd 3148620 126 804242908 7134494 1470992 5523940 925581216 434776282 2 6768588 441897790
======================
   8      48 sdd 3153509 126 805494492 7144127 1470992 5523940 925581216 434776282 2 6773591 441907417
======================
   8      48 sdd 3158419 126 806751452 7153767 1470992 5523940 925581216 434776282 2 6778594 441917051
======================
   8      48 sdd 3163324 126 808007132 7163416 1470992 5523940 925581216 434776282 2 6783597 441926691
======================
   8      48 sdd 3168235 126 809264348 7173020 1470992 5523940 925581216 434776282 2 6788601 441936278
======================
   8      48 sdd 3173142 126 810520540 7182689 1470992 5523940 925581216 434776282 2 6793605 441945938
======================
   8      48 sdd 3178050 126 811776988 7192326 1470992 5523940 925581216 434776282 2 6798608 441955563
======================
   8      48 sdd 3182959 126 813033692 7201970 1470992 5523940 925581216 434776282 1 6803611 441965197
======================
   8      48 sdd 3187850 126 814285788 7211593 1470992 5523940 925581216 434776282 2 6808614 441974814
======================
   8      48 sdd 3192761 126 815543004 7221233 1470992 5523940 925581216 434776282 2 6813617 441984449
======================
   8      48 sdd 3197671 126 816799964 7230882 1470992 5523940 925581216 434776282 2 6818621 441994083
======================
   8      48 sdd 3202584 126 818057436 7240528 1470992 5523940 925581216 434776282 2 6823626 442003718
======================
   8      48 sdd 3207499 126 819315676 7250149 1470992 5523940 925581216 434776282 2 6828630 442013332
======================
   8      48 sdd 3212355 126 820558844 7259759 1470992 5523940 925581216 434776282 2 6833634 442022931
======================
   8      48 sdd 3217150 126 821786108 7269411 1470992 5523940 925581216 434776282 2 6838638 442032575
======================
   8      48 sdd 3221963 126 823018236 7279070 1470992 5523940 925581216 434776282 2 6843641 442042221
======================
   8      48 sdd 3226774 126 824249852 7288724 1470992 5523940 925581216 434776282 2 6848645 442051870
======================
   8      48 sdd 3231589 126 825482492 7298375 1470992 5523940 925581216 434776282 2 6853649 442061515
======================
   8      48 sdd 3236405 126 826715396 7308037 1470992 5523940 925581216 434776282 2 6858653 442071168
======================
   8      48 sdd 3241223 126 827948804 7317704 1470992 5523940 925581216 434776282 2 6863656 442080828
======================
   8      48 sdd 3246043 126 829182724 7327348 1470992 5523940 925581216 434776282 2 6868659 442090458
======================
   8      48 sdd 3250843 126 830411268 7336987 1470992 5523940 925581216 434776282 2 6873662 442100087
======================
   8      48 sdd 3255667 126 831646212 7346618 1470992 5523940 925581216 434776282 2 6878666 442109704
======================
   8      48 sdd 3260490 126 832880900 7356262 1470992 5523940 925581216 434776282 2 6883671 442119341
======================
   8      48 sdd 3265310 126 834114564 7365928 1470992 5523940 925581216 434776282 2 6888674 442128993
======================
   8      48 sdd 3270137 126 835350284 7375532 1470992 5523940 925581216 434776282 2 6893677 442138588
======================
   8      48 sdd 3274952 126 836582924 7385197 1470992 5523940 925581216 434776282 2 6898680 442148249
======================
   8      48 sdd 3279752 126 837811468 7394879 1470992 5523940 925581216 434776282 2 6903683 442157919
======================
   8      48 sdd 3284574 126 839045644 7404513 1470992 5523940 925581216 434776282 2 6908687 442167544
======================
   8      48 sdd 3289387 126 840277772 7414175 1470992 5523940 925581216 434776282 2 6913691 442177197
======================
   8      48 sdd 3294219 126 841514508 7423881 1470992 5523940 925581216 434776282 2 6918694 442186897
======================
   8      48 sdd 3299036 126 842747660 7433552 1470992 5523940 925581216 434776282 2 6923698 442196562
======================
   8      48 sdd 3303853 126 843980308 7443213 1470992 5523940 925581216 434776282 2 6928701 442206218
======================
   8      48 sdd 3308672 126 845213972 7452855 1470992 5523940 925581216 434776282 2 6933704 442215848
======================
   8      48 sdd 3313475 126 846443284 7462513 1470992 5523940 925581216 434776282 2 6938708 442225500
======================
   8      48 sdd 3318289 126 847675668 7472143 1470992 5523940 925581216 434776282 2 6943711 442235119
======================
   8      48 sdd 3323112 126 848910356 7481812 1470992 5523940 925581216 434776282 2 6948714 442244775
======================
   8      48 sdd 3327931 126 850143764 7491476 1470992 5523940 925581216 434776282 2 6953718 442254430
======================
   8      48 sdd 3332747 126 851376660 7501125 1470992 5523940 925581216 434776282 1 6958721 442264066
======================
   8      48 sdd 3337574 126 852612372 7510792 1470992 5523940 925581216 434776282 2 6963724 442273726
======================
   8      48 sdd 3342392 126 853845524 7520454 1470992 5523940 925581216 434776282 2 6968728 442283381
======================
   8      48 sdd 3347191 126 855074068 7530128 1470992 5523940 925581216 434776282 1 6973732 442293046
======================
   8      48 sdd 3352000 126 856305172 7539792 1470992 5523940 925581216 434776282 2 6978735 442302705
======================
   8      48 sdd 3356817 126 857538068 7549445 1470992 5523940 925581216 434776282 2 6983739 442312350
======================
   8      48 sdd 3361633 126 858770964 7559113 1470992 5523940 925581216 434776282 2 6988742 442322009
======================
   8      48 sdd 3366456 126 860005652 7568768 1470992 5523940 925581216 434776282 2 6993746 442331661
======================
   8      48 sdd 3371274 126 861238804 7578435 1470992 5523940 925581216 434776282 2 6998749 442341323
======================
   8      48 sdd 3376070 126 862466580 7588098 1470992 5523940 925581216 434776282 1 7003753 442350979
======================
   8      48 sdd 3380881 126 863698196 7597757 1470992 5523940 925581216 434776282 1 7008756 442360626
======================
   8      48 sdd 3385710 126 864934164 7607415 1470992 5523940 925581216 434776282 2 7013759 442370278
======================
   8      48 sdd 3390528 126 866167572 7617098 1470992 5523940 925581216 434776282 2 7018762 442379954
======================
   8      48 sdd 3395346 126 867400980 7626749 1470992 5523940 925581216 434776282 2 7023766 442389597
======================
   8      48 sdd 3400160 126 868633364 7636426 1470992 5523940 925581216 434776282 1 7028769 442399264
======================
   8      48 sdd 3404955 126 869860628 7646091 1470992 5523940 925581216 434776282 2 7033773 442408925
======================
   8      48 sdd 3409771 126 871093524 7655707 1470992 5523940 925581216 434776282 2 7038776 442418526
======================
   8      48 sdd 3414582 126 872325140 7665383 1470992 5523940 925581216 434776282 2 7043779 442428192
======================
   8      48 sdd 3419400 126 873558292 7675062 1470992 5523940 925581216 434776282 2 7048783 442437865
======================
   8      48 sdd 3424215 126 874790932 7684712 1470992 5523940 925581216 434776282 2 7053786 442447504
======================
   8      48 sdd 3429028 126 876023060 7694359 1470992 5523940 925581216 434776282 2 7058789 442457142
======================
   8      48 sdd 3433853 126 877258260 7704033 1470992 5523940 925581216 434776282 2 7063793 442466806
======================
   8      48 sdd 3438650 126 878486292 7713670 1470992 5523940 925581216 434776282 2 7068796 442476437
======================
   8      48 sdd 3443474 126 879721236 7723324 1470992 5523940 925581216 434776282 2 7073799 442486082
======================
   8      48 sdd 3447889 126 880851180 7732184 1470992 5523940 925581216 434776282 0 7078392 442494935
