======================
   8      16 sdb 3619 0 28916 631797 1045775 3524456 657717896 170077036 33 1738452 170704629
started
======================
   8      16 sdb 3740 0 29884 638087 1046453 3524472 658135936 170114535 0 1739369 170747081
======================
   8      16 sdb 3746 0 29932 639186 1048331 3524481 659315704 170412846 0 1742605 171046484
======================
   8      16 sdb 3750 0 29964 640106 1050220 3524495 660503688 170706719 0 1745570 171341272
======================
   8      16 sdb 3757 0 30020 641265 1052342 3524506 661839096 171018749 0 1748821 171654445
======================
   8      16 sdb 3762 0 30060 642150 1054465 3524518 663174520 171346416 0 1752034 171982990
======================
   8      16 sdb 3766 0 30092 643199 1056353 3524531 664362488 171647567 0 1755009 172285182
======================
   8      16 sdb 3771 0 30132 644001 1058514 3524544 665722488 171997795 0 1758125 172636206
======================
   8      16 sdb 3776 0 30172 645132 1060923 3524558 667238152 172319379 0 1761613 172958907
======================
   8      16 sdb 3781 0 30212 646064 1063002 3524569 668546680 172592325 83 1764673 173251329
======================
   8      16 sdb 3787 0 30260 647444 1064952 3524584 669773704 172847581 131 1767620 173509843
======================
   8      16 sdb 3792 0 30300 648697 1066817 3524596 670946440 173108583 129 1770485 173760572
======================
   8      16 sdb 3796 0 30332 649407 1068739 3524609 672155784 173394490 142 1773414 174061410
======================
   8      16 sdb 3801 0 30372 650362 1070559 3524622 673300872 173637527 1 1776094 174282271
======================
   8      16 sdb 3806 0 30412 651044 1072488 3524633 674513416 173923892 0 1779053 174569263
======================
   8      16 sdb 3811 0 30452 651627 1074636 3524646 675865224 174266351 0 1782291 174912297
======================
   8      16 sdb 3816 0 30492 652916 1076537 3524659 677061384 174537491 0 1785420 175184713
======================
   8      16 sdb 3821 0 30532 654072 1078439 3524671 678257544 174817211 0 1788450 175465576
======================
   8      16 sdb 3826 0 30572 654991 1080535 3524683 679576576 175135844 1 1791741 175785287
======================
   8      16 sdb 3831 0 30612 656278 1082240 3524692 680649816 175422789 0 1794559 176073338
======================
   8      16 sdb 3836 0 30652 657876 1084141 3524704 681845968 175672129 0 1797790 176324266
======================
   8      16 sdb 3841 0 30692 659089 1086042 3524715 683042112 175963246 0 1800738 176616581
======================
   8      16 sdb 3845 0 30724 660098 1087943 3524727 684238264 176233911 0 1803715 176888244
======================
   8      16 sdb 3851 0 30772 661471 1089844 3524738 685434408 176504054 0 1806803 177159748
======================
   8      16 sdb 3856 0 30812 662678 1091992 3524750 686786208 176820748 0 1810184 177477638
======================
   8      16 sdb 3861 0 30852 663966 1093875 3524763 687969840 177055192 142 1812965 177726326
======================
   8      16 sdb 3866 0 30892 665055 1095871 3524776 689226032 177285092 56 1815902 177956752
======================
   8      16 sdb 3871 0 30932 666078 1097723 3524787 690390064 177584219 130 1818832 178266842
======================
   8      16 sdb 3875 0 30964 667190 1099623 3524800 691585584 177831996 56 1821655 178506740
======================
   8      16 sdb 3880 0 31004 668269 1101586 3524813 692820656 178091006 153 1824552 178774462
======================
   8      16 sdb 3885 0 31044 669610 1103338 3524825 693922352 178323561 92 1827487 179005238
======================
   8      16 sdb 3890 0 31084 670940 1105135 3524838 695052848 178606702 0 1830464 179271764
======================
   8      16 sdb 3894 0 31116 671917 1107036 3524851 696249008 178901172 0 1833508 179567186
======================
   8      16 sdb 3900 0 31164 673486 1108936 3524859 697445120 179166223 0 1836731 179833784
======================
   8      16 sdb 3904 0 31196 674601 1110838 3524875 698641312 179466269 0 1839793 180134928
======================
   8      16 sdb 3909 0 31236 675714 1112738 3524883 699837424 179735978 0 1842921 180405742
======================
   8      16 sdb 3914 0 31276 676944 1114639 3524895 701033576 179984858 0 1846052 180655844
======================
   8      16 sdb 3919 0 31316 677992 1116540 3524907 702229728 180292529 0 1849141 180964550
======================
   8      16 sdb 3923 0 31348 678942 1118427 3524917 703416656 180593161 2 1852232 181266746
======================
   8      16 sdb 3928 0 31388 680120 1120331 3524928 704614464 180832016 129 1855035 181528407
======================
   8      16 sdb 3933 0 31428 681778 1121991 3524943 705657696 181067272 138 1857956 181764420
======================
   8      16 sdb 3938 0 31468 682698 1124009 3524956 706927456 181381090 137 1861000 182079144
======================
   8      16 sdb 3943 0 31508 683572 1126055 3524969 708215136 181704899 157 1864016 182403706
======================
   8      16 sdb 3948 0 31548 684643 1128014 3524982 709447648 181963795 1 1867057 182642780
======================
   8      16 sdb 3953 0 31588 685967 1129716 3524993 710519120 182200240 151 1869682 182891428
======================
   8      16 sdb 3957 0 31620 687188 1131541 3525006 711666768 182464603 134 1872653 183168400
======================
   8      16 sdb 3963 0 31668 688329 1133554 3525017 712933568 182740143 148 1875580 183431073
======================
   8      16 sdb 3967 0 31700 689219 1135515 3525029 714166720 183056681 1 1878666 183739960
======================
   8      16 sdb 3972 0 31740 690080 1137598 3525043 715477576 183383269 1 1881850 184067306
======================
   8      16 sdb 3978 0 31788 691340 1139408 3525056 716616392 183699440 0 1885060 184384662
======================
   8      16 sdb 3982 0 31820 692281 1141310 3525066 717812536 184021800 0 1888193 184707952
======================
   8      16 sdb 3987 0 31860 693353 1143406 3525079 719131576 184334185 1 1891558 185021580
======================
   8      16 sdb 3992 0 31900 694686 1145291 3525092 720318352 184631957 68 1894576 185321381
======================
   8      16 sdb 3998 0 31948 695634 1147262 3525103 721556664 184953760 0 1897922 185643227
======================
   8      16 sdb 4002 0 31980 696696 1149162 3525112 722752784 185214744 0 1900989 185905262
======================
   8      16 sdb 4007 0 32020 697978 1151050 3525125 723940752 185503555 0 1904120 186195345
======================
   8      16 sdb 4013 0 32068 699393 1153198 3525137 725292552 185799506 0 1907733 186492804
======================
   8      16 sdb 4017 0 32100 700064 1155064 3525148 726466176 186142502 10 1910831 186839539
======================
   8      16 sdb 4023 0 32148 701364 1157177 3525161 727795968 186425340 133 1913941 187121283
======================
   8      16 sdb 4028 0 32188 702002 1159138 3525174 729029760 186717460 103 1916940 187432638
======================
   8      16 sdb 4034 0 32236 703159 1161211 3525186 730333824 187013367 113 1919985 187731795
======================
   8      16 sdb 4039 0 32276 704047 1163359 3525198 731685496 187321740 143 1923239 188034131
======================
   8      16 sdb 4044 0 32316 705051 1165285 3525211 732897400 187600847 144 1926246 188323320
======================
   8      16 sdb 4049 0 32356 706258 1167249 3525225 734132112 187877745 146 1929187 188591482
======================
   8      16 sdb 4053 0 32388 707115 1169237 3525238 735383184 188179645 6 1932156 188882200
======================
   8      16 sdb 4059 0 32436 708547 1171059 3525252 736528928 188461940 155 1935346 189183746
======================
   8      16 sdb 4063 0 32468 709538 1172915 3525263 737696528 188773001 79 1938200 189478376
======================
   8      16 sdb 4068 0 32508 710688 1174965 3525276 738986768 189103967 33 1941462 189813009
======================
   8      16 sdb 4074 0 32556 712041 1176873 3525289 740187152 189419360 0 1944830 190125188
======================
   8      16 sdb 4079 0 32596 712912 1178983 3525301 741514384 189788393 0 1948212 190495080
======================
   8      16 sdb 4084 0 32636 713983 1180937 3525310 742745192 190114074 120 1951545 190829614
======================
   8      16 sdb 4088 0 32668 715211 1182732 3525323 743873896 190421006 0 1954600 191129962
======================
   8      16 sdb 4093 0 32708 716103 1184607 3525335 745053664 190724400 0 1957704 191434235
======================
   8      16 sdb 4098 0 32748 717129 1186483 3525345 746233424 191016460 0 1960866 191727301
======================
   8      16 sdb 4103 0 32788 718216 1188538 3525358 747526864 191309212 54 1964111 192034155
======================
   8      16 sdb 4108 0 32828 719266 1190298 3525370 748633424 191570260 145 1967144 192304249
======================
   8      16 sdb 4112 0 32860 720269 1192044 3525380 749731264 191865635 67 1969973 192594741
======================
   8      16 sdb 4117 0 32900 721710 1193959 3525392 750936120 192089899 150 1972962 192824069
======================
   8      16 sdb 4122 0 32940 722711 1195742 3525403 752058024 192309056 119 1975610 193044616
======================
   8      16 sdb 4127 0 32980 723447 1197701 3525416 753290792 192670809 147 1978885 193411147
======================
   8      16 sdb 4132 0 33020 724497 1199815 3525428 754619952 192996827 130 1982154 193735154
======================
   8      16 sdb 4136 0 33052 725344 1201696 3525443 755802696 193305278 1 1985260 194024545
======================
   8      16 sdb 4142 0 33100 726582 1203634 3525456 757021648 193609580 136 1988458 194337112
======================
   8      16 sdb 4147 0 33140 727577 1205707 3525467 758326080 193945758 0 1991756 194666949
======================
   8      16 sdb 4151 0 33172 728451 1207525 3525479 759470136 194256527 6 1994730 194978798
======================
   8      16 sdb 4156 0 33212 730148 1208988 3525487 760390664 194477720 0 1997666 195201460
======================
   8      16 sdb 4160 0 33244 731484 1210865 3525500 761570456 194768036 0 2000823 195493097
======================
   8      16 sdb 4165 0 33284 732752 1212765 3525509 762766576 195102308 144 2004201 195832575
======================
   8      16 sdb 4171 0 33332 734572 1214848 3525522 764077424 195355041 0 2007636 196083173
======================
   8      16 sdb 4176 0 33372 735613 1216724 3525533 765257192 195670290 0 2010889 196399458
======================
   8      16 sdb 4180 0 33404 736082 1218657 3525544 766473560 196048024 125 2014459 196801404
======================
   8      16 sdb 4186 0 33452 737577 1220789 3525558 767815264 196370687 76 2018146 197118101
======================
   8      16 sdb 4190 0 33484 738556 1222512 3525571 768899864 196664817 20 2020977 197403056
======================
   8      16 sdb 4195 0 33524 739688 1224556 3525583 770186256 196972296 6 2024148 197707351
======================
   8      16 sdb 4200 0 33564 740865 1226261 3525594 771258752 197213581 20 2026989 197953946
======================
   8      16 sdb 4205 0 33604 741995 1227937 3525606 772313208 197488345 37 2029898 198229174
======================
   8      16 sdb 4209 0 33636 742708 1229906 3525616 773551464 197793595 127 2033150 198553819
======================
   8      16 sdb 4214 0 33676 743678 1231919 3525628 774818272 198125056 144 2036453 198883809
======================
   8      16 sdb 4220 0 33724 744206 1233899 3525631 776064208 198461369 128 2039760 199221181
======================
   8      16 sdb 4224 0 33756 745078 1235865 3525643 777300560 198793850 1 2043004 199532465
======================
   8      16 sdb 4229 0 33796 746330 1237818 3525656 778529488 199122530 0 2046419 199862287
======================
   8      16 sdb 4234 0 33836 747978 1239459 3525667 779561792 199420792 0 2049737 200162184
======================
   8      16 sdb 4239 0 33876 749425 1241334 3525678 780741552 199733645 0 2053097 200476471
======================
   8      16 sdb 4243 0 33908 750367 1243237 3525691 781938992 200088598 129 2056439 200838457
======================
   8      16 sdb 4248 0 33948 751498 1245318 3525704 783248560 200437099 0 2059835 201181965
