======================
   8      48 sdd 3869037 62 113502906 36709449 9540176 14288384 315997288 164173539 0 1758066 200922417
======================
   8      48 sdd 3869090 62 113503330 36709555 9540354 14304544 316109488 164177803 30 1758225 200927843
======================
   8      48 sdd 3869151 62 113503818 36710110 9544742 14413504 317034808 164303371 0 1759974 201052904
======================
   8      48 sdd 3869206 62 113504258 36710407 9574826 14455757 318013560 164867665 0 1764536 201617472
======================
   8      48 sdd 3869206 62 113504258 36710407 9614801 14503415 319093608 165455686 172 1768880 202206467
======================
   8      48 sdd 3869206 62 113504258 36710407 9652083 14547835 320261584 166063265 44 1773277 202822613
======================
   8      48 sdd 3869206 62 113504258 36710407 9686937 14584052 321275864 166726895 148 1777781 203477536
======================
   8      48 sdd 3869206 62 113504258 36710407 9728001 14618859 322424512 167380407 141 1782755 204131815
======================
   8      48 sdd 3869206 62 113504258 36710407 9766883 14652708 323511440 168036309 131 1787729 204787254
======================
   8      48 sdd 3869206 62 113504258 36710407 9805557 14686312 324573616 168670141 140 1792699 205421240
======================
   8      48 sdd 3869206 62 113504258 36710407 9844406 14731907 325701536 169326591 204 1797675 206084884
======================
   8      48 sdd 3869206 62 113504258 36710407 9886039 14768274 326908960 170088759 26 1802674 206843215
======================
   8      48 sdd 3869206 62 113504258 36710407 9922746 14804283 327953152 170727465 129 1807059 207479695
======================
   8      48 sdd 3869206 62 113504258 36710407 9963677 14849995 329084456 171372826 52 1811937 208133578
======================
   8      48 sdd 3869206 62 113504258 36710407 10000402 14884044 330175512 171989232 136 1816905 208742671
======================
   8      48 sdd 3869206 62 113504258 36710407 10040368 14919190 331300768 172615250 257 1821647 209371360
======================
   8      48 sdd 3869206 62 113504258 36710407 10081403 14962594 332502232 173148835 54 1825937 209911129
======================
   8      48 sdd 3869206 62 113504258 36710407 10120820 14990498 333547728 173774085 152 1830584 210524699
======================
   8      48 sdd 3869206 62 113504258 36710407 10162405 15034657 334740192 174407227 213 1835234 211159178
======================
   8      48 sdd 3869211 62 113504298 36710534 10200773 15072058 335902192 175042712 157 1839662 211794193
======================
   8      48 sdd 3869233 62 113504474 36711266 10237716 15115639 337032936 175618763 159 1844177 212371959
======================
   8      48 sdd 3869244 62 113504562 36711421 10277237 15152336 338069584 176239429 122 1849021 212991137
======================
   8      48 sdd 3869248 62 113504594 36711522 10318628 15187663 339275848 176882019 140 1853994 213634493
======================
   8      48 sdd 3869269 62 113504762 36711907 10358174 15224083 340418344 177415805 0 1858206 214167583
======================
   8      48 sdd 3869291 62 113504938 36712211 10395698 15270153 341487296 178008180 158 1862433 214760879
======================
   8      48 sdd 3869300 62 113505010 36712367 10434553 15305516 342633264 178636873 141 1867301 215389485
======================
   8      48 sdd 3869304 62 113505042 36712395 10475299 15341103 343774152 179167280 0 1871443 215919580
======================
   8      48 sdd 3869312 62 113505106 36712545 10512056 15385879 344841064 179738196 133 1876057 216491317
======================
   8      48 sdd 3869315 62 113505130 36712623 10549450 15429123 345944856 180390440 154 1881030 217145118
======================
   8      48 sdd 3869315 62 113505130 36712623 10590385 15464814 347062104 181039838 146 1886007 217796039
======================
   8      48 sdd 3869316 62 113505138 36712664 10629906 15498402 348183784 181683882 37 1890992 218442035
======================
   8      48 sdd 3869316 62 113505138 36712664 10671044 15534263 349374600 182335372 140 1895448 219088245
======================
   8      48 sdd 3869317 62 113505146 36712682 10710575 15570521 350485368 182925844 0 1899825 219678377
======================
   8      48 sdd 3869317 62 113505146 36712682 10750316 15608844 351537440 183509954 131 1904154 220263115
======================
   8      48 sdd 3869320 69 113505226 36712798 10788554 15651539 352735128 184107622 106 1908997 220860524
======================
   8      48 sdd 3869320 69 113505226 36712798 10832563 15697006 353961928 184692853 72 1913598 221453620
======================
   8      48 sdd 3869320 69 113505226 36712798 10868969 15732600 355080696 185376400 49 1918470 222134619
======================
   8      48 sdd 3869320 69 113505226 36712798 10904965 15771542 356064536 186011962 161 1923188 222765913
======================
   8      48 sdd 3869320 69 113505226 36712798 10945812 15806108 357252840 186615012 136 1927953 223368591
======================
   8      48 sdd 3869320 69 113505226 36712798 10986221 15849522 358439552 187256143 151 1932826 224010578
======================
   8      48 sdd 3869329 69 113505298 36713011 11027263 15886175 359581720 187831892 64 1936882 224585350
======================
   8      48 sdd 3869346 69 113505434 36713337 11064333 15931096 360695000 188356273 32 1941098 225119787
======================
   8      48 sdd 3869355 69 113505506 36713567 11106279 15969770 361819560 189020230 146 1946076 225774791
======================
   8      48 sdd 3869363 69 113505570 36713701 11147145 16005391 363053496 189621372 149 1950842 226376759
======================
   8      48 sdd 3869376 69 113505674 36714037 11187317 16050653 364256328 190259691 34 1955693 227019296
======================
   8      48 sdd 3869393 69 113505810 36714394 11224994 16086189 365306384 190814073 150 1960210 227569667
======================
   8      48 sdd 3869401 69 113505874 36714668 11260378 16130357 366434152 191402268 152 1965171 228161491
======================
   8      48 sdd 3869410 69 113505946 36714921 11301730 16158816 367515648 192027139 1 1969735 228782196
======================
   8      48 sdd 3869415 69 113505986 36715016 11342502 16204772 368633800 192555993 150 1973810 229315454
======================
   8      48 sdd 3869416 69 113505994 36715064 11380114 16248494 369812704 193189750 159 1978774 229946879
======================
   8      48 sdd 3869419 69 113506018 36715144 11418052 16282179 370891392 193823526 143 1983751 230579380
======================
   8      48 sdd 3869426 69 113506074 36715282 11455860 16315758 371968432 194442781 129 1988725 231199000
======================
   8      48 sdd 3869428 69 113506090 36715293 11496056 16350938 373150584 195077904 131 1993604 231834415
======================
   8      48 sdd 3869428 69 113506090 36715293 11537419 16397365 374344760 195682658 84 1998206 232447248
======================
   8      48 sdd 3869428 69 113506090 36715293 11574400 16432890 375462192 196281193 130 2002894 233037313
======================
   8      48 sdd 3869428 69 113506090 36715293 11609800 16476982 376557200 196899180 130 2007857 233657609
======================
   8      48 sdd 3869428 69 113506090 36715293 11650031 16512142 377660720 197547200 121 2012837 234311250
======================
   8      48 sdd 3869429 69 113506098 36715321 11688375 16538097 378813760 198205965 151 2017814 234962881
======================
   8      48 sdd 3869429 69 113506098 36715321 11727897 16574068 379995408 198857660 131 2022794 235613982
======================
   8      48 sdd 3869434 69 113506138 36715455 11766678 16603256 381166088 199483603 149 2027681 236239759
======================
   8      48 sdd 3869446 69 113506234 36715868 11806959 16631964 382559464 200097787 0 2032455 236853604
started
======================
   8      48 sdd 3869507 69 113506716 36715934 11824464 16640916 383091880 200324994 0 2034126 237080872
======================
   8      48 sdd 3939914 69 114553044 37180986 11824569 16649029 383157624 200327511 69 2038696 237549018
======================
   8      48 sdd 3980713 69 115564372 37470913 11830506 16665344 383335656 200420405 31 2043691 237932054
======================
   8      48 sdd 4004616 69 116297588 37658999 11843070 16681785 383567704 200512677 66 2047700 238212989
======================
   8      48 sdd 4031994 69 117134876 37904217 11856225 16698223 383917712 200620414 93 2052680 238565742
======================
   8      48 sdd 4056214 69 117878716 38131669 11864112 16717406 384205832 200704108 3 2056693 238877097
======================
   8      48 sdd 4093212 69 119012972 38412654 11864218 16725517 384271568 200708472 62 2061703 239163236
======================
   8      48 sdd 4121310 69 119875076 38628646 11871281 16741866 384458904 200743510 35 2065733 239414732
======================
   8      48 sdd 4158491 69 120950580 38905600 11878270 16750127 384580944 200775088 179 2070728 239723829
======================
   8      48 sdd 4185855 203 121720708 39172424 11879237 16768285 384847176 200833059 20 2074833 240048261
======================
   8      48 sdd 4220713 203 122789220 39451402 11880590 16776255 384996880 200850584 63 2079835 240345338
======================
   8      48 sdd 4252135 203 123755268 39675854 11880627 16779090 385019856 200851117 26 2083842 240570578
======================
   8      48 sdd 4301098 203 124965012 40007687 11880698 16784588 385064408 200852991 14 2088845 240904654
======================
   8      48 sdd 4328407 203 125802996 40234177 11880930 16788419 385210144 200866374 53 2092846 241145290
======================
   8      48 sdd 4362411 203 126848980 40515081 11882787 16801654 385413464 200887060 30 2097848 241447124
======================
   8      48 sdd 4391479 203 127744092 40737402 11882960 16814971 385521384 200892549 73 2101852 241675304
======================
   8      48 sdd 4424584 203 128762820 41014145 11885250 16823156 385605192 200902801 23 2106845 241962526
======================
   8      48 sdd 4451412 203 129589396 41236364 11888140 16826259 385766392 200925793 68 2110847 242209149
======================
   8      48 sdd 4485993 203 130655644 41516176 11893919 16840243 385996576 200959135 56 2115850 242521913
======================
   8      48 sdd 4512483 203 131474236 41744676 11893955 16842891 386018048 200959577 25 2119854 242750770
======================
   8      48 sdd 4551504 203 132675628 42023266 11894061 16851003 386083792 200963148 67 2124849 243033432
======================
   8      48 sdd 4578314 203 133501148 42248764 11897478 16866407 386347584 200998693 70 2128849 243294788
======================
   8      48 sdd 4604925 203 134319052 42473437 11903678 16882747 386607808 201144035 44 2133838 243664684
======================
   8      48 sdd 4628393 203 135042308 42658832 11915348 16899187 386832712 201235457 19 2137839 243941482
======================
   8      48 sdd 4660022 203 136017428 42903257 11928396 16915681 387069088 201330403 78 2142839 244281427
======================
   8      48 sdd 4684658 203 136776044 43111039 11938075 16927981 387358136 201386621 50 2146846 244545642
======================
   8      48 sdd 4715988 203 137740732 43391400 11941308 16942223 387497936 201404945 60 2151849 244844623
======================
   8      48 sdd 4747260 203 138703660 43617398 11941364 16946440 387532120 201405947 94 2155854 245071974
======================
   8      48 sdd 4787268 203 139936156 43897936 11941421 16950828 387567680 201407106 33 2160856 245354383
======================
   8      48 sdd 4809627 203 140623348 44124907 11943483 16964596 387807544 201433510 73 2164867 245609309
======================
   8      48 sdd 4847841 203 141799852 44404988 11943819 16975889 388015632 201446308 49 2169867 245901812
======================
   8      48 sdd 4876731 203 142689988 44617798 11948119 16984090 388115672 201466476 40 2173866 246134674
======================
   8      48 sdd 4909817 203 143709188 44880040 11954188 16999406 388286760 201508415 68 2178866 246440326
======================
   8      48 sdd 4933322 203 144432524 45091987 11964693 17019974 388535328 201578434 147 2182874 246721422
======================
   8      48 sdd 4959418 203 145234188 45365087 11974325 17033876 388910280 201745854 37 2187872 247161964
======================
   8      48 sdd 4989479 203 146160164 45587754 11974393 17039052 388952232 201747293 22 2191903 247386265
======================
   8      48 sdd 5028070 203 147346716 45869798 11974473 17045255 389002496 201749517 86 2196906 247670889
======================
   8      48 sdd 5057480 203 148252796 46086716 11978474 17053490 389100448 201770222 66 2200914 247908977
======================
   8      48 sdd 5089536 203 149239396 46365322 11986532 17070951 389425944 201856069 14 2205915 248273497
======================
   8      48 sdd 5112664 203 149951340 46578850 11991362 17078250 389645768 201891743 24 2209929 248523110
======================
   8      48 sdd 5152174 203 151166364 46861966 11991422 17082799 389682640 201892958 97 2214932 248807867
======================
   8      48 sdd 5179546 203 152009916 47094882 11991494 17088391 389727952 201894761 0 2219139 249042742
======================
   8      48 sdd 5216661 203 153151324 47364071 11991552 17092749 389763280 201895900 71 2223938 249313922
======================
   8      48 sdd 5250972 203 154209292 47617203 11991641 17099534 389818272 201897969 0 2228364 249569345
======================
   8      48 sdd 5281331 203 155162924 47977055 11995162 17117900 390114704 201937408 100 2232954 249970463
======================
   8      48 sdd 5311234 203 156119772 48439479 11995728 17120172 390317720 201962181 0 2237593 250456050
======================
   8      48 sdd 5344093 203 157171020 48871345 11995800 17120177 390360536 201964138 98 2241973 250890717
======================
   8      48 sdd 5376003 203 158191828 49350426 11995802 17120181 390360584 201964139 0 2246823 251369296
======================
   8      48 sdd 5408376 203 159227764 49763716 11995804 17120182 390360608 201964139 100 2250992 251783642
======================
   8      48 sdd 5446270 203 160439988 50258552 11996018 17120184 390491736 201977701 99 2255995 252292779
======================
   8      48 sdd 5472961 203 161293812 50654932 11996139 17120188 390565496 201983657 100 2260009 252695184
======================
   8      48 sdd 5511841 203 162537156 51151374 11996141 17120193 390565552 201983657 100 2265012 253191604
======================
   8      48 sdd 5543035 203 163535004 51547418 11996143 17120194 390565576 201983657 100 2269027 253587816
======================
   8      48 sdd 5579617 203 164705292 52043788 11996145 17120195 390565600 201983658 100 2274030 254084462
======================
   8      48 sdd 5610846 203 165703948 52439287 11996147 17120196 390565624 201983659 100 2278048 254480047
======================
   8      48 sdd 5649004 203 166924692 52933875 11996361 17120198 390696752 201996755 100 2283052 254988515
======================
   8      48 sdd 5675944 203 167786580 53330877 11996677 17120202 390893504 202014555 100 2287067 255403402
======================
   8      48 sdd 5708870 203 168839828 53827056 11996679 17120207 390893560 202014556 99 2292071 255899863
======================
   8      48 sdd 5740078 203 169838292 54223938 11996681 17120208 390893584 202014557 100 2296087 256296826
======================
   8      48 sdd 5778677 203 171073172 54718836 11996683 17120209 390893608 202014558 99 2301090 256793187
======================
   8      48 sdd 5809150 203 172048140 55116082 11996896 17120211 391024736 202028535 98 2305108 257204355
======================
   8      48 sdd 5843479 203 173146596 55613499 11997104 17120215 391154568 202038767 99 2310113 257712555
======================
   8      48 sdd 5874766 203 174146436 56006892 11997106 17120220 391154624 202038767 100 2314128 258106112
======================
   8      48 sdd 5909945 203 175270724 56502192 11997108 17120221 391154648 202038767 93 2319132 258601952
======================
   8      48 sdd 5941204 203 176270556 56897079 11997110 17120222 391154672 202038767 99 2323148 258997226
======================
   8      48 sdd 5980143 203 177516508 57393877 11997112 17120223 391154696 202038767 99 2328152 259494370
======================
   8      48 sdd 6010658 203 178492628 57788826 11997326 17120225 391285824 202052269 100 2332167 259902878
======================
   8      48 sdd 6044680 203 179581164 58283794 11997627 17120229 391473296 202071697 100 2337171 260417471
======================
   8      48 sdd 6075934 203 180580956 58677978 11997629 17120234 391473352 202071698 99 2341186 260811809
======================
   8      48 sdd 6109585 203 181657236 59166443 11997631 17120235 391473376 202071698 99 2346190 261300433
======================
   8      48 sdd 6140837 203 182657012 59562259 11997633 17120236 391473400 202071698 100 2350205 261696338
======================
   8      48 sdd 6179786 203 183902708 60053466 11997635 17120237 391473424 202071698 100 2355208 262187685
======================
   8      48 sdd 6211043 203 184902692 60448733 11997637 17120238 391473448 202071698 100 2359224 262583202
======================
   8      48 sdd 6249968 203 186147908 60942245 11997642 17120240 391473504 202071699 99 2364227 263076789
======================
   8      48 sdd 6276446 203 186995012 61337913 11998241 17120241 391848656 202117315 55 2368242 263519037
======================
   8      48 sdd 6307560 203 187990084 61827888 11998315 17120247 391893384 202119360 99 2373245 264010854
======================
   8      48 sdd 6338812 203 188990028 62224799 11998317 17120251 391893432 202119360 100 2377261 264408147
======================
   8      48 sdd 6377738 203 190235228 62716020 11998319 17120252 391893456 202119361 100 2382265 264899733
======================
   8      48 sdd 6408993 203 191235220 63111518 11998321 17120253 391893480 202119361 100 2386281 265295504
======================
   8      48 sdd 6447153 203 192455980 63605561 11998548 17120255 392032808 202131352 99 2391284 265801877
======================
   8      48 sdd 6477123 203 193414756 64001298 11998757 17120260 392162376 202145038 99 2395307 266211382
======================
   8      48 sdd 6511905 203 194527396 64492783 11998759 17120264 392162424 202145038 100 2400312 266703343
