======================
   8      48 sdd 32058 0 256086 5026211 115744487 34767341 8064563520 97558408 0 33697419 102476738
======================
   8      48 sdd 32068 0 256166 5026525 115745699 34767341 8065327424 97758997 135 33699113 102701456
======================
   8      48 sdd 32074 0 256214 5027539 115747799 34767377 8066641752 98401608 147 33704116 103345846
======================
   8      48 sdd 32079 0 256254 5028627 115749890 34767390 8067957464 99041646 153 33709119 103986577
======================
   8      48 sdd 32085 0 256302 5029929 115751979 34767402 8069272752 99648234 144 33714122 104594975
======================
   8      48 sdd 32090 0 256342 5031389 115754071 34767415 8070588120 100253537 129 33719125 105201188
======================
   8      48 sdd 32095 0 256382 5032369 115756159 34767428 8071902168 100888507 130 33724128 105837219
======================
   8      48 sdd 32101 0 256430 5033613 115758249 34767440 8073216600 101494218 152 33729130 106444077
======================
   8      48 sdd 32106 0 256470 5034742 115760312 34767453 8074515504 102108346 141 33734133 107060393
======================
   8      48 sdd 32111 0 256510 5035869 115762390 34767466 8075823152 102724522 151 33739134 107677290
======================
   8      48 sdd 32117 0 256558 5037231 115764475 34767478 8077135280 103323106 135 33744137 108276814
======================
   8      48 sdd 32122 0 256598 5038351 115766566 34767487 8078450608 103944341 135 33749140 108899706
======================
   8      48 sdd 32127 0 256638 5039603 115768664 34767504 8079770200 104550503 133 33754143 109507388
======================
   8      48 sdd 32133 0 256686 5040829 115770756 34767514 8081087416 105152287 132 33759145 110109505
======================
   8      48 sdd 32138 0 256726 5042152 115772847 34767532 8082401528 105779530 155 33764148 110738462
======================
   8      48 sdd 32143 0 256766 5043330 115774930 34767541 8083712976 106405923 157 33769151 111359752
======================
   8      48 sdd 32149 0 256814 5044582 115777023 34767554 8085029968 107015549 141 33774154 111966717
======================
   8      48 sdd 32154 0 256854 5045912 115779113 34767566 8086344656 107623684 129 33779155 112571047
======================
   8      48 sdd 32159 0 256894 5047327 115781197 34767579 8087656144 108229302 149 33784159 113170947
======================
   8      48 sdd 32165 0 256942 5048254 115783288 34767592 8088973304 108863503 9 33789161 113806648
======================
   8      48 sdd 32170 0 256982 5049365 115785376 34767604 8090286712 109479432 5 33794163 114422374
======================
   8      48 sdd 32175 0 257022 5050491 115787461 34767617 8091598840 110097542 55 33799166 115055551
======================
   8      48 sdd 32181 0 257070 5051476 115789552 34767630 8092914552 110726966 47 33804168 115684096
======================
   8      48 sdd 32186 0 257110 5052678 115791641 34767642 8094228600 111343590 68 33809171 116306556
======================
   8      48 sdd 32191 0 257150 5053955 115793728 34767655 8095542008 111947777 91 33814174 116915398
======================
   8      48 sdd 32197 0 257198 5055223 115795818 34767669 8096857344 112580499 84 33819177 117547917
======================
   8      48 sdd 32202 0 257238 5056464 115797910 34767672 8098172424 113209254 76 33824179 118177128
======================
   8      48 sdd 32208 0 257286 5057977 115799995 34767685 8099484552 113821189 152 33829182 118795055
======================
   8      48 sdd 32213 0 257326 5058860 115802086 34767698 8100800520 114451138 66 33834184 119419233
======================
   8      48 sdd 32218 0 257366 5060182 115804175 34767710 8102114568 115056721 61 33839186 120025453
======================
   8      48 sdd 32224 0 257414 5061691 115806262 34767723 8103427976 115656265 130 33844189 120634027
======================
   8      48 sdd 32229 0 257454 5062596 115808352 34767736 8104743048 116288625 50 33849192 121257047
======================
   8      48 sdd 32234 0 257494 5063989 115810442 34767748 8106057736 116892106 44 33854196 121860750
======================
   8      48 sdd 32239 0 257534 5065383 115812528 34767761 8107370504 117491961 41 33859199 122461265
======================
   8      48 sdd 32245 0 257582 5066727 115814617 34767774 8108685192 118094582 35 33864200 123063696
======================
   8      48 sdd 32251 0 257630 5068116 115816701 34767786 8109996040 118699126 139 33869202 123683228
======================
   8      48 sdd 32255 0 257662 5068973 115818787 34767799 8111308808 119334710 32 33874204 124305296
======================
   8      48 sdd 32261 0 257710 5070098 115820875 34767812 8112622600 119948858 27 33879206 124919026
======================
   8      48 sdd 32267 0 257758 5071543 115822964 34767825 8113936024 120545961 132 33884209 125532818
======================
   8      48 sdd 32272 0 257798 5072521 115825050 34767838 8115248792 121175758 156 33889212 126161177
======================
   8      48 sdd 32278 0 257846 5073840 115827139 34767852 8116563360 121826551 34 33894215 126796368
======================
   8      48 sdd 32283 0 257886 5075000 115829225 34767864 8117876248 122452444 146 33899218 127440733
======================
   8      48 sdd 32287 0 257918 5076063 115831311 34767877 8119189016 123089521 8 33904221 128059818
======================
   8      48 sdd 32293 0 257966 5077548 115833401 34767890 8120504088 123700257 1 33909224 128669834
======================
   8      48 sdd 32299 0 258014 5079107 115835490 34767903 8121818776 124314255 156 33914225 129286765
======================
   8      48 sdd 32304 0 258054 5080189 115837576 34767916 8123131544 124937348 144 33919229 129914916
======================
   8      48 sdd 32310 0 258102 5081625 115839665 34767929 8124446232 125516660 136 33924232 130505696
======================
   8      48 sdd 32315 0 258142 5082894 115841753 34767942 8125760152 126124439 147 33929235 131112471
======================
   8      48 sdd 32320 0 258182 5083854 115843841 34767955 8127074328 126761181 129 33934238 131753382
======================
   8      48 sdd 32326 0 258230 5085032 115845932 34767969 8128389416 127361136 148 33939241 132362270
======================
   8      48 sdd 32331 0 258270 5086226 115848019 34767982 8129702824 127978009 139 33944243 132980589
======================
   8      48 sdd 32336 0 258310 5087579 115850105 34767995 8131015592 128582444 135 33949245 133577549
======================
   8      48 sdd 32342 0 258358 5088905 115852196 34768008 8132331560 129174232 138 33954248 134175375
======================
   8      48 sdd 32347 0 258398 5090173 115854285 34768021 8133645992 129776521 142 33959251 134778412
======================
   8      48 sdd 32352 0 258438 5091185 115856372 34768034 8134959400 130401942 137 33964254 135405409
======================
   8      48 sdd 32358 0 258486 5092535 115858463 34768047 8136274736 131015327 136 33969257 136020174
======================
   8      48 sdd 32363 0 258526 5093695 115860551 34768060 8137588784 131646422 155 33974260 136653945
======================
   8      48 sdd 32368 0 258566 5094859 115862638 34768073 8138902192 132264476 153 33979264 137273432
======================
   8      48 sdd 32374 0 258614 5096215 115864729 34768085 8140217264 132864216 147 33984267 137875263
======================
   8      48 sdd 32379 0 258654 5097604 115866818 34768098 8141531952 133470451 136 33989270 138483576
======================
   8      48 sdd 32384 0 258694 5098683 115868905 34768111 8142845360 134094528 154 33994272 139109305
======================
   8      48 sdd 32390 0 258742 5099930 115870972 34768124 8144144960 134701149 134 33999275 139717829
======================
   8      48 sdd 32395 0 258782 5101323 115873068 34768137 8145463872 135302742 155 34004278 140319844
======================
   8      48 sdd 32400 0 258822 5102594 115875168 34768150 8146785600 135911392 149 34009282 140930079
======================
   8      48 sdd 32406 0 258870 5103541 115877262 34768162 8148102592 136542606 159 34014285 141562123
======================
   8      48 sdd 32411 0 258910 5104929 115879351 34768175 8149417280 137136283 150 34019288 142157406
======================
   8      48 sdd 32416 0 258950 5105901 115881437 34768188 8150730048 137771067 151 34024291 142792908
======================
   8      48 sdd 32422 0 258998 5106931 115883529 34768200 8152046016 138392201 148 34029295 143415338
======================
   8      48 sdd 32427 0 259038 5108190 115885618 34768214 8153360456 139017604 154 34034297 144041720
======================
   8      48 sdd 32432 0 259078 5109380 115887706 34768228 8154673880 139651709 149 34039301 144677090
======================
   8      48 sdd 32438 0 259126 5110630 115889798 34768240 8155989848 140277420 144 34044304 145304141
======================
   8      48 sdd 32443 0 259166 5111816 115891885 34768253 8157303256 140893734 140 34049307 145921954
======================
   8      48 sdd 32448 0 259206 5113069 115893972 34768266 8158616664 141509460 130 34054309 146538311
======================
   8      48 sdd 32454 0 259254 5114397 115896064 34768279 8159931752 142109466 145 34059311 147140064
======================
   8      48 sdd 32459 0 259294 5116045 115898153 34768292 8161246440 142688798 140 34064314 147720838
======================
   8      48 sdd 32464 0 259334 5117108 115900240 34768305 8162559848 143316215 144 34069316 148349530
======================
   8      48 sdd 32470 0 259382 5118330 115902332 34768317 8163875816 143928438 140 34074319 148962852
======================
   8      48 sdd 32475 0 259422 5119483 115904421 34768330 8165190248 144543765 148 34079322 149579245
======================
   8      48 sdd 32480 0 259462 5120621 115906507 34768343 8166503016 145157453 139 34084325 150194194
======================
   8      48 sdd 32486 0 259510 5121794 115908599 34768355 8167818984 145757753 142 34089327 150795371
======================
   8      48 sdd 32491 0 259550 5122895 115910687 34768368 8169133032 146372796 133 34094330 151411771
======================
   8      48 sdd 32496 0 259590 5124017 115912776 34768381 8170447464 146981662 131 34099334 152021170
======================
   8      48 sdd 32502 0 259638 5125067 115914867 34768394 8171762800 147612205 124 34104337 152652443
======================
   8      48 sdd 32507 0 259678 5126326 115916953 34768407 8173075568 148238520 121 34109341 153280717
======================
   8      48 sdd 32512 0 259718 5127522 115919043 34768420 8174390896 148856291 114 34114343 153898601
======================
   8      48 sdd 32518 0 259766 5128709 115921135 34768433 8175706240 149473811 107 34119346 154516901
======================
   8      48 sdd 32523 0 259806 5129929 115923221 34768446 8177018752 150087390 104 34124349 155131574
======================
   8      48 sdd 32528 0 259846 5131333 115925311 34768459 8178334080 150681480 97 34129352 155725830
======================
   8      48 sdd 32534 0 259894 5132284 115927399 34768471 8179647488 151309186 93 34134355 156354676
======================
   8      48 sdd 32539 0 259934 5133413 115929486 34768484 8180960896 151929009 89 34139358 156974886
======================
   8      48 sdd 32544 0 259974 5134521 115931576 34768497 8182276224 152545533 82 34144361 157591508
======================
   8      48 sdd 32550 0 260022 5135520 115933666 34768509 8183590656 153172157 76 34149363 158218171
======================
   8      48 sdd 32556 0 260070 5136769 115935754 34768522 8184904704 153781883 151 34154365 158833536
======================
   8      48 sdd 32560 0 260102 5137852 115937839 34768536 8186216840 154421146 69 34159367 159468053
======================
   8      48 sdd 32567 0 260158 5139220 115939932 34768548 8187533448 155043890 158 34164370 160095876
======================
   8      48 sdd 32572 0 260198 5140387 115942018 34768561 8188846216 155665672 159 34169373 160718582
======================
   8      48 sdd 32576 0 260230 5141617 115944105 34768574 8190160000 156275293 52 34174377 161322610
started
======================
   8      48 sdd 32711 0 261304 5142112 115946074 34768587 8190810088 156520102 140 34176387 161563549
======================
   8      48 sdd 32711 0 261304 5142112 115951128 34768589 8192129816 157241525 145 34181422 162285537
======================
   8      48 sdd 32711 0 261304 5142112 115956145 34768590 8193445680 157958504 154 34186425 163002163
======================
   8      48 sdd 32711 0 261304 5142112 115961193 34768591 8194762304 158675103 132 34191429 163718607
======================
   8      48 sdd 32711 0 261304 5142112 115966225 34768592 8196077656 159392133 158 34196432 164435224
======================
   8      48 sdd 32711 0 261304 5142112 115971271 34768593 8197395064 160109673 138 34201448 165153919
======================
   8      48 sdd 32711 0 261304 5142112 115976310 34768594 8198712024 160826801 157 34206452 165870171
======================
   8      48 sdd 32711 0 261304 5142112 115981348 34768595 8200024560 161542550 145 34211455 166586417
======================
   8      48 sdd 32711 0 261304 5142112 115986375 34768596 8201341376 162259815 144 34216460 167302965
======================
   8      48 sdd 32711 0 261304 5142112 115991389 34768597 8202658240 162975450 155 34221464 168018751
======================
   8      48 sdd 32711 0 261304 5142112 115996421 34768597 8203973080 163690974 148 34226467 168734576
======================
   8      48 sdd 32711 0 261304 5142112 116001461 34768598 8205291008 164408283 134 34231471 169451219
======================
   8      48 sdd 32711 0 261304 5142112 116006511 34768599 8206605336 165122941 142 34236474 170167477
======================
   8      48 sdd 32711 0 261304 5142112 116011560 34768600 8207922224 165840593 151 34241477 170883703
======================
   8      48 sdd 32711 0 261304 5142112 116016606 34768601 8209237832 166556432 131 34246480 171600197
======================
   8      48 sdd 32711 0 261304 5142112 116021665 34768602 8210555296 167272270 130 34251483 172316155
======================
   8      48 sdd 32711 0 261304 5142112 116026660 34768603 8211859160 167989277 129 34256486 173032059
======================
   8      48 sdd 32711 0 261304 5142112 116031712 34768604 8213176640 168705590 135 34261489 173748517
======================
   8      48 sdd 32711 0 261304 5142112 116036801 34768605 8214499648 169421488 136 34266492 174464782
======================
   8      48 sdd 32711 0 261304 5142112 116041841 34768606 8215816536 170138142 154 34271495 175180970
======================
   8      48 sdd 32711 0 261304 5142112 116046886 34768607 8217133672 170854733 135 34276498 175897506
======================
   8      48 sdd 32711 0 261304 5142112 116051941 34768608 8218450024 171570837 138 34281502 176613935
======================
   8      48 sdd 32711 0 261304 5142112 116057004 34768609 8219767424 172287314 133 34286509 177330898
======================
   8      48 sdd 32711 0 261304 5142112 116062058 34768610 8221084944 173004056 137 34291512 178047187
======================
   8      48 sdd 32711 0 261304 5142112 116067113 34768611 8222401232 173720765 140 34296516 178763769
======================
   8      48 sdd 32711 0 261304 5142112 116072158 34768612 8223718376 174437067 153 34301519 179479927
======================
   8      48 sdd 32711 0 261304 5142112 116077199 34768613 8225035512 175152955 138 34306523 180196251
======================
   8      48 sdd 32711 0 261304 5142112 116082248 34768614 8226352136 175869275 146 34311526 180912474
======================
   8      48 sdd 32711 0 261304 5142112 116087316 34768614 8227669336 176570295 134 34316492 181613057
======================
   8      48 sdd 32711 0 261304 5142112 116092379 34768615 8228986152 177286382 154 34321495 182329543
======================
   8      48 sdd 32711 0 261304 5142112 116097458 34768616 8230304216 177976381 153 34326389 183019205
======================
   8      48 sdd 32711 0 261304 5142112 116102490 34768617 8231613128 178693033 147 34331394 183736179
======================
   8      48 sdd 32711 0 261304 5142112 116107534 34768618 8232921536 179387345 157 34336325 184430127
======================
   8      48 sdd 32711 0 261304 5142112 116112587 34768619 8234232280 180100823 147 34341328 185143881
======================
   8      48 sdd 32711 0 261304 5142112 116117686 34768620 8235555104 180798327 153 34346272 185841562
======================
   8      48 sdd 32711 0 261304 5142112 116122791 34768621 8236878664 181496672 141 34351221 186539714
======================
   8      48 sdd 32711 0 261304 5142112 116127855 34768622 8238195280 182204210 131 34356224 187247007
======================
   8      48 sdd 32711 0 261304 5142112 116132908 34768623 8239510648 182903595 131 34361187 187947247
======================
   8      48 sdd 32711 0 261304 5142112 116137996 34768624 8240827648 183616873 157 34366190 188659615
======================
   8      48 sdd 32711 0 261304 5142112 116143073 34768625 8242146056 184306141 135 34371074 189348827
======================
   8      48 sdd 32711 0 261304 5142112 116148133 34768626 8243460896 185010469 154 34376074 190053964
======================
   8      48 sdd 32711 0 261304 5142112 116153203 34768626 8244778288 185713605 145 34381055 190756502
======================
   8      48 sdd 32711 0 261304 5142112 116158296 34768627 8246095432 186379138 136 34385849 191420664
======================
   8      48 sdd 32711 0 261304 5142112 116163374 34768628 8247412064 187077407 158 34390812 192120330
======================
   8      48 sdd 32711 0 261304 5142112 116168435 34768629 8248729208 187782232 158 34395805 192825063
======================
   8      48 sdd 32711 0 261304 5142112 116173519 34768630 8250045072 188480373 157 34400791 193522915
======================
   8      48 sdd 32711 0 261304 5142112 116178567 34768631 8251351208 189110118 136 34405285 194152706
======================
   8      48 sdd 32711 0 261304 5142112 116183264 34768632 8252564416 189673318 158 34409377 194715385
======================
   8      48 sdd 32711 0 261304 5142112 116188335 34768633 8253880536 190388465 145 34414384 195432037
======================
   8      48 sdd 32711 0 261304 5142112 116193386 34768634 8255190280 191084610 0 34419315 196117135
======================
   8      48 sdd 32711 0 261304 5142112 116198499 34768635 8256515336 191753544 148 34424145 196796889
======================
   8      48 sdd 32711 0 261304 5142112 116203597 34768636 8257831432 192409341 142 34428809 197452081
======================
   8      48 sdd 32711 0 261304 5142112 116208659 34768637 8259149352 193112301 158 34433793 198154931
======================
   8      48 sdd 32711 0 261304 5142112 116213731 34768638 8260465376 193817520 155 34438791 198860497
======================
   8      48 sdd 32711 0 261304 5142112 116218669 34768638 8261738248 194430472 150 34443165 199472932
======================
   8      48 sdd 32711 0 261304 5142112 116223726 34768639 8263055472 195119790 130 34448128 200161973
======================
   8      48 sdd 32711 0 261304 5142112 116228807 34768640 8264372616 195827658 139 34453138 200870682
======================
   8      48 sdd 32711 0 261304 5142112 116233890 34768641 8265690208 196507624 157 34458031 201549886
======================
   8      48 sdd 32711 0 261304 5142112 116238803 34768642 8266956192 197119469 141 34462393 202162178
======================
   8      48 sdd 32711 0 261304 5142112 116243877 34768643 8268272856 197835756 157 34467396 202878359
======================
   8      48 sdd 32711 0 261304 5142112 116248934 34768644 8269588288 198538714 159 34472383 203581329
======================
   8      48 sdd 32711 0 261304 5142112 116254019 34768645 8270904408 199215425 132 34477267 204258791
======================
   8      48 sdd 32711 0 261304 5142112 116259109 34768646 8272223400 199908218 135 34482179 204950642
======================
   8      48 sdd 32711 0 261304 5142112 116263647 34768647 8273393208 200515859 133 34486515 205550351
======================
   8      48 sdd 32711 0 261304 5142112 116269061 34768648 8274793608 201198524 143 34491431 206241170
======================
   8      48 sdd 32711 0 261304 5142112 116274044 34768649 8276078184 201819552 147 34495853 206862128
======================
   8      48 sdd 32711 0 261304 5142112 116279080 34768650 8277390808 202526827 153 34500856 207569922
======================
   8      48 sdd 32711 0 261304 5142112 116284113 34768651 8278694800 203200992 141 34505638 208243881
======================
   8      48 sdd 32711 0 261304 5142112 116289212 34768651 8280015352 203900890 142 34510596 208943435
======================
   8      48 sdd 32711 0 261304 5142112 116294234 34768652 8281312448 204518687 140 34515046 209561418
======================
   8      48 sdd 32711 0 261304 5142112 116299320 34768653 8282628616 205222740 132 34520035 210265314
======================
   8      48 sdd 32711 0 261304 5142112 116304275 34768654 8283911392 205892052 130 34524802 210926065
======================
   8      48 sdd 32711 0 261304 5142112 116309473 34768655 8285261048 206594072 155 34529806 211636532
======================
   8      48 sdd 32711 0 261304 5142112 116313842 34768656 8286393528 207130283 136 34533664 212176393
======================
   8      48 sdd 32711 0 261304 5142112 116318912 34768657 8287711320 207825300 139 34538569 212867979
======================
   8      48 sdd 32711 0 261304 5142112 116323996 34768658 8289028648 208525047 149 34543572 213567533
======================
   8      48 sdd 32711 0 261304 5142112 116329082 34768659 8290344056 209208856 134 34548465 214251866
======================
   8      48 sdd 32711 0 261304 5142112 116334167 34768660 8291661168 209917527 85 34553468 214958159
======================
   8      48 sdd 32711 0 261304 5142112 116339193 34768661 8292963088 210521735 143 34557856 215564473
======================
   8      48 sdd 32711 0 261304 5142112 116344277 34768661 8294279048 211189577 136 34562600 216232486
======================
   8      48 sdd 32711 0 261304 5142112 116349370 34768662 8295595680 211856404 156 34567373 216894993
======================
   8      48 sdd 32711 0 261304 5142112 116354459 34768663 8296914616 212555285 153 34572351 217597681
======================
   8      48 sdd 32711 0 261304 5142112 116359539 34768664 8298230056 213222067 149 34577156 218264579
======================
   8      48 sdd 32711 0 261304 5142112 116364619 34768665 8299546544 213936555 149 34582159 218978792
======================
   8      48 sdd 32711 0 261304 5142112 116369470 34768666 8300798576 214534198 153 34586428 219577043
======================
   8      48 sdd 32711 0 261304 5142112 116374521 34768667 8302116456 215225215 159 34591346 220267553
======================
   8      48 sdd 32711 0 261304 5142112 116379623 34768668 8303435176 215928684 153 34596334 220970812
======================
   8      48 sdd 32711 0 261304 5142112 116384703 34768669 8304750440 216611589 144 34601181 221654332
======================
   8      48 sdd 32711 0 261304 5142112 116389770 34768689 8306067016 217314158 132 34606162 222356189
======================
   8      48 sdd 32711 0 261304 5142112 116394871 34768690 8307385464 218004944 158 34611060 223046816
======================
   8      48 sdd 32711 0 261304 5142112 116399948 34768691 8308700304 218671299 138 34615842 223713513
======================
   8      48 sdd 32711 0 261304 5142112 116405017 34768692 8310016424 219368539 128 34620789 224410854
======================
   8      48 sdd 32711 0 261304 5142112 116410089 34768693 8311333800 220060503 134 34625699 225102947
======================
   8      48 sdd 32711 0 261304 5142112 116415152 34768693 8312649408 220772085 159 34630702 225814327
======================
   8      48 sdd 32711 0 261304 5142112 116419889 34768694 8313873368 221355465 138 34634869 226397785
