89.0275	81.7719	7.2556
94.4711	75.1578	19.3133
97.1299	74.8238	22.3061
97.232	74.0815	23.1505
97.5733	74.3933	23.18
97.5968	76.7771	20.8196
96.8306	75.7099	21.1207
97.6485	76.5613	21.0872
96.8362	75.2468	21.5895
97.0938	74.7536	22.3402
97.0967	73.8702	23.2265
96.9452	75.7132	21.232
97.1991	74.2115	22.9876
97.4987	77.9939	19.5048
96.9246	77.7918	19.1328
96.7636	76.0051	20.7585
96.9919	73.635	23.3569
97.044	74.3305	22.7135
97.2454	74.0713	23.1741
96.6911	75.0947	21.5964
97.0938	74.88	22.2138
96.9957	77.4047	19.591
97.0722	73.473	23.5992
96.972	76.6843	20.2877
96.9949	78.9646	18.0303
96.9949	74.8737	22.1212
97.5032	78.1084	19.3947
96.7155	77.0339	19.6817
96.7937	73.8197	22.974
96.9207	75.3155	21.6052
96.5909	74.8485	21.7424
96.5404	73.9646	22.5758
96.8198	78.5462	18.2736
97.6797	74.5271	23.1526
96.6667	72.5758	24.0909
97.5025	75.227	22.2755
96.6894	74.1724	22.5171
96.7652	73.3384	23.4268
96.7669	78.833	17.9338
96.6961	73.8714	22.8247
96.5378	75.6887	20.8491
96.8198	75.4417	21.3781
96.9942	77.7974	19.1968
96.8726	74.8802	21.9924
97.0714	75.183	21.8884
96.8711	76.2554	20.6157
97.021	78.1873	18.8336
96.8442	74.5014	22.3428
97.1486	75.9778	21.1708
97.2741	75.6689	21.6052
96.4881	76.4275	20.0606
97.0952	77.7216	19.3736
97.3014	75.3594	21.942
96.9176	74.6589	22.2587
96.2626	76.5657	19.697
95.6764	75.8534	19.823
96.8166	75.0884	21.7281
97.2748	75.7759	21.4989
96.9429	74.4568	22.4861
96.5116	74.4439	22.0677
96.6641	74.5262	22.138
97.2496	74.0601	23.1895
96.7685	75.486	21.2825
96.6658	74.8926	21.7732
95.7215	73.8734	21.8481
96.4394	75.1263	21.3131
97.6305	75.397	22.2334
96.8174	76.5597	20.2576
96.3581	76.1254	20.2327
96.8174	75.8272	20.9901
96.617	75.7637	20.8533
97.4268	75.0252	22.4016
96.5674	77.8395	18.7279
96.8466	76.11	20.7366
97.3751	74.9117	22.4634
96.6406	77.5196	19.121
96.6179	76.426	20.1918
97.6034	75.6054	21.998
95.9545	75.5247	20.4298
96.7416	74.1349	22.6067
97.6016	74.4004	23.2012
97.3226	75.1452	22.1773
96.7424	74.4192	22.3232
96.1577	72.9019	23.2558
97.5296	74.4139	23.1157
97.0722	75.8203	21.2519
96.8125	74.7534	22.0592
96.5648	73.9076	22.6572
96.6902	76.6549	20.0354
96.9712	75.1388	21.8324
97.401	76.3311	21.0699
96.7408	74.7852	21.9555
97.1479	74.104	23.0439
96.6397	74.4315	22.2082
96.7677	73.5101	23.2576
97.4029	74.0797	23.3232
96.5648	76.1303	20.4345
97.3007	76.1857	21.115
96.4638	75.0189	21.4448
97.4275	74.628	22.7995
97.1731	74.5583	22.6148
96.2841	72.6744	23.6097
97.3239	75.183	22.1409
96.9421	74.9052	22.0369
96.4855	75.3477	21.1378
97.0952	75.0695	22.0258
97.145	74.7347	22.4103
97.0952	73.9328	23.1624
96.6641	74.2987	22.3654
96.7416	75.0947	21.6469
96.845	79.3286	17.5164
96.9207	74.4069	22.5139
96.9712	74.1797	22.7915
97.4495	75.4293	22.0202
96.5866	74.9937	21.5929
96.5631	75.0316	21.5315
97.3485	77.197	20.1515
96.4349	77.9267	18.5082
96.6431	75.6689	20.9743
97.5776	76.3311	21.2465
96.5125	76.8259	19.6866
97.0952	76.8881	20.2071
96.183	77.7806	18.4024
97.07	73.3013	23.7686
97.0952	75.221	21.8742
96.5387	75.2148	21.3239
96.8442	76.4958	20.3484
97.1198	77.0339	20.0859
97.0722	73.5992	23.473
96.6886	76.4661	20.2224
96.665	76.4528	20.2122
97.6281	75.0946	22.5334
96.4655	77.8591	18.6064
96.6423	75.5617	21.0805
97.5788	74.8802	22.6986
97.0692	73.2441	23.8252
96.1587	77.5588	18.5999
96.59	72.8972	23.6929
97.3485	73.0051	24.3434
96.6641	74.9052	21.7589
97.3465	78.9992	18.3472
96.0293	74.3045	21.7248
96.1568	73.5777	22.579
96.6196	78.2795	18.3401
97.5271	75.8769	21.6503
96.4385	75.7262	20.7123
96.7432	76.5463	20.1969
96.8947	76.5211	20.3736
96.0344	75.3978	20.6365
96.6928	73.0624	23.6304
97.4262	75.5236	21.9026
97.119	76.5732	20.5459
96.2551	75.835	20.42
96.7644	73.5339	23.2305
96.4421	74.2872	22.1549
96.9689	75.0947	21.8742
96.0918	74.6596	21.4322
97.1991	77.2142	19.9849
96.6372	74.665	21.9722
97.2482	75.183	22.0651
95.9798	75.1707	20.8091
97.2243	75.8012	21.4232
96.5378	75.4865	21.0513
96.665	74.1031	22.5619
96.7457	76.1857	20.56
96.7921	74.7664	22.0258
97.3505	76.104	21.2465
97.119	76.2446	20.8744
96.7636	73.5019	23.2617
96.5883	74.3998	22.1885
96.7408	75.8717	20.8691
96.6153	74.0591	22.5562
97.3737	74.8232	22.5505
97.0974	75.1136	21.9838
96.4664	75.3912	21.0752
96.7913	75.7453	21.046
96.5187	76.8668	19.6519
96.7945	74.7097	22.0848
96.7628	74.7344	22.0283
97.4016	76.2614	21.1403
97.2741	74.5078	22.7663
96.388	74.0338	22.3541
96.5875	73.9383	22.6491
96.6911	76.5092	20.1819
97.0737	73.5368	23.5368
96.946	73.1449	23.8011
96.8182	76.2374	20.5808
96.7669	74.5138	22.2531
96.5099	74.8103	21.6995
96.665	75.8717	20.7933
96.6153	73.8318	22.7835
97.2755	72.7548	24.5207
96.6389	72.9846	23.6543
97.2229	74.7791	22.4438
97.0455	76.0606	20.9848
96.5107	73.603	22.9077
97.2734	75.587	21.6864
96.5883	75.5118	21.0766
96.6944	74.3124	22.382
96.6692	74.3376	22.3316
97.5794	77.6349	19.9445
95.9302	75.0758	20.8544
96.7669	74.3622	22.4046
97.3253	75.5236	21.8017
96.8924	74.002	22.8903
96.4638	74.9684	21.4953
96.7188	74.0787	22.6401
95.8302	73.8944	21.9358
96.6961	79.1173	17.5788
97.3757	75.2208	22.1549
96.6389	74.1976	22.4412
96.5639	74.3052	22.2587
97.3259	77.1443	20.1816
96.3618	76.0485	20.3133
96.2851	76.5984	19.6866
96.8955	73.6244	23.2711
96.6692	78.6273	18.0419
97.476	76.2746	21.2014
96.4367	75.2085	21.2282
97.5006	76.2939	21.2068
96.8442	75.1073	21.7369
96.5639	76.7559	19.808
96.8394	75.6005	21.2389
96.8932	74.6401	22.2531
96.4881	76.5033	19.9848
96.6431	74.2302	22.4129
97.3764	72.6791	24.6973
96.6145	73.7999	22.8146
96.1295	74.4751	21.6544
96.8655	74.5703	22.2952
96.5648	75.0695	21.4953
96.7408	73.8504	22.8903
97.4767	76.1544	21.3222
96.536	75.3729	21.1631
96.5622	75.4297	21.1325
96.8695	73.4158	23.4537
96.7701	75.0946	21.6755
97.6275	76.8551	20.7723
96.8695	75.6375	21.232
96.3328	75.8725	20.4603
96.4385	74.2612	22.1773
96.7441	74.6593	22.0848
96.8182	73.9141	22.904
96.7693	75.5931	21.1762
96.6683	75.6689	20.9995
96.8182	75.7828	21.0354
97.4779	74.628	22.8499
96.5674	77.1075	19.4599
96.2345	75.0569	21.1777
97.3757	75.5236	21.8521
97.0952	74.2107	22.8846
96.183	74.9242	21.2588
96.5943	75.328	21.2664
96.2121	76.3384	19.8737
96.8434	73.3586	23.4848
97.4016	76.7911	20.6105
96.516	75.8394	20.6766
96.5134	76.3012	20.2122
96.7449	76.432	20.3129
96.9414	74.8736	22.0677
97.2468	75.7262	21.5206
96.9934	75.4169	21.5766
96.6625	76.5613	20.1011
96.5657	74.9747	21.5909
97.3757	77.1638	20.212
96.6641	73.8438	22.8203
96.6683	75.5679	21.1005
96.6919	75.4545	21.2374
96.7172	73.8636	22.8535
97.401	75.1451	22.2559
96.4385	76.8881	19.5504
96.3816	74.2915	22.0901
97.2257	74.855	22.3707
