29914.938
23173.572
22233.733
21704.783
24317.963
22554.681
22205.232
19855.587
19942.308
20406.457
19426.871
19658.812
19413.690
20510.029
19680.948
19111.247
18532.604
20951.800
19953.458
19579.361
20676.893
19904.577
19501.797
19469.460
18631.832
19235.157
19259.025
19024.562
19083.113
19334.012
19158.444
19224.697
19025.216
18558.428
19215.443
19355.209
19599.732
19108.127
18840.438
20086.996
19114.945
18637.152
18849.688
18646.538
18462.792
18701.850
18421.594
19571.932
18828.454
18701.281
18827.360
18774.716
19385.196
18404.989
19040.960
19309.796
18803.680
20177.876
18742.435
18842.200
17479.213
