3299.788
5285.874
5541.892
5538.480
5412.930
4095.332
4939.199
4765.780
5135.539
4929.360
4984.339
4785.563
4763.868
4790.446
5275.061
4857.962
4625.613
5018.641
4866.137
4852.911
5152.371
4985.701
4766.212
5110.762
5202.056
4775.956
5513.370
4653.747
4911.801
4769.630
5273.596
4783.515
4978.656
5523.500
4472.333
5101.524
4785.064
4774.566
4776.199
5513.885
4762.072
4782.598
5165.056
4865.012
5094.386
4761.007
4851.741
5386.027
4839.859
4750.426
4928.997
5281.317
4681.454
4959.287
4769.783
4782.904
5429.149
4891.167
4765.702
4771.552
4889.990
4948.133
4917.746
5088.297
4768.406
5236.999
4716.024
5144.828
4777.906
5323.280
5051.347
4716.704
4855.794
4786.637
4782.808
5418.168
4734.686
4961.542
4775.285
5280.188
4671.368
0.000
