5094.580
8098.895
8424.367
8383.230
8405.735
8952.567
7863.790
8412.936
8761.697
6766.870
5672.418
7662.499
7825.218
7544.692
7691.679
7667.175
7746.866
7784.056
7580.905
7653.279
7959.908
8411.534
7654.892
7857.038
8002.104
7799.963
8210.235
7254.703
8441.206
7676.817
7776.157
7580.254
7671.560
7689.204
8071.799
8366.579
7186.655
7045.259
8508.794
6898.664
7760.434
8152.254
7216.268
8109.254
7746.214
7225.676
7753.636
8015.345
7336.193
7845.985
7544.147
7666.326
7689.151
7666.340
7633.039
8270.172
8131.974
7635.871
8263.041
7313.942
8857.325
7846.282
6902.698
8133.246
7421.668
6879.044
7053.259
7236.501
7799.377
8213.734
7164.587
8078.938
7161.375
7650.355
7719.238
8644.651
6708.295
7694.613
8375.704
8159.832
7091.843
7862.904
7955.396
7438.893
8080.974
8005.556
8636.473
6586.909
7112.347
7953.874
6815.646
7674.180
8140.931
8105.003
6777.235
7842.119
7518.808
7912.103
8058.776
8156.906
6975.107
7304.215
7838.021
7522.456
7693.185
8842.910
6554.187
7858.656
7541.179
7970.104
7412.758
8168.530
8098.031
7758.821
8152.318
6591.306
6366.513
