29.394
25.694
24.595
25.595
25.195
25.395
26.094
26.194
26.295
26.494
26.696
26.396
24.797
26.296
25.496
25.697
26.296
25.195
25.194
26.694
24.695
26.094
25.894
25.395
26.094
25.694
25.394
26.494
25.994
26.395
26.594
25.394
25.594
26.094
25.794
26.094
25.195
26.194
25.095
25.195
26.295
25.495
25.995
25.895
25.994
26.294
26.494
25.994
25.595
26.395
26.295
25.794
26.294
25.195
25.794
25.195
25.895
25.395
26.194
25.495
26.294
25.595
25.795
25.694
25.994
25.595
26.594
26.394
26.194
25.394
26.594
26.194
25.896
25.796
26.096
26.296
25.597
26.596
26.296
25.796
25.796
25.297
27.397
25.896
26.097
25.596
25.896
25.996
26.197
25.397
25.897
25.797
25.097
26.797
25.097
26.897
25.196
25.997
25.897
25.397
25.196
25.596
26.296
25.696
25.897
25.697
24.697
26.096
25.796
25.696
26.096
25.597
25.597
25.697
26.597
25.797
26.096
25.297
25.897
25.597
26.096
26.196
25.997
25.997
25.996
25.596
25.597
25.496
25.395
26.495
26.295
26.795
26.196
25.495
25.895
25.795
25.395
26.295
25.795
26.196
26.296
25.096
26.498
25.497
25.597
27.197
26.597
25.896
26.496
25.795
26.295
25.594
26.395
26.195
25.994
26.095
25.094
26.195
25.495
26.394
25.094
25.996
25.296
25.097
26.096
25.896
25.898
25.797
25.197
26.696
26.197
25.697
25.497
25.096
25.597
22.095
26.295
26.095
26.794
25.894
26.294
26.194
25.895
25.895
26.595
25.596
26.195
25.695
26.094
26.095
25.295
26.694
26.094
26.495
26.096
25.397
25.796
25.596
26.096
26.096
25.496
25.696
25.297
26.196
25.696
25.795
26.094
25.795
25.795
25.595
25.694
26.094
26.095
25.395
26.294
25.895
25.495
25.794
25.695
26.295
25.795
25.395
26.195
25.694
26.594
25.694
25.594
25.795
26.395
25.894
26.294
25.395
25.895
26.095
27.794
27.494
36.392
0.000
