100.4
19.7
18.0
18.8
19.9
21.9
21.1
19.8
21.4
21.0
20.6
20.7
21.3
22.1
20.5
21.8
20.1
21.4
21.1
23.5
20.5
20.7
22.4
20.4
21.6
22.2
21.5
23.5
21.3
21.2
20.8
21.3
21.5
17.7
25.3
21.2
21.6
23.8
21.0
20.5
22.0
21.6
21.8
21.5
22.0
19.7
21.3
22.0
19.7
22.3
23.7
21.5
22.0
20.5
22.7
20.5
22.6
21.9
19.3
21.9
23.5
21.5
21.9
21.2
22.0
20.7
23.4
21.2
22.0
22.0
21.7
22.1
19.7
22.4
21.7
21.6
21.7
21.9
20.0
22.6
21.0
22.5
21.4
21.5
21.8
22.3
21.1
20.8
22.7
22.5
19.3
22.6
22.6
20.5
17.7
27.3
22.4
22.6
19.5
19.5
24.8
22.2
23.0
21.3
19.0
21.2
22.5
12.1
27.5
23.9
23.2
20.2
21.1
12.1
30.0
17.3
31.4
15.3
13.1
33.1
18.2
16.2
11.7
40.2
15.4
27.1
16.0
17.5
29.9
24.9
18.5
13.7
10.7
16.8
11.0
42.0
33.6
10.7
6.8
43.3
