======================
   8      48 sdd 2245467 25211 18165382 950221 27340862 15806406 345178184 62752485 0 1539634 63703607
======================
   8      48 sdd 2245476 25211 18165454 950224 27340862 15806406 345178184 62752485 0 1539637 63703610
======================
   8      48 sdd 2245493 25211 18165590 950393 27425571 15813305 345911048 62911314 0 1541125 63862728
======================
   8      48 sdd 2245505 25211 18165686 950562 27502103 15832504 346676896 63071510 124 1542672 64023145
======================
   8      48 sdd 2245516 25211 18165774 950750 27564811 15850799 347324920 63203330 118 1543978 64155262
======================
   8      48 sdd 2245527 25211 18165862 950937 27655300 15876202 348252056 63393755 107 1545790 64346114
======================
   8      48 sdd 2245538 25211 18165950 951048 27719932 15893200 348905096 63512947 0 1547020 64465402
======================
   8      48 sdd 2245550 25211 18166046 951280 27813333 15917347 349845488 63713128 144 1548893 64666237
======================
   8      48 sdd 2245561 25211 18166134 951431 27870301 15939696 350480016 63822206 0 1550246 64775424
======================
   8      48 sdd 2245572 25211 18166222 951688 27959643 15970070 351437744 64075086 0 1552709 65028517
======================
   8      48 sdd 2245583 25211 18166310 951834 28017957 15992162 352080992 64199090 55 1554047 65152811
======================
   8      48 sdd 2245594 25211 18166398 952034 28105501 16013740 352953968 64482412 0 1556637 65436251
======================
   8      48 sdd 2245605 25211 18166486 952185 28168504 16035744 353634024 64588410 0 1557957 65542375
======================
   8      48 sdd 2245615 25211 18166566 952338 28242785 16065844 354469072 64789138 92 1559730 65743597
======================
   8      48 sdd 2245625 25211 18166646 952484 28327112 16093989 355368848 65000872 0 1561620 65955386
started
======================
   8      48 sdd 2252506 25211 18221688 958078 28351445 16108094 355676352 65084963 5 1562752 66045061
======================
   8      48 sdd 2298161 25211 18586928 991333 28351479 16110603 355696696 65085377 0 1565307 66078710
======================
   8      48 sdd 2308664 25211 18670952 996760 28351542 16115456 355736024 65086687 0 1567204 66085441
======================
   8      48 sdd 2315288 25211 18723944 998575 28351609 16120633 355777976 65088138 1 1568739 66088699
======================
   8      48 sdd 2320728 25211 18767464 1000094 28351684 16126432 355824968 65089921 0 1570256 66091995
======================
   8      48 sdd 2326231 25211 18811488 1001690 28351745 16131098 355862784 65091102 0 1571855 66094769
======================
   8      48 sdd 2330835 25211 18848320 1003126 28362353 16142768 356041008 65210572 0 1573883 66215663
======================
   8      48 sdd 2336029 25211 18889872 1004525 28363551 16146263 356078552 65216636 0 1575337 66223121
======================
   8      48 sdd 2341224 25211 18931432 1006011 28364922 16151525 356131616 65222410 0 1576892 66230378
======================
   8      48 sdd 2346434 25211 18973112 1007475 28364978 16155817 356166400 65223445 1 1578353 66232869
======================
   8      48 sdd 2351240 25211 19011560 1009115 28372485 16165640 356305040 65248108 0 1580048 66259159
======================
   8      48 sdd 2356001 25211 19049648 1011048 28380012 16172080 356416776 65282756 0 1582019 66295726
======================
   8      48 sdd 2361887 25211 19096736 1012716 28380083 16177419 356460056 65284309 0 1583725 66298943
======================
   8      48 sdd 2367431 25211 19141088 1014162 28380149 16182515 356501352 65285744 0 1585170 66301820
======================
   8      48 sdd 2373021 25211 19185808 1015991 28380220 16187841 356544528 65287452 1 1587005 66305353
======================
   8      48 sdd 2378385 25211 19228720 1017878 28390426 16198152 356708664 65334733 0 1588947 66354502
======================
   8      48 sdd 2383495 25211 19269600 1019659 28395841 16204324 356801360 65361107 0 1590780 66382645
======================
   8      48 sdd 2388747 25211 19311616 1021301 28395902 16208983 356839120 65362263 0 1592452 66385437
======================
   8      48 sdd 2395037 25211 19361936 1022993 28395975 16214530 356884080 65364038 1 1594184 66388901
======================
   8      48 sdd 2400832 25211 19408296 1024310 28396046 16219933 356927872 65365710 0 1595519 66391882
======================
   8      48 sdd 2405510 25211 19445720 1025945 28404337 16229386 357069416 65393472 128 1597368 66422673
======================
   8      48 sdd 2411219 25211 19491392 1027539 28406464 16234538 357128056 65420395 0 1599167 66449771
======================
   8      48 sdd 2417147 25211 19538816 1029419 28411371 16241490 357222928 65466419 0 1601094 66497661
======================
   8      48 sdd 2423427 25211 19589056 1031157 28411447 16247271 357269784 65468211 0 1602874 66501189
======================
   8      48 sdd 2429377 25211 19636656 1032521 28411522 16253000 357316216 65469958 1 1604280 66504298
======================
   8      48 sdd 2435301 25211 19684048 1033905 28411592 16258329 357359408 65471588 0 1605702 66507308
======================
   8      48 sdd 2440455 25211 19725280 1036205 28422190 16268737 357527456 65566832 0 1608078 66604834
======================
   8      48 sdd 2446180 25211 19771080 1038206 28427579 16275222 357622448 65610013 0 1610130 66650136
======================
   8      48 sdd 2451842 25211 19816376 1039915 28427650 16280634 357666312 65611563 1 1611874 66653389
======================
   8      48 sdd 2457927 25211 19865056 1041602 28427722 16286102 357710632 65613176 0 1613596 66656682
======================
   8      48 sdd 2464327 25211 19916256 1043224 28427801 16292122 357759424 65615096 0 1615261 66660219
======================
   8      48 sdd 2469480 25211 19957480 1045360 28438164 16302526 357925560 65689653 0 1617476 66737026
======================
   8      48 sdd 2474893 25211 20000784 1047303 28443546 16308545 358016768 65724952 1 1619468 66774257
======================
   8      48 sdd 2480351 25211 20044448 1048873 28443614 16313733 358058816 65726314 0 1621074 66777186
======================
   8      48 sdd 2486070 25211 20090200 1050496 28443681 16318853 358100312 65727685 0 1622730 66780173
======================
   8      48 sdd 2492243 25211 20139584 1052307 28443756 16324590 358146808 65729365 0 1624581 66783660
======================
   8      48 sdd 2497474 25211 20181432 1054253 28454273 16334557 358310680 65786364 0 1626599 66842582
======================
   8      48 sdd 2503188 25211 20227144 1056160 28459327 16340521 358398824 65820853 0 1628554 66878972
======================
   8      48 sdd 2508741 25211 20271568 1057889 28459397 16345828 358441840 65822379 0 1630322 66882226
======================
   8      48 sdd 2514603 25211 20318472 1059593 28459468 16351263 358485888 65823994 1 1632065 66885542
======================
   8      48 sdd 2520024 25211 20361832 1061066 28459534 16356289 358526624 65825333 0 1633571 66888348
======================
   8      48 sdd 2525713 25211 20407344 1063168 28469918 16366117 358688320 65878440 0 1635707 66943538
======================
   8      48 sdd 2530786 25211 20447928 1065056 28474866 16372036 358775256 65910184 0 1637614 66977156
======================
   8      48 sdd 2537034 25211 20497912 1066664 28474934 16377233 358817376 65911678 0 1639258 66980252
======================
   8      48 sdd 2542504 25211 20541672 1068245 28475003 16382500 358860064 65913162 0 1640872 66983311
======================
   8      48 sdd 2548445 25211 20589200 1070031 28475074 16387833 358903296 65914685 0 1642663 66986613
======================
   8      48 sdd 2553730 25211 20631480 1071805 28485295 16398927 359073816 65970009 1 1644648 67043689
======================
   8      48 sdd 2558885 25211 20672720 1073412 28485897 16403614 359116128 65972926 0 1646299 67048207
======================
   8      48 sdd 2564683 25211 20719104 1074865 28486502 16408850 359162856 65976257 1 1647802 67052986
======================
   8      48 sdd 2571060 25211 20770120 1076451 28487115 16414450 359212560 65980088 0 1649414 67058397
======================
   8      48 sdd 2575946 25211 20809208 1078166 28489837 16419331 359273384 65991997 0 1651246 67072016
======================
   8      48 sdd 2581186 25211 20851128 1079874 28500395 16427864 359426112 66034255 0 1653091 67116098
======================
   8      48 sdd 2585475 25211 20885440 1081745 28508360 16435721 359552688 66079711 0 1655042 67163547
======================
   8      48 sdd 2590876 25211 20928648 1083288 28508413 16439675 359584744 66080565 0 1656614 67165940
======================
   8      48 sdd 2595845 25211 20968400 1084457 28508482 16444932 359627352 66081988 0 1657820 67168527
======================
   8      48 sdd 2601218 25211 21011384 1085834 28508537 16449160 359661616 66082945 0 1659198 67170856
======================
   8      48 sdd 2606428 25211 21053064 1087617 28508603 16454142 359702000 66084215 0 1661016 67173905
======================
   8      48 sdd 2611242 25211 21091576 1089290 28518409 16465656 359872560 66129313 0 1662740 67220662
======================
   8      48 sdd 2615874 25211 21128632 1090664 28524441 16471470 359967328 66163118 0 1664412 67255832
======================
   8      48 sdd 2621520 25211 21173800 1092229 28524499 16475890 360003152 66164150 0 1666004 67258424
======================
   8      48 sdd 2626999 25211 21217632 1093586 28524569 16481119 360045544 66165610 1 1667396 67261236
======================
   8      48 sdd 2633068 25211 21266184 1095147 28524639 16486450 360088752 66167182 0 1668993 67264364
======================
   8      48 sdd 2638126 25211 21306648 1097268 28535003 16496922 360255056 66223984 159 1671174 67324018
======================
   8      48 sdd 2643520 25211 21349800 1098934 28535997 16502037 360304312 66232727 0 1672872 67333673
======================
   8      48 sdd 2648158 25211 21386904 1100555 28540390 16507467 360382896 66265492 0 1674542 67368053
======================
   8      48 sdd 2653450 25211 21429240 1102128 28540446 16511674 360417000 66266462 0 1676145 67370592
======================
   8      48 sdd 2659193 25211 21475184 1103616 28540518 16517125 360461184 66268102 0 1677671 67373715
======================
   8      48 sdd 2665282 25211 21523896 1105168 28540591 16522689 360506280 66269897 1 1679234 67377061
======================
   8      48 sdd 2669743 25211 21559584 1107249 28551876 16532356 360673896 66358873 0 1681371 67468233
======================
   8      48 sdd 2675221 25211 21603408 1109096 28555698 16537716 360747352 66398751 0 1683260 67509946
======================
   8      48 sdd 2680544 25211 21645992 1110614 28555766 16542895 360789328 66400124 1 1684814 67512832
======================
   8      48 sdd 2686009 25211 21689712 1112255 28555833 16547902 360829920 66401509 0 1686489 67515853
======================
   8      48 sdd 2690892 25211 21728776 1113525 28555902 16553181 360872704 66402921 0 1687795 67518531
======================
   8      48 sdd 2695654 25211 21766872 1115422 28567032 16562429 361035728 66468153 0 1689742 67585766
======================
   8      48 sdd 2700055 25211 21802080 1117064 28570276 16567786 361104536 66491564 0 1691429 67610813
======================
   8      48 sdd 2705491 25211 21845568 1118605 28570330 16571972 361138456 66492501 0 1692966 67613283
======================
   8      48 sdd 2711157 25211 21890896 1120119 28570400 16577334 361181912 66494002 0 1694516 67616293
======================
   8      48 sdd 2717145 25211 21938800 1121812 28570472 16582798 361226200 66495588 0 1696239 67619560
======================
   8      48 sdd 2721529 25211 21973872 1123433 28581539 16592920 361395712 66558320 0 1697924 67683899
======================
   8      48 sdd 2726561 25211 22014128 1125138 28585986 16597352 361466744 66589538 0 1699668 67716817
======================
   8      48 sdd 2731751 25211 22055648 1126602 28586057 16602786 361510784 66591207 0 1701172 67719948
======================
   8      48 sdd 2737198 25211 22099224 1128085 28586117 16607302 361547392 66592343 0 1702685 67722562
======================
   8      48 sdd 2743202 25211 22147256 1129678 28586188 16612734 361591416 66594020 0 1704311 67725824
======================
   8      48 sdd 2748722 25211 22191416 1131634 28597093 16622457 361756440 66656552 1 1706325 67790292
======================
   8      48 sdd 2753732 25211 22231496 1132859 28597166 16628038 361801672 66658324 0 1707592 67793285
======================
   8      48 sdd 2759064 25211 22274152 1134242 28597224 16632351 361836640 66659387 0 1709002 67795723
======================
   8      48 sdd 2763417 25211 22308976 1135820 28597287 16637169 361875688 66660690 0 1710612 67798599
======================
   8      48 sdd 2768007 25211 22345696 1137557 28608323 16645729 362032456 66711922 1 1712365 67851679
======================
   8      48 sdd 2772627 25211 22382656 1138915 28608389 16650745 362073112 66713273 0 1713758 67854383
======================
   8      48 sdd 2778051 25211 22426048 1140455 28608446 16655060 362108088 66714260 0 1715322 67856900
======================
   8      48 sdd 2784335 25211 22476320 1141979 28608521 16660804 362154640 66715953 0 1716885 67860112
======================
   8      48 sdd 2794482 25211 22557496 1150481 28619837 16671255 362328776 66827567 0 1719232 67980214
======================
   8      48 sdd 2803027 25211 22625856 1154750 28619897 16675253 362361240 66828415 0 1720831 67985329
======================
   8      48 sdd 2808610 25211 22670520 1156222 28619967 16680366 362402704 66829796 0 1722340 67988179
======================
   8      48 sdd 2813515 25211 22709760 1157611 28620045 16685705 362446040 66831276 0 1723765 67991044
======================
   8      48 sdd 2818353 25211 22748464 1158957 28623622 16689791 362507344 66845746 0 1725241 68006854
======================
   8      48 sdd 2823795 25211 22792000 1160802 28634181 16699716 362671216 66894557 1 1727253 68057490
======================
   8      48 sdd 2828939 25211 22833152 1162599 28641933 16706236 362785392 66952295 1 1729140 68117014
======================
   8      48 sdd 2834928 25211 22881064 1164287 28641996 16711045 362824368 66953527 0 1730858 68119928
======================
   8      48 sdd 2840631 25211 22926688 1165693 28642067 16716470 362868336 66955096 0 1732296 68122894
======================
   8      48 sdd 2845732 25211 22967496 1167089 28642140 16722019 362913312 66956750 0 1733730 68125940
======================
   8      48 sdd 2850700 25211 23007240 1168864 28653443 16732301 363085992 67016217 1 1735556 68187297
======================
   8      48 sdd 2855488 25211 23045544 1170160 28657050 16737520 363156448 67031723 142 1736995 68204702
======================
   8      48 sdd 2860984 25211 23089512 1171597 28658062 16741807 363198992 67048070 0 1738575 68221858
======================
   8      48 sdd 2865688 25211 23127144 1172948 28658130 16746988 363240984 67049474 0 1739958 68224606
======================
   8      48 sdd 2871069 25211 23170192 1174526 28658186 16751227 363275344 67050465 1 1741534 68227170
======================
   8      48 sdd 2876871 25211 23216608 1175972 28658258 16756728 363319928 67052002 1 1743017 68230147
======================
   8      48 sdd 2882513 25211 23261744 1177708 28661159 16762144 363386464 67065185 1 1744881 68245060
======================
   8      48 sdd 2888100 25211 23306440 1179611 28671476 16772073 363548432 67107367 1 1746859 68289128
======================
   8      48 sdd 2893294 25211 23347992 1181431 28677062 16778135 363641616 67174709 1 1748730 68358275
======================
   8      48 sdd 2899116 25211 23394568 1183042 28677134 16783629 363686144 67176380 1 1750376 68361549
======================
   8      48 sdd 2904759 25211 23439712 1184518 28677202 16788830 363728296 67177838 0 1751884 68364476
======================
   8      48 sdd 2909624 25211 23478632 1185916 28677272 16794147 363771392 67179362 0 1753320 68367395
======================
   8      48 sdd 2914944 25211 23521192 1187402 28680542 16798539 363832688 67193559 0 1754935 68383071
======================
   8      48 sdd 2919450 25211 23557240 1189023 28690880 16807798 363989464 67244697 0 1756632 68435818
======================
   8      48 sdd 2924681 25211 23599088 1190915 28696024 16813392 364075368 67301223 0 1758538 68494229
======================
   8      48 sdd 2930204 25211 23643272 1192407 28696092 16818541 364117104 67302644 0 1760064 68497137
======================
   8      48 sdd 2936197 25211 23691216 1194017 28696166 16824145 364162528 67304299 0 1761712 68500397
======================
   8      48 sdd 2941729 25211 23735472 1195528 28696236 16829417 364205264 67305796 0 1763258 68503400
======================
   8      48 sdd 2947540 25211 23781960 1197237 28698947 16834914 364270928 67319114 1 1765087 68518418
======================
   8      48 sdd 2953154 25211 23826872 1199199 28709235 16844559 364430392 67369599 0 1767128 68570851
======================
   8      48 sdd 2958533 25211 23869904 1201104 28714887 16850927 364526552 67418125 0 1769082 68621262
======================
   8      48 sdd 2964054 25211 23914072 1202615 28714956 16856186 364569176 67419592 0 1770625 68624231
======================
   8      48 sdd 2969591 25211 23958368 1204106 28715023 16861260 364610304 67420922 0 1772146 68627041
======================
   8      48 sdd 2975213 25211 24003344 1205560 28715092 16866457 364652432 67422315 0 1773637 68629883
======================
   8      48 sdd 2980173 25211 24043024 1207391 28726189 16876267 364819688 67483136 0 1775526 68692515
======================
   8      48 sdd 2984830 25211 24080280 1208986 28730347 16881848 364897600 67519279 0 1777169 68730244
======================
   8      48 sdd 2990769 25211 24127792 1210402 28730408 16886459 364934976 67520437 0 1778618 68732813
======================
   8      48 sdd 2995602 25211 24166456 1211845 28730480 16891976 364979688 67521965 0 1780098 68735779
======================
   8      48 sdd 3001092 25211 24210376 1213339 28730537 16896315 365014856 67522960 0 1781619 68738262
======================
   8      48 sdd 3006463 25211 24253344 1215358 28741464 16905930 365179192 67572832 1 1783675 68790266
======================
   8      48 sdd 3012004 25211 24297680 1217093 28741534 16911253 365222336 67574390 1 1785447 68793556
======================
   8      48 sdd 3017883 25211 24344704 1218497 28741606 16916744 365266840 67576005 1 1786889 68796572
======================
   8      48 sdd 3023704 25211 24391272 1219935 28741676 16922061 365309936 67577541 0 1788360 68799538
======================
   8      48 sdd 3028800 25211 24432040 1221777 28744962 16927039 365376048 67592173 0 1790337 68816005
======================
   8      48 sdd 3034021 25211 24473808 1223393 28754810 16936564 365531032 67645029 0 1792134 68870467
======================
   8      48 sdd 3039686 25211 24519128 1225117 28755635 16941473 365576904 67648726 0 1793906 68875877
======================
   8      48 sdd 3045260 25211 24563720 1226756 28756463 16946764 365625856 67652731 0 1795604 68881518
======================
   8      48 sdd 3050940 25211 24609160 1228172 28757230 16952060 365674360 67656591 0 1797071 68886785
======================
   8      48 sdd 3055829 25211 24648272 1229638 28768585 16962493 365848664 67772294 1 1799043 69003935
======================
   8      48 sdd 3061262 25211 24691736 1231377 28769623 16966697 365890600 67776818 0 1800835 69010191
======================
   8      48 sdd 3066930 25211 24737080 1232966 28770737 16972032 365942192 67781920 0 1802487 69016874
======================
   8      48 sdd 3071707 25211 24775296 1234309 28771803 16977266 365992592 67786711 0 1803889 69022999
======================
   8      48 sdd 3076551 25211 24814048 1236030 28782306 16986158 366147752 67832262 0 1805687 69070382
======================
   8      48 sdd 3082093 25211 24858384 1238078 28788516 16992515 366248288 67893312 1 1807807 69133471
======================
   8      48 sdd 3087954 25211 24905272 1239473 28788582 16997494 366288648 67894706 0 1809232 69136249
======================
   8      48 sdd 3093511 25211 24949728 1241058 28788651 17002721 366331016 67896235 1 1810851 69139357
======================
   8      48 sdd 3099191 25211 24995168 1242553 28788718 17007809 366372256 67897667 0 1812383 69142282
======================
   8      48 sdd 3104297 25211 25036016 1244143 28796896 17016536 366507032 67927929 146 1814055 69175723
======================
   8      48 sdd 3109507 25211 25077696 1245760 28800304 17023578 366591096 67958104 0 1815689 69205908
======================
   8      48 sdd 3115603 25211 25126464 1247331 28800379 17029193 366636616 67959891 1 1817299 69209262
======================
   8      48 sdd 3121526 25211 25173848 1248849 28800451 17034698 366681232 67961587 0 1818858 69212471
======================
   8      48 sdd 3126699 25211 25215232 1250798 28800514 17039446 366719720 67962787 1 1820839 69215615
======================
   8      48 sdd 3132045 25211 25258000 1252736 28812050 17050216 366898168 68016129 0 1822835 69270879
======================
   8      48 sdd 3136320 25211 25292200 1254293 28812116 17055257 366939024 68017504 0 1824425 69273806
======================
   8      48 sdd 3141943 25211 25337184 1255932 28812173 17059565 366973944 68018535 1 1826092 69276471
======================
   8      48 sdd 3146645 25211 25374800 1257106 28812242 17064763 367016080 68020002 0 1827306 69279110
======================
   8      48 sdd 3151536 25211 25413928 1258987 28823533 17074070 367180864 68084482 1 1829200 69345453
======================
   8      48 sdd 3157289 25211 25459952 1260835 28823601 17079217 367222584 68085928 0 1831083 69348742
======================
   8      48 sdd 3162972 25211 25505416 1262345 28823671 17084556 367265856 68087421 0 1832628 69351738
======================
   8      48 sdd 3168777 25211 25551856 1263978 28823743 17089990 367309904 68089041 1 1834294 69354982
======================
   8      48 sdd 3174169 25211 25594992 1265618 28826380 17095250 367373080 68101177 1 1836051 69368753
======================
   8      48 sdd 3180048 25211 25642024 1267171 28829900 17100565 367443760 68122362 1 1837783 69391476
======================
   8      48 sdd 3185386 25211 25684728 1269028 28839985 17109341 367594648 68165136 1 1839708 69436086
======================
   8      48 sdd 3190693 25211 25727184 1270896 28845300 17116450 367694040 68214503 1 1841622 69487314
======================
   8      48 sdd 3196611 25211 25774528 1272539 28845372 17121952 367738632 68216123 0 1843303 69490571
======================
   8      48 sdd 3202042 25211 25817976 1273901 28845438 17127008 367779608 68217479 0 1844701 69493285
======================
   8      48 sdd 3207618 25211 25862584 1275382 28845503 17131932 367819520 68218791 1 1846219 69496077
======================
   8      48 sdd 3211964 25211 25897352 1276593 28848880 17137464 367890792 68242518 0 1847645 69521007
======================
   8      48 sdd 3217557 25211 25942096 1278173 28852738 17141459 367953616 68265815 1 1849411 69545873
======================
   8      48 sdd 3222744 25211 25983592 1279939 28861974 17150236 368097720 68302257 0 1851238 69584193
======================
   8      48 sdd 3228308 25211 26028104 1281783 28867797 17156431 368193864 68324059 0 1853122 69607822
======================
   8      48 sdd 3232709 25211 26063312 1283116 28867867 17161750 368236976 68325591 0 1854491 69610681
======================
   8      48 sdd 3238401 25211 26108848 1284649 28867924 17166104 368272264 68326651 1 1856024 69613270
======================
   8      48 sdd 3244346 25211 26156408 1286146 28867998 17171694 368317576 68328295 1 1857560 69616408
======================
   8      48 sdd 3249410 25211 26196920 1287686 28871312 17176919 368385888 68367147 1 1859416 69656792
======================
   8      48 sdd 3253409 25211 26228912 1289209 28881713 17185921 368541112 68414001 0 1861004 69705156
======================
   8      48 sdd 3258528 25211 26269864 1290933 28886507 17190502 368616112 68431365 0 1862734 69724232
======================
   8      48 sdd 3264613 25211 26318544 1292639 28886580 17195977 368660496 68432892 0 1864482 69727464
======================
   8      48 sdd 3270418 25211 26364984 1294200 28886652 17201445 368704816 68434502 1 1866079 69730629
======================
   8      48 sdd 3275580 25211 26406280 1295622 28886728 17207247 368751840 68436331 0 1867534 69733871
======================
   8      48 sdd 3280158 25211 26442904 1297554 28898080 17216180 368914120 68520009 1 1869519 69819466
======================
   8      48 sdd 3284477 25211 26477456 1298915 28898146 17221178 368954632 68521353 0 1870916 69822167
======================
   8      48 sdd 3289801 25211 26520048 1300315 28898198 17225143 368986768 68522200 0 1872312 69824405
======================
   8      48 sdd 3295272 25211 26563816 1302242 28906596 17232405 369112048 68559153 0 1874293 69863267
======================
   8      48 sdd 3300909 25211 26608912 1304019 28906664 17237616 369154280 68560571 0 1876103 69866454
======================
   8      48 sdd 3306738 25211 26655544 1305491 28906734 17242881 369196960 68562143 0 1877611 69869494
======================
   8      48 sdd 3312674 25211 26703032 1307012 28906808 17248536 369242792 68563851 0 1879171 69872717
======================
   8      48 sdd 3315745 25211 26727600 1308222 28906867 17253111 369279864 68564953 0 1880412 69875025
