======================
   8      48 sdd 3769 0 30116 384934 1060854 4733685 667514712 221525380 0 1971218 221904689
started
======================
   8      48 sdd 3777 0 30180 385019 1061532 4733701 667932752 221558507 0 1971595 221937898
======================
   8      48 sdd 3783 0 30228 385730 1063616 4733711 669242448 221954245 2 1975285 222334826
======================
   8      48 sdd 3788 0 30268 386426 1065704 4733726 670555760 222543381 39 1980191 222931847
======================
   8      48 sdd 3794 0 30316 387427 1067793 4733739 671869808 223108455 33 1985114 223491573
======================
   8      48 sdd 3799 0 30356 388168 1069857 4733751 673167984 223603058 0 1989597 223985552
======================
   8      48 sdd 3805 0 30404 389057 1071973 4733764 674499696 224162637 158 1994450 224556229
======================
   8      48 sdd 3810 0 30444 389785 1073997 4733777 675773296 224655961 0 1998818 225040054
======================
   8      48 sdd 3816 0 30492 391081 1076150 4733790 677127800 225180701 139 2003688 225577458
======================
   8      48 sdd 3821 0 30532 391864 1078231 4733801 678437352 225614538 128 2007684 226024649
======================
   8      48 sdd 3827 0 30580 392964 1080317 4733814 679750120 226118209 148 2012410 226524650
======================
   8      48 sdd 3832 0 30620 393587 1082360 4733826 681034984 226542300 139 2016091 226950784
======================
   8      48 sdd 3837 0 30660 394571 1084447 4733839 682348392 227082081 154 2020923 227482351
======================
   8      48 sdd 3843 0 30708 395886 1086514 4733853 683649264 227463656 135 2024607 227861869
======================
   8      48 sdd 3847 0 30740 396445 1088455 4733865 684869240 227869507 128 2028400 228284104
======================
   8      48 sdd 3852 0 30780 397125 1090536 4733876 686178792 228356426 130 2033015 228772459
======================
   8      48 sdd 3858 0 30828 397683 1092620 4733889 687490280 228840520 103 2037587 229253692
======================
   8      48 sdd 3863 0 30868 398499 1094710 4733901 688804968 229308542 97 2042039 229721427
======================
   8      48 sdd 3868 0 30908 399283 1096791 4733914 690114536 229823960 99 2046781 230240063
======================
   8      48 sdd 3874 0 30956 400305 1098764 4733927 691356008 230249085 0 2050596 230643541
======================
   8      48 sdd 3879 0 30996 401023 1100822 4733939 692650472 230637186 0 2054097 231032339
======================
   8      48 sdd 3884 0 31036 402055 1102879 4733952 693944936 231063504 0 2058128 231459676
======================
   8      48 sdd 3890 0 31084 402799 1105014 4733965 695288552 231548330 143 2062595 231956467
======================
   8      48 sdd 3895 0 31124 403599 1106992 4733974 696533824 232076370 0 2067264 232474060
======================
   8      48 sdd 3900 0 31164 404402 1109051 4733990 697828328 232487145 0 2070968 232885628
======================
   8      48 sdd 3905 0 31204 405207 1110900 4734001 698991704 232872598 0 2074376 233271876
======================
   8      48 sdd 3910 0 31244 405994 1112959 4734014 700286184 233279802 0 2078054 233679855
======================
   8      48 sdd 3915 0 31284 406825 1115016 4734027 701580648 233684715 0 2081815 234085586
======================
   8      48 sdd 3921 0 31332 407998 1116886 4734038 702757464 234042751 152 2085207 234445866
======================
   8      48 sdd 3925 0 31364 408489 1118914 4734051 704033624 234453997 35 2088957 234866997
======================
   8      48 sdd 3930 0 31404 409328 1120742 4734064 705183832 234823332 146 2092193 235251568
======================
   8      48 sdd 3935 0 31444 410261 1122829 4734075 706496968 235340430 152 2096932 235769038
======================
   8      48 sdd 3941 0 31492 411043 1124889 4734090 707793368 235742112 157 2100570 236171261
======================
   8      48 sdd 3946 0 31532 411924 1126872 4734103 709041240 236172720 146 2104311 236583616
======================
   8      48 sdd 3951 0 31572 412795 1128944 4734116 710345304 236605372 143 2108534 237019011
======================
   8      48 sdd 3957 0 31620 413822 1131033 4734129 711659736 237075390 157 2112993 237484101
======================
   8      48 sdd 3962 0 31660 414625 1133113 4734142 712968664 237500030 104 2117011 237908913
======================
   8      48 sdd 3966 0 31692 415032 1135166 4734155 714260824 237914966 31 2120946 238333398
======================
   8      48 sdd 3972 0 31740 415896 1137255 4734169 715574632 238346305 26 2125194 238764254
======================
   8      48 sdd 3977 0 31780 416707 1139331 4734182 716881256 238784324 33 2129306 239204972
======================
   8      48 sdd 3983 0 31828 417678 1141327 4734195 718137192 239164152 119 2133039 239600232
======================
   8      48 sdd 3988 0 31868 418395 1143417 4734208 719452520 239734891 113 2137948 240170659
======================
   8      48 sdd 3993 0 31908 419287 1145449 4734221 720731240 240122678 143 2141699 240552568
======================
   8      48 sdd 3998 0 31948 420127 1147531 4734234 722041448 240589882 86 2146124 241024109
======================
   8      48 sdd 4004 0 31996 421107 1149625 4734247 723359080 241104827 62 2150821 241535616
======================
   8      48 sdd 4009 0 32036 422031 1151536 4734260 724561512 241530275 0 2154680 241946120
======================
   8      48 sdd 4014 0 32076 422843 1153593 4734273 725855976 241942245 0 2158520 242358890
======================
   8      48 sdd 4020 0 32124 423889 1155624 4734286 727134056 242386685 0 2162560 242804366
======================
   8      48 sdd 4024 0 32156 424685 1157655 4734299 728412136 242807998 0 2166546 243226458
======================
   8      48 sdd 4029 0 32196 425395 1159699 4734312 729698408 243224975 0 2170367 243644134
======================
   8      48 sdd 4035 0 32244 426261 1161768 4734322 731001032 243716647 0 2174881 244136653
======================
   8      48 sdd 4040 0 32284 427168 1163839 4734335 732303696 244181579 0 2179418 244602476
======================
   8      48 sdd 4045 0 32324 427815 1165909 4734348 733606352 244638760 0 2183539 245060289
======================
   8      48 sdd 4051 0 32372 428767 1167979 4734361 734909008 245075561 0 2187890 245498030
======================
   8      48 sdd 4056 0 32412 429348 1169828 4734373 736072392 245482100 0 2191401 245905143
======================
   8      48 sdd 4061 0 32452 430092 1171898 4734385 737375040 245879396 0 2195155 246303166
======================
   8      48 sdd 4067 0 32500 430961 1173953 4734397 738668344 246277120 15 2198949 246703066
======================
   8      48 sdd 4071 0 32532 431636 1175923 4734410 739907896 246669919 77 2202659 247114234
======================
   8      48 sdd 4076 0 32572 432469 1177886 4734422 741142584 247065233 148 2206337 247516228
======================
   8      48 sdd 4082 0 32620 433697 1179941 4734435 742435768 247464349 152 2210187 247916610
======================
   8      48 sdd 4087 0 32660 434276 1182025 4734448 743747256 247940811 144 2214538 248393375
======================
   8      48 sdd 4092 0 32700 435146 1184109 4734460 745058104 248433798 133 2219199 248888071
======================
   8      48 sdd 4098 0 32748 436193 1186194 4734473 746370232 248953431 159 2223821 249408199
======================
   8      48 sdd 4103 0 32788 437041 1188274 4734490 747677296 249354263 128 2227597 249808889
======================
   8      48 sdd 4108 0 32828 437931 1190335 4734499 748974920 249808756 148 2231985 250265630
======================
   8      48 sdd 4114 0 32876 438566 1192415 4734516 750283248 250313391 131 2236700 250769944
======================
   8      48 sdd 4119 0 32916 439622 1194425 4734526 751547488 250697484 148 2240228 251153944
======================
   8      48 sdd 4124 0 32956 440176 1196512 4734539 752860896 251134564 131 2244159 251592562
======================
   8      48 sdd 4130 0 33004 441336 1198595 4734554 754171760 251571033 131 2248078 252030036
======================
   8      48 sdd 4135 0 33044 442054 1200685 4734564 755486432 252062231 156 2252533 252511050
======================
   8      48 sdd 4140 0 33084 443019 1202643 4734579 756718320 252465914 0 2256209 252902449
======================
   8      48 sdd 4145 0 33124 443886 1204701 4734593 758012800 252864606 1 2259902 253302006
======================
   8      48 sdd 4150 0 33164 444764 1206707 4734605 759274496 253276147 0 2263792 253714394
======================
   8      48 sdd 4155 0 33204 445509 1208738 4734618 760552576 253678328 0 2267462 254117315
======================
   8      48 sdd 4161 0 33252 446575 1210769 4734630 761830648 254062630 0 2271059 254502673
======================
   8      48 sdd 4166 0 33292 447290 1212802 4734641 763108728 254464665 0 2274795 254905416
======================
   8      48 sdd 4171 0 33332 447870 1214846 4734654 764395000 254921726 0 2279056 255363036
======================
   8      48 sdd 4177 0 33380 448548 1216916 4734667 765697656 255348278 0 2283125 255790253
======================
   8      48 sdd 4182 0 33420 449330 1218985 4734676 767000272 255817664 0 2287586 256260415
======================
   8      48 sdd 4187 0 33460 449924 1221056 4734688 768302928 256262431 0 2291698 256705761
======================
   8      48 sdd 4193 0 33508 450629 1223218 4734701 769663568 256676737 77 2295813 257139909
======================
   8      48 sdd 4198 0 33548 451388 1225265 4734714 770951888 257073661 87 2299481 257539314
======================
   8      48 sdd 4203 0 33588 452035 1227280 4734726 772219088 257489313 104 2303165 257954830
======================
   8      48 sdd 4208 0 33628 452992 1229285 4734739 773480784 257850779 1 2306801 258297134
======================
   8      48 sdd 4213 0 33668 453530 1231237 4734752 774709328 258223451 132 2310387 258694868
======================
   8      48 sdd 4218 0 33708 454158 1233317 4734764 776017616 258646475 136 2314291 259119303
======================
   8      48 sdd 4223 0 33748 455003 1235351 4734777 777297616 259035108 141 2317974 259508325
======================
   8      48 sdd 4229 0 33796 455732 1237330 4734791 778542936 259422544 133 2321666 259896279
======================
   8      48 sdd 4234 0 33836 456324 1239417 4734803 779854816 259876398 129 2325975 260350293
======================
   8      48 sdd 4239 0 33876 457278 1241498 4734815 781164632 260332010 137 2330226 260807435
======================
   8      48 sdd 4245 0 33924 457985 1243584 4734828 782477784 260781767 154 2334576 261257635
======================
   8      48 sdd 4250 0 33964 458661 1245664 4734841 783785696 261235986 141 2338760 261712620
======================
   8      48 sdd 4255 0 34004 459442 1247718 4734856 785077496 261593842 133 2342178 262070583
======================
   8      48 sdd 4261 0 34052 460361 1249791 4734868 786381432 262025923 5 2346058 262481099
======================
   8      48 sdd 4266 0 34092 461437 1251840 4734881 787670776 262462873 0 2350194 262917515
======================
   8      48 sdd 4271 0 34132 462460 1253886 4734894 788958456 262865887 24 2353876 263323999
======================
   8      48 sdd 4277 0 34180 463334 1255965 4734906 790266104 263295879 16 2357989 263757079
======================
   8      48 sdd 4282 0 34220 464348 1258051 4734919 791578744 263851971 0 2362881 264309485
======================
   8      48 sdd 4286 0 34252 465412 1259899 4734928 792742096 264342436 0 2367161 264800999
