162.066
74.485
80.883
78.085
77.387
77.883
78.783
78.682
78.482
79.481
70.984
81.184
81.081
78.382
77.984
78.783
78.185
79.186
79.384
78.983
78.482
78.682
77.684
79.082
79.182
78.882
78.382
80.183
78.682
76.283
75.882
82.781
78.881
78.782
73.989
82.389
79.688
77.888
79.887
79.788
78.688
80.087
78.389
77.588
79.688
76.888
75.783
80.583
80.182
76.683
80.982
78.382
78.482
78.383
74.284
82.685
78.285
79.382
77.883
78.583
75.683
81.881
78.483
79.882
72.885
80.883
79.986
80.783
76.386
83.682
74.483
79.983
82.681
77.382
80.482
72.784
82.386
34.662
